Realization 0:
	ActiveActor 0:
		1 1 1 1 0 1 1 1 0 0 1 1 
	PassiveActor 1:
		MolID 0:
			Count:
				0 1 5 1 1 2 1 0 1 2 1 1 0 0 0 0 0 0 0 0 1 0 0 0 0 0 0 0 0 0 0 0 0 0 0 0 0 0 0 0 0 0 0 0 0 0 0 0 0 0 0 1 0 2 2 4 4 1 0 1 0 0 0 0 1 0 0 0 0 0 0 0 0 0 0 0 0 0 0 0 0 0 0 0 0 0 0 0 0 0 0 0 0 0 0 0 0 0 0 0 0 2 0 1 0 1 0 0 0 1 0 0 0 0 0 0 0 0 0 0 0 0 0 0 0 0 0 0 0 0 0 0 0 0 0 0 0 0 0 0 0 0 0 0 0 0 0 0 0 0 0 0 2 0 2 2 2 0 2 1 0 0 0 0 0 0 0 0 0 0 0 0 0 0 0 0 0 0 0 0 0 0 0 0 0 0 0 0 0 0 0 0 0 0 0 0 0 0 0 0 0 0 0 0 0 0 0 0 0 0 0 0 0 0 0 0 0 0 0 0 0 0 0 0 0 0 0 0 0 0 0 0 0 0 0 0 0 0 0 0 0 0 0 0 0 0 0 0 0 0 0 4 2 1 1 3 0 5 2 2 7 0 0 0 0 0 0 0 0 0 0 0 0 0 0 0 0 0 0 0 0 0 0 0 0 0 0 0 0 0 0 0 0 0 0 0 0 0 0 0 0 0 0 0 0 0 0 0 0 0 0 0 0 0 0 0 0 0 0 0 0 0 0 0 0 0 0 0 0 0 0 0 0 0 0 0 0 0 0 0 0 0 0 0 0 0 0 0 0 0 0 0 0 0 0 0 0 0 0 0 0 0 0 0 0 0 0 0 0 0 0 0 0 0 0 0 0 0 0 0 0 0 0 0 0 0 0 0 0 0 0 0 0 0 0 0 0 0 0 0 0 0 0 0 0 0 0 0 0 0 0 0 0 0 0 0 0 0 0 0 0 0 0 0 0 0 0 0 0 0 0 0 0 0 0 0 0 0 0 0 0 0 0 0 0 0 0 0 0 0 0 0 0 0 0 0 0 0 0 0 0 0 0 0 0 0 0 0 0 0 0 0 0 0 0 0 0 0 0 0 0 0 0 0 0 0 0 0 0 0 0 0 0 0 0 0 0 0 0 0 0 0 0 0 0 0 0 0 0 0 0 0 0 0 0 0 0 0 0 0 0 0 0 0 0 0 0 0 0 0 0 0 0 0 0 0 0 0 0 0 0 0 0 0 0 0 0 0 0 0 0 0 0 0 0 0 0 0 0 0 0 0 0 0 0 0 0 0 0 0 0 0 0 0 0 0 0 0 0 0 0 0 0 0 0 0 0 0 0 0 0 0 0 0 0 0 0 0 0 0 0 0 0 0 0 0 0 0 0 0 0 0 0 0 0 0 0 0 0 0 0 0 0 0 0 0 0 0 0 0 0 0 0 0 0 0 0 0 0 0 0 0 0 0 0 0 0 0 0 0 0 0 0 0 0 0 0 0 0 0 0 0 0 0 0 0 0 0 0 0 0 0 0 0 0 0 0 0 0 0 0 0 0 0 0 0 0 0 0 0 0 0 0 0 0 0 0 0 0 0 0 0 0 0 0 0 0 0 0 0 0 0 0 0 0 0 0 0 0 0 0 0 0 0 0 0 0 0 0 0 0 0 0 0 0 0 0 0 0 0 0 0 0 0 0 0 0 0 0 0 0 0 0 0 0 0 0 0 0 0 0 0 0 0 0 0 0 0 0 0 0 0 0 0 0 0 0 0 0 0 0 0 0 0 0 0 0 0 0 0 0 0 0 0 0 0 0 0 0 0 0 0 0 0 0 0 0 0 0 0 0 0 0 0 0 0 0 0 0 0 0 0 0 0 0 0 0 0 0 0 0 0 0 0 0 0 0 0 0 0 0 0 0 0 0 0 0 0 0 0 0 0 0 0 0 0 0 0 0 0 0 0 0 0 0 0 0 0 0 0 0 0 0 0 0 0 0 0 0 0 0 0 0 0 0 0 0 0 0 0 0 0 0 0 0 0 0 0 0 0 0 0 0 0 0 0 0 0 0 0 0 0 0 0 0 0 0 0 0 0 0 0 0 0 0 0 0 0 0 0 0 0 0 0 0 0 0 0 0 0 0 0 0 0 0 0 0 0 0 0 0 0 0 0 0 0 0 0 0 0 0 0 0 0 0 0 0 0 0 0 0 0 0 0 0 0 0 0 0 0 0 0 0 0 0 0 0 0 0 0 0 0 0 0 0 0 0 0 0 0 
	PassiveActor 2:
		MolID 1:
			Count:
				0 0 0 0 0 2 3 4 5 6 7 7 9 9 9 10 10 13 14 14 14 16 16 17 18 19 20 21 23 24 24 24 24 25 27 28 28 29 30 30 30 30 30 30 30 30 31 31 31 32 33 33 33 33 34 34 34 35 35 35 36 37 39 40 40 41 42 44 44 44 46 47 47 48 50 50 52 52 52 56 56 56 57 58 58 59 60 60 60 60 60 60 60 60 60 61 61 61 61 61 61 62 62 62 62 63 64 64 64 65 65 65 65 66 67 68 70 72 72 73 74 75 76 77 77 77 77 78 78 79 79 81 81 81 81 81 81 81 81 81 81 81 81 81 81 81 81 81 81 81 81 81 82 82 82 82 83 83 83 83 84 86 87 91 92 93 94 96 98 100 100 101 101 101 102 103 104 105 106 107 108 108 108 108 108 108 108 109 110 110 110 112 112 112 112 112 113 113 113 113 113 115 115 115 115 115 115 115 115 115 115 115 115 115 115 115 117 117 117 118 118 118 118 118 118 118 118 118 118 119 119 119 119 121 121 121 121 121 122 122 123 123 124 124 125 125 126 126 126 126 126 126 126 126 127 127 128 130 131 135 136 136 137 138 140 141 142 143 144 145 146 146 147 148 149 149 151 151 151 152 153 154 154 154 154 154 154 155 155 155 156 157 157 157 158 158 158 158 158 158 158 158 158 158 158 158 159 160 160 160 161 161 161 161 161 162 162 162 163 163 163 164 164 164 164 164 164 164 165 165 165 165 165 165 166 166 166 166 167 167 167 167 167 167 168 168 168 168 168 168 169 169 169 169 170 170 170 171 171 171 171 171 171 171 171 171 171 171 171 171 172 173 173 173 173 173 173 173 173 173 173 173 173 173 173 173 173 173 173 173 173 173 173 173 173 173 173 173 173 173 174 174 174 174 174 174 174 174 174 174 174 174 175 175 175 175 175 175 176 176 176 176 176 176 176 176 176 176 176 176 176 176 176 176 176 176 176 176 177 177 177 177 177 177 177 177 177 177 177 177 177 177 177 177 177 177 177 177 177 177 177 177 177 177 177 177 177 177 177 177 177 177 177 177 177 177 177 177 177 177 177 177 177 177 177 177 177 177 177 177 177 177 177 177 177 177 177 177 177 177 177 178 178 178 178 178 178 178 180 180 180 180 180 180 180 180 181 181 181 181 181 181 181 181 181 181 181 181 181 181 181 181 181 181 181 181 181 181 181 181 181 181 181 181 181 181 181 181 181 182 182 182 182 182 182 182 182 182 182 182 182 182 182 182 182 182 182 182 182 182 182 182 182 182 182 182 182 182 182 182 183 183 183 183 183 183 183 183 183 183 183 183 183 183 183 183 183 183 183 183 183 183 183 183 183 183 183 183 183 183 183 183 184 184 184 184 184 184 184 184 184 184 184 184 184 184 184 184 184 184 184 184 184 184 184 184 184 184 184 184 184 184 184 184 184 184 184 184 185 185 185 185 185 185 185 185 185 185 185 185 185 185 185 185 185 185 185 185 185 185 185 185 185 185 185 185 185 186 186 186 186 186 186 186 186 186 187 187 187 187 188 188 188 188 188 188 188 188 188 188 188 188 188 188 188 188 188 188 188 188 188 188 188 188 188 188 188 188 188 188 188 188 188 188 188 188 188 188 188 188 188 188 188 188 188 188 188 188 188 189 189 189 189 189 189 189 189 190 190 190 190 190 190 190 190 190 190 190 190 190 190 190 190 190 190 190 190 190 190 190 190 190 190 190 190 190 190 190 190 190 190 190 190 190 190 190 190 190 190 190 190 190 190 190 190 190 190 190 190 190 190 190 190 190 190 190 190 190 190 190 190 190 190 190 190 190 190 190 190 190 190 190 190 190 190 190 190 190 190 190 190 190 190 190 190 190 190 190 190 190 190 190 190 190 190 190 190 190 190 190 190 190 190 190 190 190 190 190 190 190 190 190 190 190 190 190 190 190 190 190 190 190 190 190 190 190 190 190 190 190 190 190 190 190 190 190 190 190 190 190 190 190 190 190 190 190 190 190 190 190 190 190 190 190 190 190 190 190 190 190 190 190 190 190 190 190 190 190 190 190 190 190 190 190 190 190 190 190 190 190 190 190 190 190 190 190 190 190 190 190 190 191 191 191 191 191 191 191 191 191 191 191 191 191 191 191 191 191 191 191 191 191 191 191 191 191 191 191 191 191 191 191 191 191 191 191 191 191 191 191 191 191 191 191 191 191 191 191 191 191 191 191 191 191 191 191 191 191 191 191 
	PassiveActor 3:
		MolID 0:
			Count:
				0 39 75 119 148 174 214 247 269 309 341 341 339 339 339 338 338 335 334 334 334 332 332 331 330 329 328 327 325 324 324 324 324 323 321 320 320 319 318 318 318 318 318 318 318 318 317 317 317 316 315 346 374 413 442 486 528 559 597 636 670 669 667 666 666 665 664 662 662 662 660 659 659 658 656 656 654 654 654 650 650 650 649 648 648 647 646 646 646 646 646 646 646 646 646 645 645 645 645 645 645 665 670 680 690 704 716 730 744 757 774 774 774 773 772 771 769 767 767 766 765 764 763 762 762 762 762 761 761 760 760 758 758 758 758 758 758 758 758 758 758 758 758 758 758 758 758 758 758 758 758 794 839 868 900 933 977 1012 1048 1092 1122 1120 1119 1115 1114 1113 1112 1110 1108 1106 1106 1105 1105 1105 1104 1103 1102 1101 1100 1099 1098 1098 1098 1098 1098 1098 1098 1097 1096 1096 1096 1094 1094 1094 1094 1094 1093 1093 1093 1093 1093 1091 1091 1091 1091 1091 1091 1091 1091 1091 1091 1091 1091 1091 1091 1091 1089 1089 1089 1088 1088 1088 1088 1088 1088 1088 1088 1088 1088 1087 1087 1087 1087 1085 1085 1085 1085 1085 1084 1084 1083 1083 1082 1082 1081 1081 1080 1080 1080 1080 1080 1120 1160 1196 1235 1273 1298 1338 1384 1406 1443 1443 1442 1441 1439 1438 1437 1436 1435 1434 1433 1433 1432 1431 1430 1430 1428 1428 1428 1427 1426 1425 1425 1425 1425 1425 1425 1424 1424 1424 1423 1422 1422 1422 1421 1421 1421 1421 1421 1421 1421 1421 1421 1421 1421 1421 1420 1419 1419 1419 1418 1418 1418 1418 1418 1417 1417 1417 1416 1416 1416 1415 1415 1415 1415 1415 1415 1415 1414 1414 1414 1414 1414 1414 1413 1413 1413 1413 1412 1412 1412 1412 1412 1412 1411 1411 1411 1411 1411 1411 1410 1410 1410 1410 1409 1409 1409 1408 1408 1408 1408 1408 1408 1408 1408 1408 1408 1408 1408 1408 1407 1406 1406 1406 1406 1406 1406 1406 1406 1406 1406 1406 1406 1406 1406 1406 1406 1406 1406 1406 1406 1406 1406 1406 1406 1406 1406 1406 1406 1406 1405 1405 1405 1405 1405 1405 1405 1405 1405 1405 1405 1405 1404 1404 1404 1404 1404 1404 1403 1403 1403 1403 1403 1403 1403 1403 1403 1403 1403 1403 1403 1403 1403 1403 1403 1403 1403 1403 1402 1402 1402 1402 1402 1402 1402 1402 1402 1402 1402 1402 1402 1402 1402 1402 1402 1402 1402 1402 1402 1402 1402 1402 1402 1402 1402 1402 1402 1402 1402 1402 1402 1402 1402 1402 1402 1402 1402 1402 1402 1402 1402 1402 1402 1402 1402 1402 1402 1402 1402 1402 1402 1402 1402 1402 1402 1402 1402 1402 1402 1402 1402 1401 1401 1401 1401 1401 1401 1401 1399 1399 1399 1399 1399 1399 1399 1399 1398 1398 1398 1398 1398 1398 1398 1398 1398 1398 1398 1398 1398 1398 1398 1398 1398 1398 1398 1398 1398 1398 1398 1398 1398 1398 1398 1398 1398 1398 1398 1398 1398 1397 1397 1397 1397 1397 1397 1397 1397 1397 1397 1397 1397 1397 1397 1397 1397 1397 1397 1397 1397 1397 1397 1397 1397 1397 1397 1397 1397 1397 1397 1397 1396 1396 1396 1396 1396 1396 1396 1396 1396 1396 1396 1396 1396 1396 1396 1396 1396 1396 1396 1396 1396 1396 1396 1396 1396 1396 1396 1396 1396 1396 1396 1396 1395 1395 1395 1395 1395 1395 1395 1395 1395 1395 1395 1395 1395 1395 1395 1395 1395 1395 1395 1395 1395 1395 1395 1395 1395 1395 1395 1395 1395 1395 1395 1395 1395 1395 1395 1395 1394 1394 1394 1394 1394 1394 1394 1394 1394 1394 1394 1394 1394 1394 1394 1394 1394 1394 1394 1394 1394 1394 1394 1394 1394 1394 1394 1394 1394 1393 1393 1393 1393 1393 1393 1393 1393 1393 1392 1392 1392 1392 1391 1391 1391 1391 1391 1391 1391 1391 1391 1391 1391 1391 1391 1391 1391 1391 1391 1391 1391 1391 1391 1391 1391 1391 1391 1391 1391 1391 1391 1391 1391 1391 1391 1391 1391 1391 1391 1391 1391 1391 1391 1391 1391 1391 1391 1391 1391 1391 1391 1390 1390 1390 1390 1390 1390 1390 1390 1389 1389 1389 1389 1389 1389 1389 1389 1389 1389 1389 1389 1389 1389 1389 1389 1389 1389 1389 1389 1389 1389 1389 1389 1389 1389 1389 1389 1389 1389 1389 1389 1389 1389 1389 1389 1389 1389 1389 1389 1389 1389 1389 1389 1389 1389 1389 1389 1389 1389 1389 1389 1389 1389 1389 1389 1389 1389 1389 1389 1389 1389 1389 1389 1389 1389 1389 1389 1389 1389 1389 1389 1389 1389 1389 1389 1389 1389 1389 1389 1389 1389 1389 1389 1389 1389 1389 1389 1389 1389 1389 1389 1389 1389 1389 1389 1389 1389 1389 1389 1389 1389 1389 1389 1389 1389 1389 1389 1389 1389 1389 1389 1389 1389 1389 1389 1389 1389 1389 1389 1389 1389 1389 1389 1389 1389 1389 1389 1389 1389 1389 1389 1389 1389 1389 1389 1389 1389 1389 1389 1389 1389 1389 1389 1389 1389 1389 1389 1389 1389 1389 1389 1389 1389 1389 1389 1389 1389 1389 1389 1389 1389 1389 1389 1389 1389 1389 1389 1389 1389 1389 1389 1389 1389 1389 1389 1389 1389 1389 1389 1389 1389 1389 1389 1389 1389 1389 1389 1389 1389 1389 1389 1389 1389 1388 1388 1388 1388 1388 1388 1388 1388 1388 1388 1388 1388 1388 1388 1388 1388 1388 1388 1388 1388 1388 1388 1388 1388 1388 1388 1388 1388 1388 1388 1388 1388 1388 1388 1388 1388 1388 1388 1388 1388 1388 1388 1388 1388 1388 1388 1388 1388 1388 1388 1388 1388 1388 1388 1388 1388 1388 1388 1388 

