Realization 0:
	ActiveActor 0:
		1 1 0 1 0 1 0 1 1 0 1 1 
	PassiveActor 1:
		MolID 0:
			Count:
				0 0 0 0 0 0 0 0 0 0 0 0 0 0 0 0 0 0 0 0 0 0 0 0 0 0 0 0 0 0 0 0 0 0 0 0 0 0 0 0 0 0 0 0 0 0 0 0 0 0 0 0 0 0 0 0 0 0 0 0 0 0 0 0 0 0 0 0 0 0 0 0 0 0 0 0 0 0 0 0 0 0 0 0 0 0 0 0 0 0 0 0 0 0 0 0 0 0 0 0 0 0 0 0 0 0 0 0 0 0 0 0 0 0 0 0 0 0 0 0 0 0 0 0 0 0 0 0 0 0 0 0 0 0 0 0 0 0 0 0 0 0 0 0 0 0 0 0 0 0 0 0 0 0 0 0 0 0 0 0 0 0 0 0 0 0 0 0 0 0 0 0 0 0 0 0 0 0 0 0 0 0 0 0 0 0 0 0 0 0 0 0 0 0 0 0 0 0 0 0 0 0 0 0 0 0 0 0 0 0 0 0 0 0 0 0 0 0 0 0 0 0 0 0 0 0 0 0 0 0 0 0 0 0 0 0 0 0 0 0 0 0 0 0 0 0 0 0 0 0 0 0 0 0 0 0 0 0 0 0 0 0 0 0 0 0 0 0 0 0 0 0 0 0 0 0 0 0 0 0 0 0 0 0 0 0 0 0 0 0 0 0 0 0 0 0 0 0 0 0 0 0 0 0 0 0 0 0 0 0 0 0 0 0 0 0 0 0 0 0 0 0 0 0 0 0 0 0 0 0 0 0 0 0 0 0 0 0 0 0 0 0 0 0 0 0 0 0 0 0 0 0 0 0 0 0 0 0 0 0 0 0 0 0 0 0 0 0 0 0 0 0 0 0 0 0 0 0 0 0 0 0 0 0 0 0 0 0 0 0 0 0 0 0 0 0 0 0 0 0 0 0 0 0 0 0 0 0 0 0 0 0 0 0 0 0 0 0 0 0 0 0 0 0 0 0 0 0 0 0 0 0 0 0 0 0 0 0 0 0 0 0 0 0 0 0 0 0 0 0 0 0 0 0 0 0 0 0 0 0 0 0 0 0 0 0 0 0 0 0 0 0 0 0 0 0 0 0 0 0 0 0 0 0 0 0 0 0 0 0 0 0 0 0 0 0 0 0 0 0 
	PassiveActor 2:
		MolID 1:
			Count:
				0 0 0 0 0 0 0 1 1 1 1 1 1 1 1 1 1 1 1 1 1 1 1 1 1 1 1 1 1 1 1 1 1 1 1 1 1 1 1 1 1 1 1 1 1 1 1 1 1 1 1 1 1 1 1 1 1 1 1 1 1 1 1 1 1 1 1 1 1 1 1 1 1 1 1 1 1 1 1 1 1 1 1 1 1 1 1 1 1 1 1 1 1 1 1 1 1 1 1 1 1 1 1 1 1 1 1 1 1 1 1 1 1 1 1 1 1 1 1 1 1 1 1 1 1 1 1 1 1 1 1 1 1 1 1 1 1 1 1 1 1 1 1 1 1 1 1 1 1 1 1 1 1 1 1 1 1 1 1 1 1 1 1 1 1 1 1 1 1 1 1 1 1 1 1 1 1 1 1 1 1 1 1 1 1 1 1 1 1 1 1 1 1 1 1 1 1 1 1 1 1 1 1 1 1 1 1 1 1 1 1 1 1 1 1 1 1 1 1 1 1 1 1 1 1 1 1 1 1 1 1 1 1 1 1 1 1 1 1 1 1 1 1 1 1 1 1 1 1 1 1 1 1 1 1 1 1 1 1 1 1 1 1 1 1 1 1 1 1 1 1 1 1 1 1 1 1 1 1 1 1 1 1 1 1 1 1 1 1 1 1 1 1 1 1 1 1 1 1 1 1 1 1 1 1 1 1 1 1 1 1 1 1 1 1 1 1 1 1 1 1 1 1 1 1 1 1 1 1 1 1 1 1 1 1 1 1 1 1 1 1 1 1 1 1 1 1 1 1 1 1 1 1 1 1 1 1 1 1 1 1 1 1 1 1 1 1 1 1 1 1 1 1 1 1 1 1 1 1 1 1 1 1 1 1 1 1 1 1 1 1 1 1 1 1 1 1 1 1 1 1 1 1 1 1 1 1 1 1 1 1 1 1 1 1 1 1 1 1 1 1 1 1 1 1 1 1 1 1 1 1 1 1 1 1 1 1 1 1 1 1 1 1 1 1 1 1 1 1 1 1 1 1 1 1 1 1 1 1 1 1 1 1 1 1 1 1 1 1 1 1 1 1 1 1 1 1 1 1 1 1 1 1 1 1 1 1 1 1 1 1 1 1 1 1 1 1 1 1 1 
	PassiveActor 3:
		MolID 0:
			Count:
				0 39 75 119 148 176 217 250 286 333 376 376 376 376 376 376 376 376 376 376 376 376 376 376 376 376 376 376 376 376 376 376 376 376 376 376 376 376 376 376 376 376 376 376 376 376 376 376 376 376 376 390 402 417 426 433 450 460 468 477 497 497 497 497 497 497 497 497 497 497 497 497 497 497 497 497 497 497 497 497 497 497 497 497 497 497 497 497 497 497 497 497 497 497 497 497 497 497 497 497 497 509 515 527 540 549 564 580 597 610 626 626 626 626 626 626 626 626 626 626 626 626 626 626 626 626 626 626 626 626 626 626 626 626 626 626 626 626 626 626 626 626 626 626 626 626 626 626 626 626 626 641 655 661 670 679 694 707 723 734 747 747 747 747 747 747 747 747 747 747 747 747 747 747 747 747 747 747 747 747 747 747 747 747 747 747 747 747 747 747 747 747 747 747 747 747 747 747 747 747 747 768 804 824 852 872 894 918 930 950 979 979 979 979 979 979 979 979 979 979 979 979 979 979 979 979 979 979 979 979 979 979 979 979 979 979 979 979 979 979 979 979 979 979 979 979 979 979 979 979 979 1013 1052 1084 1123 1157 1203 1248 1276 1318 1355 1355 1355 1355 1355 1355 1355 1355 1355 1355 1355 1355 1355 1355 1355 1355 1355 1355 1355 1355 1355 1355 1355 1355 1355 1355 1355 1355 1355 1355 1355 1355 1355 1355 1355 1355 1355 1355 1355 1355 1355 1355 1355 1355 1355 1355 1355 1355 1355 1355 1355 1355 1355 1355 1355 1355 1355 1355 1355 1355 1355 1355 1355 1355 1355 1355 1355 1355 1355 1355 1355 1355 1355 1355 1355 1355 1355 1355 1355 1355 1355 1355 1355 1355 1355 1355 1355 1355 1355 1355 1355 1355 1355 1355 1355 1355 1355 1355 1355 1355 1355 1355 1355 1355 1355 1355 1355 1355 1355 1355 1355 1355 1355 1355 1355 1355 1355 1355 1355 1355 1355 1355 1355 1355 1355 1355 1355 1355 1355 1355 1355 1355 1355 1355 1355 1355 1355 1355 1355 1355 1355 1355 1355 1355 1355 1355 1355 1355 1355 1355 1355 1355 1355 1355 1355 1355 1355 1355 1355 1355 1355 1355 1355 1355 1355 1355 1355 1355 1355 1355 1355 1355 1355 1355 1355 1355 1355 1355 1355 1355 1355 1355 1355 1355 1355 1355 1355 1355 1355 1355 1355 1355 1355 1355 1355 1355 1355 1355 1355 1355 1355 1355 1355 1355 1355 1355 1355 1355 1355 1355 1355 1355 1355 1355 1355 1355 1355 1355 1355 1355 1355 1355 1355 1355 1355 1355 1355 1355 1355 1355 1355 1355 1355 1355 1355 1355 1355 1355 1355 1355 

