Realization 0:
	ActiveActor 0:
		1 1 0 1 0 1 0 1 1 0 1 1 
	PassiveActor 1:
		MolID 0:
			Count:
				0 0 0 0 0 0 0 0 0 0 0 0 0 0 0 0 0 0 0 0 0 0 0 0 0 0 0 0 0 0 0 0 0 0 0 0 0 0 0 0 0 0 0 0 0 0 0 0 0 0 0 0 0 0 0 0 0 0 0 0 0 0 0 0 0 0 0 0 0 0 0 0 0 0 0 0 0 0 0 0 0 0 0 0 0 0 0 0 0 0 0 0 0 0 0 0 0 0 0 0 0 0 0 0 0 0 0 0 0 0 0 0 0 0 0 0 0 0 0 0 0 0 0 0 0 0 0 0 0 0 0 0 0 0 0 0 0 0 0 0 0 0 0 0 0 0 0 0 0 0 0 0 0 0 0 0 0 0 0 0 0 0 0 0 0 0 0 0 0 0 0 0 0 0 0 0 0 0 0 0 0 0 0 0 0 0 0 0 0 0 0 0 0 0 0 0 0 0 0 0 0 0 0 0 0 0 0 0 0 0 0 0 0 0 0 0 0 0 0 0 0 0 0 0 0 0 0 0 0 0 0 0 0 0 0 0 0 0 0 0 0 0 0 0 0 0 0 0 0 0 0 0 0 0 0 0 0 0 0 0 0 0 0 0 0 0 0 0 0 0 0 0 0 0 0 0 0 0 0 0 0 0 0 0 0 0 0 0 0 0 0 0 0 0 0 0 0 0 0 0 0 0 0 0 0 0 0 0 0 0 0 0 0 0 0 0 0 0 0 0 0 0 0 0 0 0 0 0 0 0 0 0 0 0 0 0 0 0 0 0 0 0 0 0 0 0 0 0 0 0 0 0 0 0 0 0 0 0 0 0 0 0 0 0 0 0 0 0 0 0 0 0 0 0 0 0 0 0 0 0 0 0 0 0 0 0 0 0 0 0 0 0 0 0 0 0 0 0 0 0 0 0 0 0 0 0 0 0 0 0 0 0 0 0 0 0 0 0 0 0 0 0 0 0 0 0 0 0 0 0 0 0 0 0 0 0 0 0 0 0 0 0 0 0 0 0 0 0 0 0 0 0 0 0 0 0 0 0 0 0 0 0 0 0 0 0 0 0 0 0 0 0 0 0 0 0 0 0 0 0 0 0 0 0 0 0 0 0 0 0 0 0 0 0 0 0 0 0 0 0 
	PassiveActor 2:
		MolID 1:
			Count:
				0 0 0 0 0 0 0 0 0 1 1 1 1 1 1 1 1 1 1 1 1 1 1 1 1 1 1 1 1 1 1 1 1 1 1 1 1 1 1 1 1 1 1 1 1 1 1 1 1 1 1 1 1 1 1 1 1 1 1 1 1 1 1 1 1 1 1 1 1 1 1 1 1 1 1 1 1 1 1 1 1 1 1 1 1 1 1 1 1 1 1 1 1 1 1 1 1 1 1 1 1 1 1 1 1 1 1 1 1 1 1 1 1 1 1 1 1 1 1 1 1 1 1 1 1 1 1 1 1 1 1 1 1 1 1 1 1 1 1 1 1 1 1 1 1 1 1 1 1 1 1 1 1 1 1 1 1 1 1 1 1 1 1 1 1 1 1 1 1 1 1 1 1 1 1 1 1 1 1 1 1 1 1 1 1 1 1 1 1 1 1 1 1 1 1 1 1 1 1 1 1 1 1 2 2 2 2 2 3 3 3 3 3 3 3 3 3 3 3 3 3 3 3 3 3 3 3 3 3 3 3 3 3 3 3 3 3 3 3 3 3 3 3 3 3 3 3 3 3 3 3 3 3 3 3 3 3 3 3 3 3 3 3 3 3 3 3 3 3 3 3 3 3 3 3 3 3 3 3 3 3 3 3 3 3 3 3 3 3 3 3 3 3 3 3 3 3 3 3 3 3 3 3 3 3 3 3 3 3 3 3 3 3 3 3 3 3 3 3 3 3 3 3 3 3 3 3 3 3 3 3 3 3 3 3 3 3 3 3 3 3 3 3 3 3 3 3 3 3 3 3 3 3 3 3 3 3 3 3 3 3 3 3 3 3 3 3 3 3 3 3 3 3 3 3 3 3 3 3 3 3 3 3 3 3 3 3 3 3 3 3 3 3 3 3 3 3 3 3 3 3 3 3 3 3 3 3 3 3 3 3 3 3 3 3 3 3 3 3 3 3 3 3 3 3 3 3 3 3 3 3 3 3 3 3 3 3 3 3 3 3 3 3 3 3 3 3 3 3 3 3 3 3 3 3 3 3 3 3 3 3 3 3 3 3 3 3 3 3 3 3 3 3 3 3 3 3 3 3 3 3 3 3 3 3 3 3 3 3 3 2 2 2 2 2 2 2 2 2 2 
	PassiveActor 3:
		MolID 0:
			Count:
				0 39 75 119 148 176 217 251 288 316 343 343 343 343 343 343 343 343 343 343 343 343 343 343 343 343 343 343 343 343 343 343 343 343 343 343 343 343 343 343 343 343 343 343 343 343 343 343 343 343 343 355 367 382 393 402 416 427 441 446 460 460 460 460 460 460 460 460 460 460 460 460 460 460 460 460 460 460 460 460 460 460 460 460 460 460 460 460 460 460 460 460 460 460 460 460 460 460 460 460 460 472 488 494 508 520 532 540 555 571 581 581 581 581 581 581 581 581 581 581 581 581 581 581 581 581 581 581 581 581 581 581 581 581 581 581 581 581 581 581 581 581 581 581 581 581 581 581 581 581 581 597 615 624 640 651 663 674 685 698 708 708 708 708 708 708 708 708 708 708 708 708 708 708 708 708 708 708 708 708 708 708 708 708 708 708 708 708 708 708 708 708 708 708 708 708 708 708 708 708 708 738 758 782 812 834 851 875 900 926 955 955 955 955 955 955 955 955 955 955 955 955 955 955 955 955 955 955 955 955 955 955 955 955 955 955 955 955 955 955 955 955 955 955 955 955 955 955 955 955 955 990 1021 1050 1087 1126 1160 1202 1232 1264 1303 1303 1303 1303 1303 1303 1303 1303 1303 1303 1303 1303 1303 1303 1303 1303 1303 1303 1303 1303 1303 1303 1303 1303 1303 1303 1303 1303 1303 1303 1303 1303 1303 1303 1303 1303 1303 1303 1303 1303 1303 1303 1303 1303 1303 1303 1303 1303 1303 1303 1303 1303 1303 1303 1303 1303 1303 1303 1303 1303 1303 1303 1303 1303 1303 1303 1303 1303 1303 1303 1303 1303 1303 1303 1303 1303 1303 1303 1303 1303 1303 1303 1303 1303 1303 1303 1303 1303 1303 1303 1303 1303 1303 1303 1303 1303 1303 1303 1303 1303 1303 1303 1303 1303 1303 1303 1303 1303 1303 1303 1303 1303 1303 1303 1303 1303 1303 1303 1303 1303 1303 1303 1303 1303 1303 1303 1303 1303 1303 1303 1303 1303 1303 1303 1303 1303 1303 1303 1303 1303 1303 1303 1303 1303 1303 1303 1303 1303 1303 1303 1303 1303 1303 1303 1303 1303 1303 1303 1303 1303 1303 1303 1303 1303 1303 1303 1303 1303 1303 1303 1303 1303 1303 1303 1303 1303 1303 1303 1303 1303 1303 1303 1303 1303 1303 1303 1303 1303 1303 1303 1303 1303 1303 1303 1303 1303 1303 1303 1303 1303 1303 1303 1303 1303 1303 1303 1303 1303 1303 1303 1303 1303 1303 1303 1303 1303 1303 1303 1303 1303 1303 1303 1303 1303 1303 1303 1303 1303 1303 1303 1304 1304 1304 1304 1304 1304 1304 1304 1304 1304 

