Realization 0:
	ActiveActor 0:
		1 1 0 1 0 1 0 1 1 0 1 1 
	PassiveActor 1:
		MolID 1:
			Count:
				0 0 0 0 0 0 0 0 0 0 0 0 0 0 0 0 0 0 0 0 0 0 0 0 0 0 0 0 0 0 0 0 0 0 0 1 1 3 3 3 3 3 3 3 3 4 6 8 8 8 8 9 9 9 9 10 11 12 14 16 18 18 19 19 21 24 24 25 26 26 26 27 30 30 31 32 35 35 35 35 38 41 44 46 49 53 54 55 55 55 55 58 58 62 63 67 68 73 74 76 76 78 78 79 79 79 82 83 83 84 85 87 88 89 90 91 94 95 97 98 98 98 100 104 107 107 108 112 113 113 115 115 117 117 117 118 119 123 124 124 128 131 132 135 137 139 143 145 147 148 152 152 153 154 157 160 164 165 169 171 173 177 178 179 180 182 184 186 186 187 191 193 194 197 200 202 204 208 210 210 212 215 216 217 218 221 225 231 235 237 237 239 241 244 244 244 244 244 243 248 247 250 252 252 253 255 256 259 260 262 265 265 268 269 270 270 271 274 273 277 279 279 279 279 281 283 285 287 291 291 293 293 293 294 297 300 301 302 305 305 308 308 309 311 314 318 322 324 325 325 329 331 334 336 337 338 340 341 341 341 343 343 345 344 345 349 349 349 349 349 349 349 353 352 353 356 357 359 360 360 361 364 364 364 366 370 370 372 373 375 375 377 378 377 379 379 379 380 381 383 
	PassiveActor 2:
		MolID 0:
			Count:
				0 288 583 875 1183 1477 1755 2033 2301 2599 2900 3196 3491 3779 4078 4375 4687 4995 5304 5591 5901 5988 6081 6171 6276 6376 6500 6601 6702 6792 6879 6987 7094 7197 7294 7387 7500 7586 7694 7795 7882 7975 8068 8155 8259 8346 8437 8549 8657 8771 8865 8966 9056 9138 9242 9344 9432 9550 9648 9742 9843 9948 10058 10162 10277 10385 10489 10593 10699 10799 10904 11012 11133 11237 11338 11425 11521 11620 11710 11823 11910 12095 12270 12464 12645 12860 13067 13298 13507 13734 13930 14119 14293 14473 14685 14851 15054 15241 15424 15606 15787 16068 16374 16688 17011 17328 17622 17946 18231 18545 18851 19167 19443 19749 20043 20341 20621 20912 21210 21499 21782 21782 21780 21776 21773 21773 21772 21768 21767 21767 21765 21765 21763 21763 21763 21762 21761 21757 21756 21756 21752 21749 21748 21745 21743 21741 21737 21735 21733 21732 21728 21728 21727 21726 21723 21720 21716 21715 21711 21709 21707 21703 21702 21701 21700 21698 21696 21694 21694 21693 21689 21687 21686 21683 21680 21678 21676 21672 21670 21670 21668 21665 21664 21663 21662 21659 21655 21649 21645 21643 21643 21641 21639 21636 21636 21636 21636 21636 21637 21632 21633 21630 21628 21628 21627 21625 21624 21621 21620 21618 21615 21615 21612 21611 21610 21610 21609 21606 21607 21603 21601 21601 21601 21601 21599 21597 21595 21593 21589 21589 21587 21587 21587 21586 21583 21580 21579 21578 21575 21575 21572 21572 21571 21569 21566 21562 21558 21556 21555 21555 21551 21549 21546 21544 21543 21542 21540 21539 21539 21539 21537 21537 21535 21536 21535 21531 21531 21531 21531 21531 21531 21531 21527 21528 21527 21524 21523 21521 21520 21520 21519 21516 21516 21516 21514 21510 21510 21508 21507 21505 21505 21503 21502 21503 21501 21501 21501 21500 21499 21497 

