Realization 0:
	ActiveActor 0:
		1 1 0 1 0 1 0 1 1 0 1 1 
	PassiveActor 1:
		MolID 1:
			Count:
				0 0 0 0 0 0 0 0 0 0 0 0 0 0 0 0 0 0 0 0 0 0 0 0 0 0 0 0 0 0 0 0 0 0 0 0 0 0 0 0 0 0 0 0 0 0 0 0 0 0 0 0 0 0 0 0 0 0 0 0 0 0 0 0 0 0 0 0 0 0 0 0 0 0 0 0 0 0 0 0 0 0 0 0 0 0 0 0 0 0 0 0 1 1 1 1 1 1 1 1 1 1 1 1 1 1 1 1 1 1 1 1 1 1 1 1 1 1 1 1 1 1 1 1 1 1 1 1 1 1 1 1 1 1 1 1 1 1 1 1 2 2 2 2 2 4 4 4 5 5 5 5 5 5 5 5 5 5 5 5 5 5 5 5 5 6 6 6 7 7 7 8 8 8 8 8 8 9 9 9 9 9 9 10 10 10 10 10 10 10 11 12 12 12 12 12 12 12 12 13 14 14 14 14 14 14 14 15 15 15 15 15 15 15 17 18 18 18 19 20 21 21 21 21 21 21 21 24 24 24 24 25 27 28 28 28 28 28 28 28 28 29 29 29 29 29 30 30 31 31 31 31 31 31 32 32 32 32 32 32 33 33 33 34 34 35 34 34 34 34 34 34 34 34 35 35 35 34 35 36 36 36 37 37 38 38 38 38 38 38 39 39 40 40 40 41 41 42 43 43 
	PassiveActor 2:
		MolID 0:
			Count:
				0 288 583 875 1183 1477 1755 2033 2301 2599 2900 3196 3491 3779 4078 4375 4687 4995 5304 5591 5901 5988 6081 6171 6276 6376 6500 6601 6702 6792 6879 6987 7094 7197 7294 7393 7508 7605 7703 7796 7898 8006 8129 8210 8294 8390 8496 8597 8699 8798 8890 8989 9072 9164 9261 9361 9450 9541 9649 9756 9845 9929 10036 10131 10226 10335 10443 10545 10659 10769 10869 10970 11080 11159 11253 11360 11472 11572 11684 11794 11873 12065 12277 12493 12688 12880 13112 13311 13497 13678 13868 14069 14269 14476 14670 14865 15070 15271 15449 15652 15875 16174 16498 16803 17094 17415 17734 18032 18291 18575 18855 19178 19449 19749 20068 20361 20684 21024 21321 21595 21902 21902 21902 21902 21902 21902 21902 21902 21902 21902 21902 21902 21902 21902 21902 21902 21902 21902 21902 21902 21901 21901 21901 21901 21901 21899 21899 21899 21898 21898 21898 21898 21898 21898 21898 21898 21898 21898 21898 21898 21898 21898 21898 21898 21898 21897 21897 21897 21896 21896 21896 21895 21895 21895 21895 21895 21895 21894 21894 21894 21894 21894 21894 21893 21893 21893 21893 21893 21893 21893 21892 21891 21891 21891 21891 21891 21891 21891 21891 21890 21889 21889 21889 21889 21889 21889 21889 21888 21888 21888 21888 21888 21888 21888 21886 21885 21885 21885 21884 21883 21882 21882 21882 21882 21882 21882 21882 21879 21879 21879 21879 21878 21876 21875 21875 21875 21875 21875 21875 21875 21875 21874 21874 21874 21874 21874 21873 21873 21872 21872 21872 21872 21872 21872 21871 21871 21871 21871 21871 21871 21870 21870 21870 21869 21869 21868 21869 21869 21869 21869 21869 21869 21869 21869 21868 21868 21868 21869 21868 21867 21867 21867 21866 21866 21865 21865 21865 21865 21865 21865 21864 21864 21863 21863 21863 21862 21862 21861 21860 21860 

