Realization 0:
	ActiveActor 0:
		0 0 1 0 0 0 0 1 0 1 0 0 0 0 0 1 0 0 1 0 0 1 0 0 0 1 0 0 0 0 1 0 
	PassiveActor 1:
		MolID 0:
			Count:
				0 0 0 0 0 0 0 0 0 0 0 0 0 0 0 0 0 0 0 0 0 0 0 0 0 0 0 0 0 0 0 0 0 0 0 0 0 0 0 0 0 0 0 0 0 0 0 0 0 0 0 0 0 0 0 0 0 0 0 0 0 0 0 0 0 0 0 0 0 0 0 0 0 0 0 0 0 0 0 0 0 0 0 0 0 0 0 0 0 0 0 0 0 0 0 0 0 0 0 0 0 0 0 0 0 0 0 0 0 0 0 0 0 0 0 0 0 0 0 0 0 0 0 0 0 0 0 0 0 0 0 0 0 0 0 0 0 0 0 0 0 0 0 0 0 0 0 0 0 0 0 0 0 0 0 0 0 0 0 0 0 0 0 0 0 0 0 0 0 0 0 0 0 0 0 0 0 0 0 0 0 0 0 0 0 0 0 0 0 0 0 0 0 0 0 0 0 0 0 0 0 0 0 0 0 0 0 0 0 0 0 0 0 0 0 0 0 0 0 0 0 0 0 0 0 0 0 0 0 0 0 0 0 0 0 0 0 0 0 0 0 0 0 0 0 0 0 0 0 0 0 0 0 0 0 0 0 0 0 0 0 0 0 0 0 0 0 0 0 0 0 0 0 0 0 0 0 0 0 0 0 0 0 0 0 0 0 0 0 0 0 0 0 0 0 0 0 0 0 0 0 3039 23070 41160 53009 60946 65226 67224 67805 67538 66435 64967 63144 61185 58946 57371 55190 53256 51392 49339 47548 46197 44553 42944 41392 40174 38701 37365 35950 34869 33852 32768 32047 30953 30050 29174 28189 27440 26653 25759 25207 24531 23884 23307 22772 22310 21793 21150 20498 20157 19638 19304 19033 18552 18193 17723 17305 16912 16384 16072 16018 15694 15395 15116 14705 14462 14282 13988 13536 13345 13171 12914 12658 12428 12180 11935 11889 11605 11558 11369 11184 10978 10845 10612 10577 10347 10162 9935 9794 9739 9549 9363 9311 9205 9148 8858 8719 8621 8458 8436 8309 8345 8261 8124 7903 7817 7664 7500 7553 7396 7291 7272 7080 6999 6999 6958 6860 6715 6640 6566 6531 6531 6459 6320 6266 6243 6171 6127 6021 5926 5905 5827 5752 5724 5649 5599 5506 5474 5410 5370 5319 5253 5185 5077 5163 5031 4973 4960 4825 4805 4769 4735 4693 4669 4653 4579 4584 4602 4557 4495 4502 4426 4290 4273 4211 4307 4218 4159 4143 4191 4117 4056 4070 3979 3935 3879 3861 3799 3773 3787 3773 3696 3663 3630 3683 3649 3634 3576 3554 3512 3508 3499 3483 3411 3423 3374 3337 3289 3276 3237 3229 3294 3229 3231 3128 3087 3094 3099 3116 3053 3038 3086 3003 3001 2988 3009 2949 2925 2939 2922 2874 2857 2816 2833 2733 2735 2707 2709 2647 2655 2716 2667 2716 2680 2607 2589 2640 2627 2571 2551 2502 2483 2463 2446 2371 2372 2402 2319 2331 2332 2332 2401 2310 2293 2276 2254 2262 2238 2260 2226 2177 2175 2158 2155 2162 2177 2139 2114 2099 2146 2097 2034 2074 2074 2063 2035 2015 2020 2104 2038 2032 2032 2034 1984 1930 1898 1855 1863 1859 1867 1892 1937 1944 1902 1862 1813 1838 1843 1893 1829 1814 1798 1822 1796 1809 1794 1731 1753 1766 1766 1743 1772 1777 1731 1661 1659 1700 1690 1680 1655 1655 1669 1631 1657 1696 1632 1615 1603 1584 1574 1571 1564 1565 1550 1586 1498 1506 1490 1432 1434 1465 1500 1482 1497 1455 1431 1463 1427 1396 1452 1421 1428 1439 1406 1362 1408 1424 1384 1381 1305 1339 1365 1365 1390 1350 1375 1375 1379 1357 1375 1350 1311 1312 1288 1300 1278 1310 1297 1284 1300 1313 1277 1280 1253 1255 1241 1279 1246 1207 1226 1230 1227 1243 1219 1227 1206 1193 1178 1232 1167 1198 1136 1194 1195 1213 1221 1195 1173 1184 1192 1173 1123 1131 1142 1129 1161 1154 1156 1152 1113 1161 1187 1164 1156 1118 1152 1145 1121 1099 1128 1100 1129 1137 1134 1147 1156 1180 1164 1154 1141 1094 1100 1106 1083 1044 1022 1091 1081 1034 1040 1062 1041 1046 1011 1030 1056 1049 1052 1051 1076 1053 979 988 1003 973 952 984 940 922 921 903 913 901 902 948 957 920 951 917 932 930 932 912 884 861 906 862 875 879 862 875 880 881 916 906 868 866 882 915 878 855 841 826 812 853 827 855 856 872 839 855 845 825 823 811 822 829 823 846 804 831 857 838 829 775 825 815 806 803 791 768 759 766 740 774 790 758 749 768 755 744 742 762 738 777 778 759 757 731 743 749 693 746 738 731 751 754 758 758 710 698 746 720 698 706 674 680 690 667 707 686 670 698 720 688 715 698 687 673 665 679 681 680 680 704 736 700 666 708 672 681 672 671 630 635 660 677 682 660 648 660 663 673 676 704 676 702 688 698 702 692 635 653 646 674 674 656 604 642 633 609 618 619 594 601 605 632 634 621 623 633 633 609 608 593 593 615 643 645 647 627 614 616 606 596 622 628 615 589 569 556 526 531 543 557 575 592 601 633 611 610 578 585 576 570 578 555 568 530 536 540 535 494 525 524 527 546 545 536 538 563 519 508 518 522 537 547 533 533 537 548 539 526 523 553 547 532 538 533 548 537 524 519 523 526 552 559 524 540 519 537 541 504 484 490 493 529 497 500 499 495 509 507 481 468 469 503 505 490 490 470 476 476 482 466 485 509 469 510 498 488 498 484 473 477 468 470 480 457 468 462 3478 23413 41783 53839 61121 65551 67691 68518 67808 66692 65224 63480 61687 59687 57586 55591 53490 51745 49646 48047 46269 44635 43468 41725 40427 38871 37899 36652 35437 34501 33424 32495 31556 30577 29505 28819 28003 27439 26505 25919 25306 24578 24055 23197 22597 22250 21797 21423 20832 20260 20037 19607 18965 18542 18281 17834 17439 16986 16827 16231 16173 15790 15387 15113 14710 14488 14330 14163 13808 13532 13277 13230 13035 12733 12618 12405 12240 11994 11742 11469 11377 11164 10994 10796 10744 10543 10339 10196 10113 9916 9791 9649 9559 9418 9303 9148 9034 8965 8950 8819 8637 8596 8449 8373 8279 8249 8167 7982 7973 7784 7647 7634 7583 7455 7416 7286 7223 7098 6988 6900 6880 6789 6746 6661 6604 6519 6533 6332 6404 6190 6170 6121 6006 5951 5868 5845 5831 5882 5701 5695 5713 5636 5495 5430 5428 5370 5249 5201 5150 5122 5179 5144 5127 5058 5057 4923 4924 4950 4822 4852 4775 4801 4664 4625 4601 4570 4488 4507 4434 4447 4372 4309 4308 4265 4237 4211 4195 4151 4181 4117 4039 3929 3991 3891 3847 3868 3824 3819 3783 3708 3754 3703 3636 3642 3653 3666 3646 3629 3507 3502 3485 3480 3489 3442 3439 3352 3330 3289 3207 3323 3284 3291 3256 3265 3259 3225 3103 3101 3073 3052 3041 3032 2999 2945 2978 3073 2998 2986 2826 2821 2843 2847 2831 2787 2795 2807 2790 2807 2806 2760 2794 2805 2773 2744 2770 2715 2717 2741 2736 2650 2609 2563 2541 2545 2572 2539 2503 2571 2542 2499 2498 2514 2458 2504 2487 2434 2452 2388 2358 2360 2410 2400 2407 2386 2342 2337 2357 2360 2314 2289 2305 2272 2296 2294 2337 2247 2225 2251 2251 2177 2130 2174 2082 2108 2102 2117 2093 2073 2060 2061 5016 25007 43295 55462 62735 66948 69124 69583 69251 68025 66510 64838 62961 60861 58925 56942 55363 53670 51624 49646 48030 46260 44752 43216 42216 40527 39116 37917 36609 35454 34543 33360 32413 31732 30809 30280 29233 28369 27834 27119 26658 25976 25248 24613 24110 23556 23180 22510 22139 21385 21098 20692 20392 19820 19620 19183 18829 18200 17927 17557 17328 17128 16762 16421 16179 15884 15643 15312 14962 14636 14676 14315 14152 13908 13799 13660 13554 13246 12895 12676 12522 12354 12041 12111 11953 11763 11716 11563 11477 11207 11129 11117 10816 10530 10414 10313 10154 10123 9948 9812 9718 9633 9361 9276 9162 9098 9074 8847 8878 8800 8692 8483 8331 8219 8188 8068 8045 8023 7990 7935 7865 7748 7623 7644 7587 7440 7475 7386 7274 7202 7172 7094 7087 6962 6758 6868 6854 6691 6608 6511 6401 6412 6379 6432 6459 6341 6186 6144 6108 6062 6146 6052 6027 5963 5869 5772 5697 5710 5646 5594 5471 5531 5344 5389 5380 5363 5331 5400 5250 5216 5207 5095 5045 5051 5087 5025 5011 4975 4884 4840 4935 4800 4699 4802 4802 4762 4684 4611 4649 4580 4525 4507 4526 4451 4423 4418 4325 4276 4282 4347 4255 4304 4268 4137 4182 4160 4107 4130 4234 4173 4139 4115 4047 4051 3939 3979 3887 3954 3902 3901 3835 3816 3789 3734 3774 3722 3705 3626 3622 3649 3659 3624 3574 3530 3545 3587 3551 3525 3598 3532 3441 3477 3496 3475 3499 3424 3329 3286 3262 3231 3239 3286 3261 3225 3254 3264 3233 3251 3249 3220 3231 3185 3124 3171 3186 3127 3123 3054 3063 3050 3095 2973 2980 2972 2979 2925 2842 2838 2843 2891 2826 2830 2852 2787 2814 2771 2720 2748 2720 2686 2683 2607 2685 2675 2636 2725 2699 2634 2618 2622 2635 2643 2684 2712 2708 2653 2609 2655 2621 2620 2630 2535 2588 2518 2561 2566 2532 2558 2518 2495 2463 2402 2429 2384 2349 2378 2409 2379 2424 2429 2376 2351 2344 2345 2300 2286 2337 2441 2439 2376 2400 2320 2351 2286 2290 2236 2204 2232 2204 2258 2223 2157 2190 2173 2120 2130 2141 2121 2141 2168 2178 2085 2112 2162 2127 2127 2086 2058 2053 2044 2081 2112 2070 2066 2071 2065 2078 2057 2045 2086 2025 1996 2014 1969 1968 2005 2038 2028 1995 1997 1983 1990 1979 1935 1917 1841 1906 1888 1879 1869 1843 1860 1909 1859 1884 1912 1909 1899 1860 1817 1854 1880 1851 1863 1897 1896 1848 1835 1839 1869 1863 1852 1851 1830 1770 1770 1696 1699 1710 1671 1690 1721 1712 1731 1740 1702 1658 1642 1617 1628 1675 1686 1658 1663 1658 1593 1654 1580 1625 1639 1656 1598 1626 1619 1625 1605 1613 1599 1640 1623 1620 1616 1596 1576 1531 1551 1546 1538 1608 1513 1528 1528 1571 1548 1550 1584 1552 1561 1524 1518 1595 1629 1605 1550 1560 1476 1521 1462 1511 1490 1507 1496 1491 1474 1509 1492 1499 1518 1476 1495 1507 1481 1462 1470 1471 1428 1443 1450 1431 1458 1446 1433 1384 1409 1394 1423 1412 1431 1425 1395 1385 1371 1389 1387 1443 1411 1418 1325 1389 1407 1400 1315 1329 1298 1268 1296 1333 1357 1354 1392 1313 1306 1284 1313 1312 1293 1264 1276 1275 1277 1305 1283 1270 1271 1299 1245 1247 1242 1271 1228 1243 1228 1218 1237 1199 1274 1288 1300 1245 1262 1232 1236 1266 1248 1210 1200 1206 1227 1198 1209 1206 1190 1182 1208 1180 1186 1254 1229 1213 1189 1196 1197 1183 1171 1172 1197 1221 1223 1209 1212 1147 1156 1141 1121 1090 1098 1123 1171 1174 1143 1082 1084 1023 1063 1117 1142 1154 1169 1176 1160 1151 1188 1151 1138 1131 1158 1130 1117 1122 1106 1143 1131 1126 1145 1125 1119 1122 1079 1098 1127 1115 1130 1088 1088 1060 1056 1051 1086 1081 1067 1073 1061 1129 1085 1107 1097 1040 1030 1030 1041 1076 1051 1080 1043 1037 1046 1049 1033 1023 1008 1013 1013 1032 1051 1031 1025 1026 985 992 1012 1064 982 966 1014 1005 969 971 951 955 946 921 947 925 958 1002 1030 1001 1028 1004 953 992 959 932 986 975 977 958 994 986 903 948 912 905 904 898 937 914 922 937 984 981 959 925 959 936 920 925 913 944 939 928 936 940 955 942 973 958 971 954 944 939 967 943 933 935 953 946 899 903 882 901 897 907 908 883 879 898 886 871 850 872 844 827 854 841 820 841 860 900 881 881 887 835 835 836 841 835 842 849 879 879 869 851 824 817 828 843 839 796 803 821 856 854 812 788 766 784 779 757 777 771 784 833 835 859 853 850 846 860 849 877 827 851 852 849 878 857 830 853 811 809 782 838 840 829 781 812 815 818 824 790 780 779 799 777 785 836 827 848 822 814 808 824 789 778 793 819 826 792 800 766 808 773 792 779 757 772 771 775 754 756 790 802 777 780 784 771 741 752 726 743 702 708 733 749 714 699 732 710 708 692 708 714 685 688 717 748 741 729 731 716 729 701 748 726 686 739 731 747 702 3727 23493 41673 53699 61527 65344 67594 68338 68119 66873 65548 64064 62221 60187 57992 56025 54169 52352 50415 48763 47190 45231 43654 42021 40572 39224 37975 36665 35745 34559 33407 32480 31717 30851 30270 29173 28134 27554 27026 26179 25618 24919 24500 23752 23193 22631 21890 21460 21046 20571 20145 19505 19336 18822 18406 18082 17665 17355 16917 16458 16247 15923 15615 15560 15169 15086 14788 14383 14160 13808 13670 13411 13237 12851 12879 12501 12397 12028 11937 11716 11605 11582 11394 11188 10926 10866 10799 10616 10442 10240 10116 10059 9698 9707 9735 9488 9225 9098 9086 9074 8920 8780 8702 8706 8638 8372 8394 8238 8105 7997 7926 7838 7674 7655 7668 7498 7381 7372 7323 7176 7210 7051 6949 6907 6774 6789 6684 6589 6490 6504 6492 6362 6292 6135 6025 6030 6101 5981 5916 5841 5736 5831 5746 5690 5640 5617 5535 5384 5353 5358 5336 5316 5249 5276 5220 5230 5231 5126 5084 5054 5030 4972 4896 4820 4823 4908 4855 4826 4769 4615 4644 4536 4582 4565 4519 4489 4420 4390 4331 4341 4343 4323 4294 4286 4224 4230 4159 4074 4013 3973 4029 3963 4017 3980 3882 3906 3989 3946 3861 3767 3762 3688 3688 3690 3641 3661 3529 3494 3433 3426 3503 3474 3433 3439 3482 3408 3349 3357 3389 3404 3351 3283 3272 3313 3270 3268 3295 3289 3289 3200 3209 3166 3162 3158 3117 3073 3102 3096 3080 3039 3037 2984 2913 2904 2894 2916 2874 2788 2865 2794 2765 2707 2717 2745 2801 2769 2744 2696 2777 2741 2746 2784 2732 2689 2698 2695 2615 2667 2668 2636 2598 2719 2705 2650 2629 2645 2622 2647 2592 2529 2518 2498 2481 2468 2498 2464 2461 2449 2401 2461 2416 2437 2451 2390 2385 2365 2400 2356 2345 2347 2342 2314 2266 2339 2314 2310 2245 2246 2236 2210 2239 2263 2263 2295 2312 2224 2207 2200 2170 2194 2149 2167 2142 2086 2063 2068 2035 2098 2090 1980 2081 2082 2033 2021 2027 2016 1943 1958 2008 1965 1971 1986 2060 2006 1960 1952 1931 1942 1940 1923 1951 1887 1876 1870 1866 1900 1826 1822 1853 1880 1879 1892 1870 1852 1869 1848 1838 1778 1783 1792 1765 1780 1830 1765 1742 1804 1722 1706 1819 1801 1811 1777 1773 1764 1736 1719 1718 1724 1724 1713 1686 1701 1658 1666 1645 1697 1651 1674 1637 1622 1630 1623 1572 1549 1586 1562 1568 1579 1569 1599 1572 1618 1615 1648 1555 1571 1517 1479 1524 1537 1596 1569 1593 1541 1537 1493 1504 1529 1505 1445 1488 1452 1500 1502 1510 1470 1479 1456 1435 1480 1464 1438 1416 1512 1486 1461 1448 1443 1475 1430 4419 24099 42453 54565 62303 66559 68562 69144 68913 67914 66227 64155 62563 60216 58654 56385 54733 52675 50991 49451 47754 46134 44864 43190 41537 40039 38866 37644 36375 35582 34448 33489 32471 31410 30384 29624 29053 28194 27591 26781 26203 25604 24933 24312 23749 23211 22850 22255 21798 21126 20657 20336 20021 19486 19173 18780 18429 17916 17633 17129 17003 16621 16051 15820 15591 15459 15038 14736 14502 14167 14046 13852 13768 13483 13350 13222 13147 12858 12649 12425 12208 12033 11813 11771 11715 11513 11401 11241 10961 10877 10538 10469 10338 10264 10172 9999 9857 9727 9576 9561 9449 9311 9240 9143 8983 8789 8661 8514 8479 8436 8321 8362 8225 8116 8072 8039 7964 7920 7955 7798 7702 7521 7435 7420 7336 7237 7085 7021 6981 6984 6943 6961 6897 6819 6742 6764 6717 6716 6617 6560 6606 6430 6471 6278 6307 6209 6200 6044 5964 5842 5731 5690 5633 5509 5597 5584 5546 5535 5501 5535 5471 5542 5554 5360 5296 5220 5213 5160 5072 5180 5042 5046 5060 5012 4952 4887 4926 4831 4779 4826 4826 4787 4731 4675 4640 4642 4573 4600 4580 4532 4544 4576 4558 4518 4506 4459 4345 4344 4291 4242 4272 4187 4037 4073 4023 4065 4128 4022 3987 4008 3814 3852 3823 3854 3778 3749 3804 3844 3751 3732 3807 3763 3691 3626 3670 3589 3634 3613 3543 3559 3474 3478 3505 3506 3472 3340 3390 3401 3393 3351 3451 3440 3390 3430 3397 3414 3346 3318 3284 3275 3308 3261 3239 3213 3215 3178 3183 3130 3112 3090 3126 3047 3088 3081 3070 2978 3003 2969 2963 2879 2854 2812 2833 2816 2851 2824 2829 2783 2793 2774 2745 2739 2743 2727 2697 2712 2730 2721 2728 2679 2732 2711 2702 2704 2670 2707 2585 2583 2564 2595 2557 2561 2553 2525 2500 2489 2435 2467 2498 2441 2482 2465 2411 2453 2469 2456 2432 2397 2354 2397 2421 2369 2379 2368 2404 2365 2313 2382 2418 2376 2374 2403 2340 2396 2323 2288 2267 2267 2226 2236 2270 2266 2244 2234 2274 2205 2232 2157 2173 2135 2119 2217 2204 2206 2190 2142 2131 2147 2124 2145 2132 2106 2123 2092 2121 2006 1932 2026 2045 2069 2087 2049 2030 2003 1969 1959 1915 1873 1961 1928 1945 1943 1900 1938 1907 1931 1859 1888 1926 1907 1906 1935 1875 1876 1887 1928 1966 1892 1903 1880 1886 1894 1887 1867 1870 1880 1895 1869 1888 1848 1842 1824 1832 1811 1797 1767 1766 1746 1794 1764 1777 1711 1704 1673 1761 1752 1738 1705 1751 1738 1749 1711 1760 1778 1750 1723 1741 1724 1725 1648 1702 1672 1661 1718 1734 1787 1719 1664 1680 1660 4574 24512 42769 54943 62471 66787 68811 69479 68714 68040 66628 64769 62825 61173 58957 57115 54922 53195 51146 49303 47845 45689 44347 43037 41561 40459 39140 38200 36887 35542 34570 33454 32580 31647 30654 30032 29059 28559 27649 26973 26201 25700 25281 24532 23948 23457 22713 22339 21836 21293 20844 20398 19954 19532 19082 18622 18338 18062 17653 17326 17159 16653 16448 16174 15890 15696 15521 15159 14968 14685 14406 14163 14114 13871 13588 13288 13085 12978 12764 12662 12360 12134 11952 11866 11669 11620 11382 11313 11161 11085 10957 10746 10587 10388 10288 10136 10091 9952 9838 9804 9542 9506 9406 9185 9201 9048 8909 8804 8652 8665 8547 8563 8439 8383 8322 8225 8127 8098 7971 7812 7787 7662 7578 7659 7486 7485 7450 7384 7217 7238 7168 7129 7171 6944 7040 6906 6910 6899 6907 6762 6647 6564 6480 6396 6379 6231 6166 6091 6122 6167 5981 6130 6049 5898 5884 5878 5835 5679 5707 5649 5613 5516 5397 5428 5402 5329 5364 5342 5360 5232 5168 5108 5161 5102 5009 4912 4882 4908 4886 4912 4934 4846 4855 4777 4836 4851 4831 4754 4603 4590 4565 4580 4506 4510 4628 4491 4493 4510 4370 4325 4294 4301 4294 4271 4181 4143 4244 4219 4226 4231 4096 4175 4133 4183 4110 4071 3937 3934 3854 3879 3843 3917 3866 3908 3939 3896 3844 3786 3794 3802 3720 3738 3664 3652 3666 3628 3617 3588 3597 3563 3554 3660 3499 3534 3491 3480 3508 3495 3502 3503 3408 3383 3359 3387 3262 3276 3257 3174 3257 3265 3301 3225 3174 3130 3141 3106 3066 3072 3085 3126 3105 3142 3151 3060 3062 3003 2961 2938 2972 3012 3000 2963 2960 2977 3048 3014 2966 2967 2985 2923 2965 2981 2859 2839 2858 2794 2884 2850 2852 2801 2782 2765 2763 2735 2752 2694 2663 2676 2636 2753 2685 2683 2691 2685 2633 2633 2594 2585 2587 2582 2619 2608 2651 2648 2593 2600 2561 2576 2533 2559 2504 2468 2541 2508 2522 2523 2522 2382 2426 2521 2468 2499 2505 2490 2456 2419 2473 2458 2394 2342 2321 2298 2284 2281 2249 2290 2252 2223 2206 2258 2262 2193 2218 2222 2244 2217 2261 2216 2191 2223 2206 2157 2121 2096 2138 2158 2156 2123 2125 2109 2067 2046 2052 2136 2113 2087 2052 2051 2033 2051 2066 2072 2110 2120 2092 2143 2063 2073 2064 2016 2038 1997 2080 2055 2013 2010 1979 1996 1999 1921 1907 1905 1972 1967 1924 1988 1996 1969 1966 2008 1996 2007 1972 1939 1941 1925 1927 1856 1870 1848 1877 1926 1899 1870 1842 1884 1906 1889 1858 1916 1909 1888 1854 1875 1874 1833 1858 1905 1890 1819 1819 1785 1771 1824 1773 1753 1755 1762 1783 1764 1785 1750 1757 1760 1755 1684 1718 1665 1714 1677 1683 1715 1678 1705 1656 1705 1665 1655 1643 1652 1603 1726 1668 1652 1675 1699 1711 1681 1687 1666 1664 1656 1635 1622 1613 1599 1604 1625 1630 1631 1601 1597 1548 1560 1588 1578 1587 1521 1518 1471 1499 1511 1517 1576 1559 1527 1472 1510 1483 1453 1525 1561 1531 1522 1520 1497 1476 1504 1519 1530 1488 1453 1531 1499 1473 1460 1512 1485 1480 1475 1484 1505 1534 1543 1518 1489 1523 1478 1487 1440 1453 1429 1460 1442 1455 1460 1477 1489 1407 1431 1417 1417 1392 1424 1377 1420 1397 1406 1410 1432 1369 1409 1413 1392 1336 1358 1376 1423 1361 1404 1363 1360 1406 1372 1323 1350 1391 1352 1400 1382 1385 1381 1398 1371 1359 1387 1415 1396 1376 1355 4380 24004 42405 54079 61655 65638 67918 68811 68141 66756 65555 63833 62111 60356 58613 56673 54564 52874 51197 49244 47748 45977 44393 42761 41194 39948 38524 37589 36421 35335 34218 33223 32075 31249 30544 29652 28826 28037 27238 26491 25711 25200 24639 23849 23550 23012 22602 22118 21622 21136 20707 20398 19901 19403 19182 18622 18317 17986 17725 17209 16928 16615 16355 15938 15643 15372 15184 15034 14747 14433 14161 13952 13730 13411 13297 13031 12996 12720 12441 12185 12136 11950 11707 11582 11347 11267 11157 10963 10923 10694 10726 10547 10395 10279 10192 10023 9882 9817 9681 9568 9570 9421 9204 9123 8941 8741 8645 8595 8546 8469 8334 8380 8212 8019 7988 7897 7854 7799 7743 7604 7581 7601 7501 7459 7271 7276 7067 7091 7064 6974 6844 6904 6724 6703 6571 6536 6448 6374 6381 6373 6432 6339 6244 6099 6042 6044 5923 5862 5768 5781 5693 5815 5735 5744 5661 5536 5552 5571 5423 5364 5346 5352 5281 5204 5148 5083 5005 4991 4992 5005 4944 4996 4961 4974 4945 4942 4882 4832 4667 4707 4649 4697 4624 4638 4585 4570 4544 4475 4458 4433 4344 4389 4445 4466 4345 4303 4336 4252 4239 4266 4263 4250 4173 4091 4049 4024 3983 4039 4002 4017 4024 4082 3983 3901 3911 3893 3745 3714 3703 3655 3689 3686 3667 3674 3664 3557 3615 3633 3498 3505 3522 3609 3598 3517 3579 3557 3500 3413 3442 3423 3445 3453 3383 3413 3426 3404 3399 3391 3323 3352 3401 3337 3317 3245 3236 3242 3222 3164 3145 3148 3081 3058 3042 3065 3106 3092 3086 3030 3069 3025 3011 3097 3115 3014 3025 3003 3018 2968 2966 2951 3020 2978 2942 2930 2928 2907 2869 2902 2796 2805 2838 2824 2892 2775 2774 2806 2816 2745 2741 2658 2681 2599 2629 2682 2643 2615 2647 2628 2597 2586 2651 2592 2599 2611 2536 2562 2578 2538 2502 2490 2450 2488 2464 2497 2518 2488 2435 2465 2469 2449 2436 2453 2388 2342 2391 2374 2382 2375 2407 2370 2403 2316 2403 2378 2381 2293 2244 2262 2325 2281 2291 2236 2333 2256 2275 2238 2247 2241 2217 2200 2202 2210 2178 2180 2168 2182 2152 2134 2164 2130 2108 2161 2148 2119 2131 2180 2112 2101 2141 2128 2116 2077 2092 2054 2079 2021 2015 1965 1987 1946 1951 1990 1994 2008 1972 1946 1954 1929 1938 1927 1945 1966 1924 1945 1959 1982 1969 1967 1961 1895 1896 1948 1908 1921 1913 1918 1921 1940 1909 1923 1957 1888 1918 1920 1896 1842 1868 1827 1848 1883 1852 1773 1807 1756 1740 1749 1780 1734 1702 1722 1770 1703 1720 1767 1744 1755 1740 1659 1662 1689 1691 1706 1765 1715 1737 1694 1724 1692 1680 1620 1616 1641 1646 1688 1679 1676 1688 1689 1650 1594 1599 1581 1620 1676 1667 1598 1617 1596 1627 1577 1616 1620 1650 1650 1650 1642 1665 1630 1650 1663 1568 1594 1562 1585 1591 1573 1589 1571 1585 1595 1588 1561 1594 1543 1569 1584 1515 1574 1569 1544 1556 1553 1531 1507 1531 1502 1477 1528 1478 1476 1479 1457 1491 1456 1447 1489 1515 1582 1491 1484 1511 1515 1502 1436 1561 1492 1515 1489 1473 1461 1494 1476 1468 1440 1473 1453 1414 1409 1462 1432 1410 1402 1404 1402 1402 1442 1433 1384 1426 1400 1381 1367 1356 1325 1352 1372 1382 1373 1342 1353 1318 1344 1394 1326 1326 1334 1380 1354 1385 1348 1327 1318 1347 1358 1331 1338 1280 1272 1270 1275 1304 1313 1321 1309 1326 1270 1284 1245 1242 1212 1263 1270 1302 1298 1282 1337 1262 1296 1289 1283 1257 1291 1321 1255 1305 1258 1254 1261 1288 1286 1296 1254 1278 1277 1266 1238 1268 1237 1195 1240 1242 1289 1303 1273 1227 1241 1221 1255 1242 1234 1247 1195 1218 1203 1199 1218 1169 1147 1156 1168 1167 1190 1223 1222 1185 1165 1154 1135 1146 1174 1170 1185 1181 1158 1212 1203 1141 1130 1134 1119 1127 1168 1159 1199 1180 1199 1129 1138 1127 1143 1162 1139 1135 1142 1140 1114 1104 1156 1122 1111 1125 1148 1106 1123 1101 1153 1123 1100 1081 1065 1055 1068 1093 1107 1115 1120 1084 1077 1101 1140 1140 1115 1144 1153 1091 1068 1127 1118 1088 1143 1112 1056 1049 1115 1117 1081 1029 1066 1083 1037 1053 1023 1033 1032 987 999 1031 1009 1035 1052 1043 1031 1037 1077 1022 1014 1024 1068 1045 1016 4122 24024 42095 54340 61809 66274 68308 68685 68299 67257 65740 63790 62287 60073 58342 56398 54261 52363 50433 48692 47003 45914 44375 42856 41299 40018 38613 37339 36158 35147 33876 32782 31843 31323 30165 29492 28439 27651 26917 26319 25779 25249 24519 24060 23433 22925 22407 21886 21379 20870 20442 19982 19563 19161 18888 18427 18112 17795 17502 17162 16797 16499 16099 15761 15773 15316 15083 14754 14581 14383 14151 13942 13564 13413 13189 12895 12704 12584 12299 12090 11831 11800 11571 11316 11180 11089 10923 10727 10740 10561 10312 10366 10135 10036 9858 9812 9725 9538 9423 9306 9191 9205 9091 9004 8933 8693 8628 8482 8444 8236 8160 8185 8088 7989 7814 7701 7692 7609 7467 7487 7376 7253 7251 7206 7083 6982 6973 6976 6804 6698 6668 6664 6726 6572 6510 6394 6306 6253 6169 6108 6066 6037 5976 5865 5861 5780 5659 5679 5667 5621 5570 5484 5398 5404 5381 5356 5329 5373 5302 5294 5224 5180 5243 5225 5051 5098 5065 4982 4875 4898 4866 4865 4841 4921 4895 4771 4724 4723 4649 4605 4627 4667 4594 4523 4392 4398 4370 4395 4412 4389 4370 4257 4262 4219 4172 4194 4132 4050 4079 4016 4023 3985 3961 3907 3928 3948 3870 3858 3901 3872 3828 3758 3778 3775 3680 3709 3713 3714 3694 3655 3629 3570 3636 3592 3570 3548 3538 3471 3561 3483 3431 3484 3464 3441 3419 3423 3418 3383 3288 3352 3291 3315 3307 3288 3322 3273 3250 3270 3237 3238 3095 3215 3082 3114 3138 3090 2996 3043 3002 2994 3000 3016 3004 3002 3025 3017 2986 2980 3010 2944 2948 2920 2898 2955 2926 2881 2915 2903 2953 2888 2838 2815 2737 2787 2780 2744 2798 2779 2725 2686 2728 2688 2666 2701 2638 2601 2634 2564 2580 2557 2525 2548 2546 2528 2549 2517 2468 2420 2433 2453 2432 2461 2448 2485 2365 2454 2474 2420 2413 2424 2408 2352 2367 2323 2308 2299 2316 2323 2386 2294 2301 2269 2290 2237 2259 2246 2278 2280 2214 2234 2163 2097 2161 2198 2197 2185 2096 2116 2167 2219 2180 2155 2190 2161 2185 2130 2097 2138 2159 
	PassiveActor 2:
		MolID 0:
			Count:
				0 0 0 0 0 0 0 0 0 0 0 0 0 0 0 0 0 0 0 0 0 0 0 0 0 0 0 0 0 0 0 0 0 0 0 0 0 0 0 0 0 0 0 0 0 0 0 0 0 0 0 0 0 0 0 0 0 0 0 0 0 0 0 0 0 0 0 0 0 0 0 0 0 0 0 0 0 0 0 0 0 0 0 0 0 0 0 0 0 0 0 0 0 0 0 0 0 0 0 0 0 0 0 0 0 0 0 0 0 0 0 0 0 0 0 0 0 0 0 0 0 0 0 0 0 0 0 0 0 0 0 0 0 0 0 0 0 0 0 0 0 0 0 0 0 0 0 0 0 0 0 0 0 0 0 0 0 0 0 0 0 0 0 0 0 0 0 0 0 0 0 0 0 0 0 0 0 0 0 0 0 0 0 0 0 0 0 0 0 0 0 0 0 0 0 0 0 0 0 0 0 0 0 0 0 0 0 0 0 0 0 0 0 0 0 0 0 0 0 0 0 0 0 0 0 0 0 0 0 0 0 0 0 0 0 0 0 0 0 0 0 0 0 0 0 0 0 0 0 0 0 0 0 0 0 0 0 0 0 0 0 0 0 0 0 0 0 0 0 0 0 0 0 0 0 0 0 0 0 0 0 0 0 0 0 0 0 0 0 0 0 0 0 0 0 0 0 0 0 0 0 0 0 1 8 45 141 326 561 858 1258 1757 2213 2685 3192 3607 4092 4609 5031 5468 5740 6066 6395 6623 7063 7216 7376 7565 7686 7840 7915 7906 7948 7985 8162 8271 8273 8229 8261 8256 8365 8369 8324 8300 8242 8231 8258 8168 8128 8079 8075 8034 7898 7764 7764 7897 7848 7731 7757 7748 7583 7519 7415 7455 7320 7220 7226 7120 7181 7059 6925 6875 6847 6695 6695 6595 6617 6548 6514 6367 6397 6330 6254 6254 6226 6195 6045 5991 5924 5824 5767 5869 5806 5720 5621 5565 5480 5404 5457 5274 5157 5183 5187 5141 5128 5022 5005 4953 4961 4871 4838 4799 4789 4818 4852 4685 4735 4632 4646 4562 4448 4449 4528 4465 4335 4414 4408 4262 4205 4259 4236 4211 4089 4043 4089 3994 3958 3811 3836 3767 3744 3781 3779 3779 3755 3646 3553 3484 3470 3452 3437 3457 3432 3402 3426 3460 3392 3391 3419 3390 3323 3348 3301 3322 3267 3316 3235 3223 3216 3106 3154 3132 3047 2987 3013 2980 2952 2964 2953 2945 2864 2840 2850 2767 2825 2800 2692 2729 2723 2709 2680 2559 2605 2569 2554 2586 2590 2557 2508 2542 2538 2587 2588 2538 2527 2456 2467 2401 2325 2426 2388 2383 2363 2360 2386 2327 2279 2331 2307 2270 2303 2323 2285 2268 2253 2247 2200 2145 2079 2147 2132 2087 2099 2121 2109 2070 2064 2018 2062 1988 1988 2001 1993 1959 2000 1980 1958 1878 1932 1915 1909 1913 1923 1934 1933 1886 1845 1926 1888 1885 1846 1851 1769 1798 1845 1829 1813 1841 1814 1783 1788 1864 1774 1749 1674 1697 1669 1652 1665 1640 1619 1603 1627 1628 1626 1687 1642 1632 1622 1621 1593 1608 1597 1640 1628 1624 1556 1582 1526 1572 1567 1518 1517 1527 1543 1522 1491 1486 1472 1493 1448 1464 1455 1478 1473 1427 1460 1439 1471 1457 1491 1445 1445 1412 1406 1444 1440 1384 1407 1393 1416 1431 1384 1396 1354 1382 1389 1351 1294 1330 1349 1265 1324 1312 1335 1313 1304 1273 1293 1260 1261 1245 1240 1258 1232 1168 1192 1188 1190 1203 1208 1194 1188 1191 1222 1186 1148 1194 1170 1197 1194 1188 1192 1139 1197 1172 1187 1198 1126 1113 1106 1110 1152 1149 1140 1142 1146 1155 1120 1124 1110 1149 1145 1142 1148 1146 1153 1146 1128 1111 1076 1077 1102 1068 1068 1061 1026 1000 1043 1034 1020 1061 1032 1017 1044 1032 1053 1018 996 1016 1010 1010 979 1025 1057 1023 962 988 1015 1004 979 968 996 969 944 941 966 945 940 965 929 954 952 944 936 936 904 912 895 890 871 902 920 913 897 913 893 866 867 904 917 867 896 875 857 847 874 863 867 847 876 856 876 870 867 871 844 828 815 846 839 810 847 855 815 816 862 825 833 860 853 858 869 844 797 823 796 813 778 754 762 763 788 778 814 834 817 824 752 752 753 739 731 743 723 719 722 725 720 740 750 712 759 741 735 717 689 720 695 714 718 716 726 726 715 703 721 702 715 666 689 714 686 699 731 728 709 710 701 702 682 646 654 650 646 677 668 693 663 667 638 679 690 651 662 674 641 654 657 673 653 640 664 638 630 629 641 656 641 653 659 666 678 650 652 659 640 629 644 614 623 669 664 642 646 616 625 594 615 601 609 603 620 644 656 616 610 633 597 610 626 636 663 650 615 625 622 606 604 611 600 618 613 598 608 585 609 568 578 584 574 594 582 580 583 593 588 559 592 547 565 565 573 581 600 570 597 584 617 581 595 584 575 584 554 567 553 520 511 537 500 527 514 521 560 559 542 498 514 524 515 508 525 516 501 533 511 520 530 524 494 526 513 520 522 501 509 506 514 495 484 492 473 470 478 478 469 478 475 495 504 497 505 526 526 545 511 496 528 531 550 541 492 494 488 520 484 499 507 498 519 489 483 501 489 461 484 495 481 478 469 465 461 460 473 483 471 455 477 488 460 495 470 484 509 477 495 472 456 447 429 462 436 434 453 482 573 719 998 1284 1718 2122 2568 3119 3628 4072 4606 5020 5421 5861 6233 6584 6814 7176 7409 7521 7670 7761 7866 8096 8108 8396 8534 8491 8633 8766 8866 8840 8788 8802 8830 8773 8710 8719 8734 8514 8526 8592 8425 8333 8322 8436 8428 8406 8235 8268 8285 8140 8114 8087 7942 7858 7811 7756 7737 7590 7497 7388 7328 7265 7341 7183 7067 7012 7067 6965 6914 6884 6793 6746 6688 6608 6556 6503 6482 6358 6311 6321 6258 6224 6197 6201 6187 6142 6002 6096 5835 5869 5801 5747 5678 5693 5556 5525 5504 5277 5319 5313 5249 5271 5240 5258 5169 5125 5066 4971 4909 4955 4863 4871 4819 4817 4813 4726 4811 4703 4611 4531 4545 4511 4506 4381 4383 4385 4346 4339 4285 4233 4309 4243 4240 4142 4122 4210 4132 4087 3972 3882 3918 3952 3862 3783 3764 3733 3725 3640 3577 3628 3555 3650 3517 3549 3487 3481 3463 3386 3391 3317 3340 3366 3379 3386 3376 3349 3324 3310 3267 3202 3091 3056 3106 3166 3112 3091 3062 3113 3019 2999 3003 2944 2923 2969 2876 2970 2968 2907 2901 2862 2812 2840 2794 2741 2731 2771 2817 2749 2792 2753 2763 2754 2689 2683 2716 2668 2644 2619 2619 2616 2628 2604 2545 2607 2544 2494 2436 2428 2364 2420 2424 2405 2372 2448 2440 2456 2418 2416 2428 2389 2372 2368 2397 2378 2343 2277 2307 2254 2329 2260 2248 2232 2301 2234 2234 2281 2261 2207 2220 2192 2209 2175 2191 2126 2159 2136 2076 2108 2050 2118 2102 2016 2085 2031 2017 2046 1996 1988 2034 2017 2026 2014 1993 1990 1984 1994 1983 1973 1995 1981 1882 1909 1873 1861 1888 1867 1845 1835 1814 1814 1826 1818 1817 1801 1765 1703 1720 1719 1819 1977 2251 2651 3002 3500 3891 4453 4881 5402 5791 6182 6654 6963 7376 7773 7980 8179 8444 8569 9020 9103 9203 9280 9463 9588 9710 9723 9730 9952 9910 10103 10123 9911 9851 9827 9787 9805 9760 9651 9522 9579 9633 9596 9516 9439 9396 9411 9321 9277 9097 9100 9022 9022 8995 8800 8759 8757 8611 8601 8604 8459 8475 8411 8342 8254 8093 8033 7974 7931 7991 7772 7777 7802 7727 7621 7639 7574 7481 7430 7370 7241 7244 7238 7124 7111 7028 6973 6856 6869 6779 6747 6610 6635 6566 6592 6505 6481 6342 6382 6381 6311 6247 6111 6134 6052 6049 5966 5965 5940 5907 5807 5768 5754 5760 5649 5672 5627 5623 5559 5551 5557 5394 5316 5172 5172 5225 5219 5175 5166 5133 5117 5083 5068 5018 4987 4948 4851 4813 4722 4672 4607 4619 4643 4544 4610 4639 4597 4593 4411 4471 4376 4335 4369 4328 4299 4330 4314 4295 4215 4195 4168 4194 4087 4112 4116 4096 3983 3998 3940 3949 4002 3936 3973 3928 3890 3871 3894 3802 3809 3750 3755 3737 3789 3736 3715 3716 3683 3705 3671 3734 3680 3686 3638 3678 3596 3505 3483 3490 3345 3418 3432 3441 3435 3411 3443 3455 3366 3370 3344 3398 3335 3275 3190 3216 3244 3260 3280 3219 3171 3186 3140 3121 3117 3157 3096 3095 3036 3068 3053 2995 3008 2991 2991 2937 2970 2907 2916 2896 2869 2820 2874 2851 2863 2836 2870 2928 2852 2838 2744 2770 2796 2788 2799 2788 2767 2707 2706 2805 2711 2780 2755 2670 2588 2621 2609 2615 2621 2585 2561 2549 2526 2624 2650 2546 2528 2494 2512 2454 2428 2431 2416 2362 2384 2373 2366 2371 2342 2369 2402 2395 2383 2363 2380 2394 2295 2317 2238 2262 2236 2238 2225 2265 2274 2301 2262 2255 2270 2243 2220 2250 2189 2169 2154 2180 2129 2155 2186 2191 2150 2075 2070 2049 2073 2116 2057 2098 2084 2176 2125 2131 2133 2125 2043 2120 2124 2058 2039 2076 2024 2039 2005 1960 1947 1986 1995 1981 1939 1985 1978 1926 1953 1995 2031 1972 1953 1932 1933 1915 1887 1969 1860 1872 1881 1899 1901 1861 1890 1906 1867 1878 1880 1845 1855 1771 1819 1852 1870 1837 1879 1812 1849 1875 1852 1873 1835 1797 1822 1829 1871 1867 1885 1843 1778 1802 1772 1768 1767 1748 1691 1654 1743 1676 1706 1681 1651 1647 1705 1732 1708 1667 1646 1681 1648 1621 1610 1596 1564 1561 1526 1552 1537 1551 1539 1514 1517 1520 1516 1497 1452 1507 1471 1508 1510 1472 1507 1521 1525 1508 1504 1550 1544 1553 1515 1512 1532 1440 1438 1444 1487 1485 1472 1496 1465 1523 1494 1475 1445 1442 1473 1459 1405 1407 1415 1398 1454 1460 1447 1456 1458 1459 1396 1427 1458 1444 1442 1427 1375 1431 1462 1387 1338 1448 1395 1415 1395 1421 1349 1395 1391 1380 1363 1339 1338 1318 1311 1312 1336 1327 1330 1284 1309 1323 1276 1314 1281 1222 1289 1261 1273 1278 1313 1285 1299 1272 1298 1270 1320 1285 1299 1248 1259 1274 1331 1301 1285 1255 1291 1320 1242 1315 1259 1270 1272 1198 1213 1241 1258 1265 1248 1219 1165 1211 1190 1236 1214 1196 1238 1190 1190 1200 1217 1191 1207 1216 1218 1179 1223 1248 1222 1223 1206 1167 1167 1178 1141 1166 1176 1165 1173 1162 1181 1157 1165 1132 1125 1146 1112 1128 1179 1149 1137 1126 1073 1078 1157 1102 1159 1149 1144 1144 1085 1037 1064 1086 1101 1079 1107 1116 1105 1093 1101 1074 1072 1070 1068 1092 1043 1023 1020 1077 1055 1047 1028 1010 1078 1069 1057 1055 992 982 996 989 1010 1034 1018 997 1012 1008 1034 1036 1034 1039 1049 1028 1060 1050 982 1011 1040 1027 1050 997 996 1010 1036 1036 1008 993 993 964 995 994 976 993 978 943 965 987 1011 1012 986 996 1010 986 1013 964 960 916 894 920 946 918 933 935 928 939 966 983 961 975 941 941 891 927 956 938 924 885 927 912 904 875 872 865 903 951 965 949 950 965 919 892 931 926 920 912 893 891 916 902 906 913 892 892 894 907 889 879 868 905 838 876 878 843 851 837 848 842 858 835 858 845 846 860 813 850 870 883 861 884 850 835 834 801 846 826 830 811 806 819 862 844 862 865 814 842 841 832 816 821 817 815 825 815 768 797 800 810 816 813 857 841 828 840 811 842 845 835 849 839 852 839 845 814 810 804 780 786 791 770 779 742 744 749 737 752 756 785 778 811 797 812 831 809 810 752 758 784 784 778 775 758 746 791 775 781 803 780 773 733 755 748 759 792 773 780 794 781 803 815 764 765 734 717 741 747 750 715 692 722 738 731 695 722 699 710 750 748 728 706 755 735 706 711 705 715 703 721 689 677 705 682 719 701 725 707 703 718 703 736 746 751 722 721 744 733 709 710 704 722 717 716 723 734 680 705 677 639 680 730 718 698 709 724 740 742 725 708 719 797 997 1238 1610 1995 2318 2889 3299 3810 4403 4834 5322 5648 6011 6449 6938 7065 7341 7578 7804 7976 8240 8381 8492 8650 8600 8707 8853 8861 8867 8751 8857 8877 8921 9063 8939 9025 8979 8896 8920 8910 8862 8853 8858 8779 8756 8688 8605 8519 8446 8374 8311 8214 8299 8236 8087 7947 7922 7787 7834 7801 7653 7610 7537 7450 7308 7248 7178 7172 7149 7133 7132 7095 7024 6880 6897 6886 6749 6744 6595 6538 6528 6401 6341 6311 6246 6276 6203 6318 6178 6211 6223 5993 6067 5846 5839 5709 5662 5662 5645 5582 5459 5509 5459 5388 5329 5358 5334 5243 5236 5234 5181 5150 5181 5172 5050 5018 4967 4969 4899 4841 4887 4816 4828 4828 4654 4678 4694 4594 4588 4527 4470 4405 4475 4389 4279 4245 4263 4226 4177 4140 4082 4106 4151 4145 4127 4031 3984 3993 4049 4027 3916 3924 3882 3985 3919 3891 3883 3817 3736 3744 3782 3759 3723 3729 3653 3611 3664 3594 3596 3553 3524 3505 3421 3469 3379 3413 3316 3351 3320 3371 3332 3304 3258 3284 3251 3222 3188 3216 3116 3141 3166 3168 3166 3158 3150 3117 3107 3137 3065 3120 3088 2993 3068 3086 3029 3022 2945 2971 2951 2945 2875 2799 2854 2855 2851 2839 2817 2769 2707 2757 2779 2690 2684 2730 2702 2713 2674 2660 2615 2628 2571 2621 2575 2610 2595 2616 2524 2482 2501 2494 2512 2563 2481 2477 2423 2474 2483 2380 2406 2406 2418 2418 2347 2363 2354 2385 2383 2379 2403 2339 2287 2282 2328 2369 2395 2384 2322 2287 2283 2281 2212 2278 2246 2183 2163 2234 2208 2171 2200 2169 2150 2151 2163 2157 2124 2162 2162 2119 2066 1990 2044 2080 2088 2086 2042 2039 2014 1979 2021 1937 1976 1989 1932 1935 1910 1919 1961 1943 1953 1834 1908 1859 1854 1865 1863 1909 1865 1892 1902 1873 1856 1838 1801 1833 1834 1821 1871 1857 1873 1874 1895 1899 1871 1795 1798 1771 1792 1792 1765 1712 1784 1768 1730 1744 1729 1715 1730 1714 1738 1689 1666 1689 1710 1715 1675 1689 1683 1617 1617 1643 1626 1634 1625 1571 1618 1617 1599 1592 1661 1598 1611 1575 1616 1585 1663 1581 1584 1624 1600 1605 1567 1585 1545 1544 1526 1557 1579 1510 1515 1497 1498 1508 1502 1471 1483 1465 1449 1520 1455 1485 1489 1452 1411 1418 1443 1417 1331 1392 1361 1398 1427 1426 1433 1412 1422 1365 1389 1398 1409 1395 1374 1382 1394 1361 1359 1343 1385 1331 1293 1372 1347 1337 1304 1314 1346 1260 1289 1299 1317 1351 1365 1344 1373 1334 1323 1345 1367 1381 1358 1459 1666 1922 2211 2606 2988 3558 4066 4517 4982 5375 5798 6330 6723 7072 7385 7741 7903 8164 8302 8445 8728 8795 8896 9037 9322 9399 9343 9450 9501 9547 9580 9586 9457 9420 9412 9461 9452 9537 9601 9581 9415 9462 9424 9302 9247 9133 9171 9091 8998 8861 8838 8785 8727 8631 8690 8627 8520 8451 8383 8232 8383 8170 8265 8153 7990 7951 7891 7853 7733 7633 7620 7638 7499 7398 7351 7348 7310 7276 7126 7084 6979 6947 6776 6802 6803 6696 6750 6631 6610 6641 6496 6450 6423 6442 6337 6201 6137 6134 6124 6131 6071 5981 5892 5904 5809 5806 5838 5751 5651 5525 5492 5499 5426 5503 5518 5493 5359 5374 5273 5242 5191 5183 5266 5167 5097 5174 5080 5027 4997 4928 4930 4915 4899 4912 4848 4804 4791 4741 4674 4633 4584 4598 4643 4638 4583 4475 4478 4377 4253 4316 4261 4312 4381 4302 4284 4292 4175 4138 4149 4069 4093 4014 4030 4054 3928 3903 3902 3993 3907 4025 3890 3912 3903 3829 3879 3861 3850 3798 3717 3720 3670 3714 3732 3695 3653 3651 3635 3517 3518 3502 3487 3458 3402 3431 3483 3428 3484 3385 3378 3274 3313 3247 3188 3248 3217 3242 3252 3236 3346 3340 3280 3225 3218 3131 3128 3097 3056 3107 3029 3052 3016 2990 2984 3000 2939 3021 2988 2955 2977 2942 2950 2843 2884 2928 2903 2808 2883 2891 2780 2804 2821 2818 2801 2786 2769 2824 2876 2884 2854 2746 2744 2771 2737 2700 2720 2716 2620 2557 2586 2595 2606 2608 2573 2585 2618 2522 2529 2482 2543 2555 2517 2514 2571 2513 2532 2505 2564 2525 2437 2468 2394 2409 2341 2387 2372 2419 2404 2485 2419 2348 2320 2287 2278 2370 2325 2308 2288 2302 2318 2289 2186 2186 2193 2180 2178 2217 2182 2141 2133 2196 2127 2165 2172 2142 2144 2136 2137 2154 2122 2141 2162 2103 2059 2107 2120 2141 2126 2068 2063 2072 2080 1974 2023 1981 2020 2058 2019 2026 2006 2054 2017 1981 1988 2013 1994 1973 1992 1989 1953 1919 1909 1885 1892 1924 1955 1976 1903 1902 1904 1935 1889 1837 1884 1816 1839 1829 1847 1808 1791 1855 1878 1828 1829 1821 1776 1804 1764 1802 1778 1744 1761 1723 1733 1740 1750 1752 1733 1752 1762 1774 1760 1734 1771 1761 1751 1765 1764 1778 1669 1720 1704 1686 1683 1729 1735 1675 1676 1685 1677 1690 1676 1700 1661 1654 1671 1704 1696 1649 1615 1628 1605 1564 1606 1563 1573 1600 1538 1537 1544 1566 1557 1540 1571 1572 1620 1539 1560 1560 1558 1567 1591 1541 1530 1531 1492 1514 1501 1514 1594 1659 1762 1986 2369 2736 3178 3692 4030 4544 5092 5525 5876 6287 6735 7192 7504 7868 8182 8349 8639 8910 9030 9118 9250 9412 9417 9563 9518 9619 9769 9664 9756 9801 9884 9734 9727 9721 9738 9784 9741 9706 9486 9500 9459 9369 9343 9380 9333 9359 9261 9026 9040 8971 8966 8997 8945 8733 8735 8520 8577 8517 8425 8342 8251 8265 8163 8183 8098 8149 7869 7849 7749 7706 7698 7805 7671 7666 7609 7546 7571 7390 7237 7129 7194 7148 7090 7009 6972 6781 6861 6815 6780 6637 6686 6652 6509 6470 6414 6295 6277 6195 6155 6175 6185 6139 6105 6027 5991 5935 5858 5830 5886 5798 5702 5632 5676 5568 5514 5476 5412 5350 5299 5311 5311 5236 5299 5243 5172 5194 5189 5104 5060 5048 4990 4978 4944 4963 4890 4947 4849 4838 4780 4767 4704 4680 4558 4599 4639 4629 4629 4584 4531 4473 4427 4441 4349 4376 4289 4253 4237 4226 4285 4236 4096 4110 4074 4099 4145 4168 4166 4101 4135 4100 4029 4050 3981 3953 4033 4028 4021 3936 3849 3854 3787 3767 3743 3799 3753 3752 3710 3644 3648 3592 3599 3645 3609 3613 3627 3597 3603 3612 3593 3557 3491 3525 3503 3443 3372 3427 3406 3341 3401 3360 3371 3348 3351 3283 3280 3182 3263 3267 3282 3282 3256 3239 3232 3212 3238 3165 3137 3106 3132 3154 3063 3036 2978 3020 2975 2969 2926 3010 2968 2991 2959 2970 3011 2988 2949 2960 2927 2877 2848 2838 2784 2799 2848 2782 2751 2875 2808 2882 2873 2833 2811 2795 2763 2705 2667 2646 2695 2678 2760 2609 2585 2545 2545 2605 2551 2507 2538 2594 2604 2547 2561 2546 2523 2539 2520 2464 2479 2547 2577 2514 2514 2534 2468 2538 2480 2509 2418 2420 2406 2438 2399 2398 2357 2364 2388 2395 2327 2273 2227 2294 2326 2335 2271 2226 2334 2269 2285 2300 2271 2300 2315 2299 2321 2295 2278 2250 2238 2259 2241 2202 2142 2138 2199 2199 2137 2188 2151 2135 2148 2204 2084 2084 2095 2163 2061 2048 2097 2055 2086 2122 2139 2078 2074 2047 2016 2033 2052 2009 2022 2025 2060 1984 1947 2009 1914 1891 1973 2016 1986 1967 1958 1953 1936 1890 1880 1898 1882 1872 1882 1840 1852 1820 1825 1805 1825 1810 1790 1787 1817 1820 1801 1829 1838 1780 1776 1785 1795 1749 1765 1754 1778 1847 1834 1845 1808 1810 1758 1825 1829 1835 1798 1806 1776 1731 1760 1805 1815 1775 1712 1755 1736 1778 1698 1690 1727 1757 1731 1707 1717 1736 1739 1748 1689 1681 1690 1644 1645 1633 1679 1643 1643 1651 1650 1656 1638 1584 1625 1610 1636 1604 1573 1604 1560 1539 1600 1564 1568 1584 1546 1621 1573 1572 1577 1586 1604 1618 1610 1626 1634 1601 1597 1582 1518 1544 1582 1526 1507 1490 1550 1533 1527 1524 1536 1519 1535 1518 1475 1451 1465 1506 1520 1498 1482 1482 1451 1435 1406 1459 1394 1479 1460 1471 1450 1483 1427 1444 1467 1451 1441 1474 1411 1433 1475 1480 1480 1442 1421 1409 1435 1440 1406 1396 1419 1448 1430 1426 1453 1445 1459 1459 1453 1452 1431 1427 1396 1408 1403 1426 1368 1390 1407 1363 1332 1374 1358 1338 1317 1302 1289 1333 1379 1323 1308 1288 1335 1286 1304 1325 1298 1342 1364 1301 1285 1288 1272 1275 1294 1332 1240 1261 1257 1316 1346 1349 1389 1331 1338 1329 1294 1243 1247 1274 1238 1246 1296 1295 1258 1244 1267 1232 1212 1229 1208 1228 1246 1226 1301 1359 1514 1781 2056 2485 2974 3401 3898 4327 4885 5397 5774 6091 6587 6933 7280 7489 7776 8178 8347 8634 8947 9133 9069 9230 9319 9431 9595 9583 9564 9609 9527 9545 9513 9380 9523 9456 9423 9343 9381 9268 9227 9137 9134 9112 8961 8936 8889 8959 8913 8944 8818 8675 8632 8703 8574 8583 8297 8330 8283 8159 8029 8071 7958 8067 7894 7976 7773 7776 7603 7584 7649 7464 7517 7322 7343 7290 7282 7249 7118 7128 7110 6963 6927 6865 6773 6816 6706 6602 6645 6636 6476 6389 6406 6290 6398 6314 6244 6226 6182 6152 6173 6023 6008 6037 6035 5970 5900 5793 5757 5667 5628 5584 5446 5540 5485 5444 5362 5320 5322 5289 5162 5182 5145 5121 5160 5125 5038 4977 4966 5000 4931 4827 4749 4788 4768 4700 4744 4804 4796 4702 4622 4575 4610 4542 4520 4564 4533 4424 4440 4464 4471 4506 4409 4383 4362 4345 4298 4276 4314 4287 4199 4096 4029 4067 4041 4063 4112 4010 4045 4058 3976 3948 3991 3924 3859 3873 3849 3757 3800 3822 3877 3908 3845 3759 3736 3792 3744 3613 3559 3479 3488 3604 3536 3491 3527 3468 3526 3405 3360 3403 3364 3345 3343 3340 3307 3345 3294 3319 3323 3267 3284 3320 3250 3203 3205 3170 3149 3197 3159 3100 3143 3192 3177 3133 3144 3106 3085 3090 3053 3031 3023 3040 2999 3034 3006 2988 3015 2977 2927 2933 2912 2881 2905 2876 2867 2805 2883 2905 2819 2761 2803 2842 2868 2876 2896 2865 2778 2768 2763 2769 2791 2697 2659 2680 2673 2683 2668 2590 2593 2564 2601 2532 2488 2488 2448 2479 2451 2512 2527 2526 2431 2355 2327 2358 2452 2408 2409 2390 2432 2379 2426 2467 2439 2427 2414 2442 2408 2401 2441 2393 2358 2414 2406 2360 2392 2365 2300 2319 2369 2323 2215 2254 2283 2318 2258 2246 2248 2215 2232 2203 2242 2217 2285 2200 2156 2176 2212 2172 2192 2189 2140 2167 2121 2099 2073 2117 2105 2113 2053 2054 2077 2076 2042 2038 2107 2051 2055 2066 2100 2101 2050 2020 2017 2014 1989 2006 1979 1956 1956 2026 1970 1944 1978 1919 1889 1942 1954 1983 1984 1967 1997 1947 1926 1957 1948 1927 1916 1900 1853 1846 1853 1898 1885 1885 1836 1786 1764 1757 1806 1796 1831 1794 1794 1804 1835 1836 1786 1777 1720 1760 1793 1841 1801 1775 1804 1853 1822 1830 1768 1763 1776 1763 1771 1793 1712 1710 1771 1740 1713 1715 1759 1729 1707 1707 1732 1721 1691 1638 1690 1707 1684 1680 1617 1609 1610 1659 1584 1647 1641 1609 1604 1568 1601 1567 1591 1527 1517 1525 1531 1515 1500 1531 1562 1550 1581 1610 1606 1583 1592 1507 1517 1542 1567 1571 1537 1516 1541 1502 1471 1476 1518 1526 1506 1473 1501 1552 1544 1535 1536 1525 1499 1507 1533 1505 1551 1561 1553 1526 1502 1541 1564 1462 1490 1465 1465 1429 1482 1484 1500 1457 1466 1479 1439 1431 1445 1388 1443 1422 1386 1401 1400 1416 1437 1411 1408 1407 1440 1476 1470 1510 1481 1425 1467 1412 1425 1386 1415 1411 1409 1444 1464 1437 1435 1410 1367 1372 1373 1346 1375 1362 1373 1391 1352 1350 1351 1346 1349 1346 1368 1375 1316 1327 1334 1329 1350 1328 1266 1341 1330 1291 1274 1294 1279 1256 1235 1243 1227 1262 1220 1221 1184 1202 1205 1213 1221 1255 1237 1194 1253 1252 1236 1239 1187 1202 1206 1209 1149 1190 1172 1171 1184 1241 1237 1233 1250 1226 1257 1248 1225 1194 1220 1208 1224 1226 1186 1216 1205 1194 1198 1211 1203 1212 1226 1207 1257 1281 1212 1244 1238 1218 1235 1215 1251 1257 1218 1208 1203 1213 1222 1204 1171 1182 1166 1171 1173 1165 1128 1108 1085 1121 1104 1117 1110 1123 1122 1085 1060 1092 1107 1136 1126 1145 1121 1160 1093 1156 1148 1144 1142 1139 1124 1109 1103 1104 1105 1102 1105 1078 1091 1074 1116 1161 1081 1083 1060 1068 1065 1064 1092 1084 1084 1110 1074 1060 1034 1048 1051 1064 1045 1034 1038 1013 1016 1042 1025 984 997 1018 1060 1080 1080 1046 1042 1061 1083 1095 1055 1052 1083 1106 1091 1085 1040 1081 1084 1028 1025 1031 1039 1035 1014 967 1030 1030 1076 1045 1023 1012 984 986 989 1022 1020 988 1006 975 995 982 973 984 982 1009 961 988 972 939 975 989 1003 1084 1283 1516 1890 2208 2729 3153 3741 4151 4597 5112 5520 5953 6450 6697 7053 7443 7563 7788 8158 8242 8396 8523 8670 8761 8881 9115 9153 9114 9233 9272 9256 9303 9299 9311 9370 9222 9161 9203 9115 9123 9175 9127 8965 8952 8984 8880 8721 8641 8634 8536 8523 8496 8433 8363 8293 8178 8212 8158 7946 7905 7904 7887 7712 7736 7806 7745 7712 7537 7405 7341 7217 7272 7146 7190 6973 7007 6906 6978 6801 6731 6812 6712 6697 6593 6535 6405 6404 6295 6245 6293 6253 6264 6286 6104 6163 6053 6008 6024 5982 5958 5915 5829 5837 5718 5644 5610 5711 5562 5575 5484 5492 5430 5404 5402 5396 5290 5247 5274 5197 5144 5092 5100 5074 5090 5020 4971 4982 4884 4888 4929 4832 4820 4731 4755 4656 4629 4556 4526 4592 4538 4519 4447 4386 4362 4247 4278 4331 4292 4160 4219 4184 4134 4154 4157 4089 4112 4066 4076 4036 4106 3967 3992 3954 3971 4017 4032 3956 3922 3872 3874 3831 3793 3805 3702 3709 3631 3724 3613 3644 3676 3677 3633 3621 3669 3620 3651 3607 3550 3517 3467 3443 3415 3385 3400 3470 3433 3421 3400 3414 3364 3381 3376 3248 3297 3222 3171 3162 3202 3209 3169 3202 3097 3109 3082 3091 3093 3061 3030 3077 3039 3020 3036 3029 3001 3043 2934 3006 2943 2948 2892 2918 2863 3005 2908 2908 2863 2859 2855 2852 2810 2759 2795 2797 2825 2803 2779 2704 2694 2694 2704 2726 2716 2699 2707 2635 2643 2639 2556 2591 2634 2646 2595 2619 2602 2634 2560 2555 2530 2564 2531 2496 2487 2453 2552 2469 2491 2538 2517 2445 2439 2477 2447 2435 2455 2460 2440 2422 2395 2395 2343 2350 2347 2268 2317 2277 2370 2374 2366 2346 2319 2286 2229 2191 2205 2224 2257 2229 2202 2268 2238 2182 2222 2136 2199 2164 2166 2137 2112 2190 2189 2148 2134 2130 2137 2087 2137 2106 2148 2091 2145 2073 2079 2002 2038 2032 2079 2066 2139 2096 2007 2008 2005 1988 2014 1979 1950 1940 1925 1896 1915 1921 1946 1930 
	PassiveActor 3:
		MolID 0:
			Count:
				0 0 0 0 0 0 0 0 0 0 0 0 0 0 0 0 0 0 0 0 0 0 0 0 0 0 0 0 0 0 0 0 0 0 0 0 0 0 0 0 0 0 0 0 0 0 0 0 0 0 0 0 0 0 0 0 0 0 0 0 0 0 0 0 0 0 0 0 0 0 0 0 0 0 0 0 0 0 0 0 0 0 0 0 0 0 0 0 0 0 0 0 0 0 0 0 0 0 0 0 0 0 0 0 0 0 0 0 0 0 0 0 0 0 0 0 0 0 0 0 0 0 0 0 0 0 0 0 0 0 0 0 0 0 0 0 0 0 0 0 0 0 0 0 0 0 0 0 0 0 0 0 0 0 0 0 0 0 0 0 0 0 0 0 0 0 0 0 0 0 0 0 0 0 0 0 0 0 0 0 0 0 0 0 0 0 0 0 0 0 0 0 0 0 0 0 0 0 0 0 0 0 0 0 0 0 0 0 0 0 0 0 0 0 0 0 0 0 0 0 0 0 0 0 0 0 0 0 0 0 0 0 0 0 0 0 0 0 0 0 0 0 0 0 0 0 0 0 0 0 0 0 0 0 0 0 0 0 0 0 0 0 0 0 0 0 0 0 0 0 0 0 0 0 0 0 0 0 0 0 0 0 0 0 0 0 0 0 0 0 0 0 0 0 0 0 0 0 0 0 0 0 0 0 0 0 0 0 0 0 0 0 0 0 0 1 0 1 1 0 0 2 5 8 6 8 8 14 18 22 23 30 34 33 51 48 50 66 73 83 88 96 100 105 132 138 159 170 189 197 210 241 247 265 271 289 311 337 330 339 360 373 363 400 425 417 442 455 475 460 498 515 537 551 553 546 591 588 592 604 631 656 678 673 679 698 691 694 708 713 746 792 756 780 788 818 802 821 807 821 822 856 831 852 886 869 916 922 873 922 904 941 942 963 953 953 977 964 934 963 960 970 950 969 968 958 933 937 916 942 950 977 935 949 933 959 981 995 1033 1027 1025 1048 1049 1039 1024 1024 1003 1016 1048 1036 1054 1050 1081 1079 1071 1017 1035 1023 1039 1017 1013 1020 961 988 1022 1019 1038 1018 1045 1032 1082 1059 1066 1046 1021 1025 1043 1043 1014 1044 1077 1032 1001 1025 1029 1010 1071 1051 1013 1037 1003 1014 1035 991 1032 999 1029 1048 1065 1042 1040 1023 1011 1021 1019 978 967 996 1022 1031 1042 1006 971 979 960 964 994 956 977 990 971 985 953 944 924 946 925 944 924 931 925 892 883 898 919 924 896 916 915 906 958 921 931 892 877 911 901 912 935 935 914 898 922 915 882 867 879 886 911 855 895 881 882 874 858 843 858 874 860 878 888 889 910 888 859 885 880 884 907 861 863 899 864 839 865 878 883 899 874 858 865 868 853 847 848 830 831 820 832 850 832 817 818 828 796 798 810 818 785 840 818 828 822 783 788 777 765 784 783 782 736 773 758 798 803 794 792 764 813 842 828 807 813 791 765 779 768 763 781 790 754 740 726 753 764 798 794 745 782 729 754 739 717 713 731 723 725 726 734 704 703 709 702 703 738 703 719 715 736 731 722 715 738 698 701 719 675 680 697 668 670 677 650 676 646 642 678 656 637 656 654 673 659 665 651 678 666 637 630 645 670 675 640 639 632 639 635 654 663 627 653 619 640 623 647 648 658 623 609 585 589 596 586 583 592 565 594 593 572 573 567 585 602 594 571 580 591 600 590 600 593 587 591 605 600 610 596 604 620 616 593 566 583 612 585 557 554 539 553 530 564 546 577 569 568 618 576 555 569 583 568 520 548 598 582 563 566 539 571 550 548 588 579 567 557 586 570 547 549 530 523 544 522 525 509 514 512 538 535 567 546 562 531 533 536 529 543 556 554 503 497 492 504 509 527 538 537 520 527 529 537 536 540 536 516 502 505 509 531 512 501 478 508 501 514 519 525 522 519 505 533 515 499 498 518 507 526 508 504 478 477 455 483 500 488 479 475 467 494 462 464 464 492 479 475 483 499 484 495 489 476 497 504 505 491 468 482 469 487 511 485 469 473 480 463 457 456 453 469 472 437 442 446 441 443 450 443 454 414 438 438 446 466 472 448 433 459 453 465 452 426 435 442 450 455 462 447 445 409 436 427 421 424 399 438 422 428 437 434 471 412 424 438 447 424 378 399 387 388 418 398 399 400 395 394 416 414 423 456 443 448 447 466 439 428 426 416 426 416 411 411 383 390 400 416 400 400 407 403 424 390 383 396 403 406 414 404 403 403 401 417 409 420 435 412 415 419 414 373 385 392 389 419 394 357 368 366 374 371 361 369 379 372 390 367 393 355 361 367 337 369 364 377 375 392 361 384 375 386 372 355 371 404 388 368 364 371 383 369 372 393 377 360 374 382 355 365 364 368 381 383 377 362 368 359 343 341 337 340 358 364 353 355 338 337 355 354 338 330 323 345 325 332 349 359 339 328 339 350 331 323 340 327 339 324 360 341 374 332 355 360 320 366 362 382 392 378 396 428 447 415 432 413 467 464 470 486 496 502 501 527 544 547 563 562 558 594 617 602 632 621 684 687 700 718 744 760 764 808 816 820 859 876 908 910 900 916 921 910 926 869 876 922 985 943 967 977 982 1007 1049 1029 1036 1041 1097 1077 1093 1101 1113 1127 1168 1177 1161 1201 1193 1222 1236 1204 1171 1229 1252 1221 1259 1255 1212 1243 1233 1218 1243 1275 1279 1277 1282 1289 1275 1277 1291 1274 1200 1270 1251 1257 1294 1241 1271 1320 1287 1301 1262 1236 1272 1278 1260 1229 1261 1305 1339 1309 1321 1318 1319 1280 1305 1251 1283 1280 1314 1289 1301 1294 1291 1286 1289 1318 1271 1255 1238 1262 1251 1249 1209 1227 1232 1214 1235 1267 1273 1260 1249 1242 1251 1260 1276 1262 1294 1315 1292 1273 1280 1246 1285 1271 1312 1318 1282 1269 1230 1210 1230 1253 1265 1288 1245 1220 1228 1230 1240 1238 1281 1301 1302 1299 1317 1264 1265 1239 1209 1213 1252 1225 1227 1213 1209 1188 1245 1248 1252 1236 1175 1181 1148 1206 1189 1243 1218 1188 1190 1161 1144 1145 1184 1160 1161 1177 1163 1210 1207 1188 1175 1175 1175 1151 1150 1170 1186 1163 1154 1171 1210 1182 1193 1135 1154 1094 1130 1138 1107 1122 1135 1131 1125 1085 1090 1132 1095 1112 1055 1077 1087 1094 1074 1076 1066 1089 1106 1098 1060 1059 1028 1034 1039 1088 1089 1069 1049 1109 1081 1080 1067 1065 1086 1063 1048 1040 1065 1044 1015 1007 1043 1023 1028 1024 1045 1051 1065 1102 1108 1095 1071 1079 1068 1068 1051 1054 1020 1038 1042 1080 1080 1067 1048 1067 1027 1051 1069 1049 1068 1032 1035 1092 1078 1072 1145 1132 1095 1128 1116 1111 1117 1146 1156 1154 1207 1217 1248 1257 1285 1288 1302 1312 1370 1332 1381 1348 1322 1333 1318 1324 1318 1364 1309 1389 1370 1396 1356 1388 1417 1422 1443 1438 1435 1496 1483 1490 1499 1529 1515 1562 1577 1631 1604 1608 1642 1617 1596 1641 1629 1679 1644 1676 1642 1645 1631 1681 1705 1652 1723 1725 1680 1672 1781 1824 1823 1881 1872 1816 1772 1786 1784 1811 1741 1804 1815 1805 1832 1761 1822 1832 1820 1771 1812 1834 1818 1827 1842 1844 1833 1847 1861 1859 1840 1813 1859 1904 1881 1893 1902 1923 1849 1821 1795 1818 1793 1770 1760 1772 1798 1757 1769 1762 1750 1760 1767 1763 1745 1785 1729 1729 1750 1743 1805 1767 1783 1811 1807 1766 1761 1791 1820 1761 1848 1775 1753 1723 1730 1712 1726 1768 1820 1714 1740 1737 1741 1754 1726 1757 1758 1709 1722 1772 1729 1736 1725 1783 1759 1741 1697 1701 1721 1698 1680 1730 1768 1756 1719 1655 1690 1648 1643 1674 1664 1676 1645 1659 1682 1711 1645 1655 1701 1701 1688 1673 1664 1706 1673 1660 1620 1703 1648 1638 1607 1614 1638 1656 1665 1656 1640 1659 1590 1575 1598 1605 1570 1601 1599 1606 1590 1566 1605 1557 1551 1563 1570 1580 1578 1592 1563 1558 1516 1546 1528 1523 1512 1534 1488 1497 1520 1541 1531 1492 1471 1503 1528 1498 1508 1532 1533 1590 1565 1529 1534 1570 1544 1486 1512 1501 1464 1501 1472 1488 1495 1461 1469 1421 1440 1445 1411 1414 1427 1394 1368 1382 1369 1378 1384 1362 1370 1413 1384 1364 1344 1349 1373 1393 1366 1355 1377 1381 1366 1408 1304 1353 1366 1366 1366 1356 1400 1374 1406 1374 1320 1316 1345 1358 1386 1351 1392 1362 1357 1308 1370 1360 1335 1339 1331 1335 1289 1275 1288 1267 1290 1289 1315 1284 1283 1319 1333 1373 1319 1282 1238 1258 1253 1242 1234 1274 1280 1283 1311 1255 1251 1246 1237 1232 1276 1213 1199 1250 1257 1255 1225 1244 1242 1246 1206 1199 1153 1196 1187 1187 1185 1201 1237 1224 1214 1229 1234 1224 1207 1186 1175 1177 1193 1195 1187 1168 1192 1197 1208 1209 1209 1155 1136 1184 1155 1157 1132 1181 1161 1152 1167 1154 1124 1167 1114 1048 1106 1099 1117 1083 1149 1095 1120 1085 1063 1076 1075 1050 1082 1106 1128 1079 1040 1038 1068 1095 1071 1036 1091 1065 1052 1052 1070 1064 1067 1076 1049 1053 1067 1089 1130 1077 1079 1088 1102 1102 1070 1102 1051 1042 1043 1025 1051 1016 1019 1027 1009 997 1041 1021 1004 1012 1000 999 1002 999 1037 1002 1043 1016 1032 1031 1023 1012 990 950 996 963 989 1017 1015 998 982 962 936 915 965 978 975 1025 980 984 984 960 957 930 926 997 975 970 992 956 977 940 939 868 895 910 927 934 908 968 950 939 962 943 943 883 888 879 931 896 938 950 959 920 937 919 904 903 913 947 893 916 889 907 908 878 925 902 879 907 882 881 868 883 892 870 835 864 839 861 880 859 854 840 860 860 869 828 830 871 814 843 821 856 854 852 825 825 791 827 858 855 833 840 842 862 842 852 819 867 862 847 836 862 850 842 804 794 835 813 795 805 838 831 827 836 861 850 833 841 807 833 808 835 836 830 806 782 772 781 788 811 805 807 857 875 891 872 869 865 838 837 824 808 759 812 812 822 792 758 783 784 768 783 759 759 760 787 756 778 773 750 744 744 759 772 758 725 725 717 703 707 715 729 706 732 749 736 721 693 712 732 749 763 769 775 811 799 786 784 739 774 760 755 721 740 752 743 733 730 691 687 692 663 653 653 663 697 688 692 674 646 663 681 688 689 692 730 725 711 752 718 712 751 705 722 741 724 718 737 704 714 725 711 696 698 719 697 708 693 700 705 717 698 725 699 729 722 733 712 743 668 666 692 706 684 686 663 648 660 660 631 646 680 676 626 612 619 606 617 648 614 649 596 671 655 651 667 662 657 672 654 654 667 659 676 685 690 688 651 666 659 663 645 632 638 651 692 673 673 657 637 657 658 676 666 649 673 644 655 615 635 621 619 627 610 643 644 651 622 632 662 656 632 628 596 606 609 609 615 590 543 561 553 555 565 544 543 577 592 572 568 590 583 553 547 529 558 569 556 586 577 610 584 576 580 585 572 568 568 562 550 537 542 540 525 509 517 544 529 549 571 562 565 566 585 581 585 575 563 556 569 579 573 559 538 562 551 553 556 566 602 600 562 575 566 572 582 592 555 563 539 539 562 552 528 533 529 506 526 521 540 580 569 543 552 568 561 569 569 572 598 648 626 625 629 652 657 661 612 610 615 643 606 678 694 695 694 700 710 742 746 746 768 795 816 839 845 852 856 876 894 926 939 980 976 991 1001 1010 1011 1056 1035 1043 1073 1100 1149 1104 1146 1174 1189 1175 1191 1200 1206 1264 1278 1234 1275 1268 1252 1280 1311 1298 1343 1351 1341 1315 1300 1320 1295 1351 1326 1378 1412 1420 1397 1398 1389 1421 1446 1441 1441 1438 1423 1467 1511 1482 1475 1537 1481 1486 1426 1465 1483 1450 1451 1473 1459 1446 1465 1436 1464 1462 1489 1476 1518 1510 1520 1525 1494 1461 1532 1504 1487 1496 1476 1504 1525 1493 1584 1557 1573 1591 1555 1588 1526 1485 1510 1515 1549 1519 1569 1517 1523 1487 1561 1570 1570 1536 1528 1510 1550 1474 1488 1486 1528 1512 1462 1480 1533 1587 1541 1555 1514 1497 1510 1514 1483 1527 1553 1522 1530 1533 1532 1571 1508 1491 1502 1471 1505 1471 1468 1461 1476 1501 1451 1462 1446 1467 1469 1443 1419 1425 1428 1401 1373 1397 1380 1432 1464 1498 1444 1441 1433 1457 1408 1432 1457 1430 1445 1411 1389 1423 1398 1381 1469 1477 1446 1408 1369 1387 1336 1357 1371 1375 1377 1407 1413 1401 1366 1400 1426 1414 1369 1342 1347 1360 1350 1380 1366 1340 1369 1365 1343 1344 1344 1323 1323 1342 1365 1334 1338 1332 1340 1309 1356 1403 1348 1347 1365 1356 1346 1340 1338 1323 1324 1306 1289 1281 1266 1294 1311 1316 1272 1286 1327 1318 1307 1285 1258 1261 1302 1303 1291 1271 1249 1318 1280 1304 1272 1280 1310 1306 1292 1276 1224 1263 1275 1287 1241 1293 1292 1288 1325 1337 1337 1313 1292 1298 1219 1261 1253 1223 1187 1232 1253 1187 1173 1157 1168 1164 1152 1142 1172 1159 1160 1174 1169 1158 1148 1144 1136 1154 1131 1152 1204 1148 1125 1140 1123 1143 1124 1133 1127 1117 1101 1109 1152 1144 1159 1138 1153 1118 1104 1067 1089 1152 1078 1083 1051 1052 1088 1136 1160 1087 1085 1077 1087 1102 1111 1077 1027 1081 1056 1066 1060 1038 1047 999 1057 1074 1050 1039 1038 1100 1132 1087 1107 1106 1135 1115 1111 1111 1102 1102 1108 1071 1104 1116 1133 1088 1062 1054 1012 996 1040 1041 1018 1020 1037 998 989 970 976 954 983 981 970 973 950 961 978 918 943 954 958 987 996 992 1015 997 999 955 1003 990 1014 1015 1008 1042 993 972 975 964 932 949 909 889 921 916 915 950 939 939 919 942 921 928 898 920 887 933 927 963 987 985 1023 993 1006 1005 970 1001 1051 1069 1056 1037 1049 1081 1078 1109 1109 1132 1147 1160 1151 1160 1168 1207 1210 1204 1203 1251 1233 1245 1306 1296 1311 1333 1363 1373 1358 1390 1372 1383 1347 1373 1408 1485 1448 1436 1425 1412 1434 1485 1494 1505 1547 1548 1567 1610 1614 1587 1654 1622 1614 1643 1622 1642 1584 1660 1645 1690 1644 1618 1715 1671 1694 1707 1709 1686 1736 1773 1794 1737 1755 1790 1745 1763 1803 1802 1859 1829 1758 1764 1778 1830 1833 1825 1858 1842 1869 1853 1862 1863 1833 1810 1823 1781 1766 1775 1794 1792 1772 1811 1791 1815 1862 1836 1827 1808 1802 1828 1793 1821 1772 1729 1784 1737 1822 1798 1787 1773 1776 1775 1792 1737 1841 1815 1827 1781 1805 1796 1786 1759 1798 1870 1855 1772 1758 1737 1766 1801 1767 1791 1780 1781 1806 1777 1760 1786 1779 1781 1845 1819 1809 1754 1762 1765 1803 1777 1757 1755 1750 1715 1756 1764 1747 1735 1764 1776 1720 1699 1678 1695 1714 1627 1671 1651 1660 1634 1721 1728 1739 1753 1780 1753 1753 1761 1699 1713 1651 1727 1681 1628 1647 1589 1633 1610 1639 1603 1597 1585 1571 1583 1583 1608 1626 1637 1652 1589 1583 1595 1606 1598 1561 1603 1594 1632 1585 1557 1581 1555 1566 1640 1637 1618 1669 1607 1579 1583 1556 1588 1572 1602 1631 1581 1611 1582 1595 1584 1598 1568 1585 1580 1598 1548 1524 1482 1477 1472 1567 1498 1496 1495 1496 1513 1573 1487 1448 1424 1438 1417 1447 1407 1381 1433 1416 1439 1431 1479 1438 1436 1436 1458 1442 1444 1415 1421 1388 1416 1417 1416 1435 1473 1405 1454 1451 1437 1459 1433 1459 1486 1484 1428 1389 1422 1392 1392 1381 1427 1411 1431 1391 1366 1369 1376 1402 1338 1371 1347 1383 1363 1354 1293 1327 1343 1339 1309 1351 1365 1355 1369 1344 1295 1301 1323 1287 1389 1333 1360 1322 1307 1278 1278 1311 1269 1286 1242 1267 1284 1260 1264 1221 1263 1251 1303 1276 1280 1291 1279 1277 1273 1255 1251 1247 1225 1241 1239 1193 1189 1220 1222 1283 1250 1230 1197 1187 1206 1193 1149 1208 1185 1174 1163 1155 1200 1233 1215 1229 1212 1189 1192 1233 1209 1228 1224 1208 1163 1233 1181 1175 1175 1212 1184 1169 1122 1191 1152 1191 1150 1160 1125 1150 1145 1152 1144 1130 1150 1160 1165 1179 1150 1181 1180 1158 1152 1151 1132 1134 1100 1090 1127 1113 1082 1094 1067 1109 1171 1124 1103 1087 1128 1082 1101 1090 1105 1109 1169 1173 1150 1132 1117 1121 1093 1137 1174 1168 1160 1167 1172 1172 1150 1166 1217 1224 1255 1271 1227 1254 1275 1283 1312 1333 1314 1336 1343 1321 1386 1330 1347 1347 1346 1360 1392 1429 1395 1408 1406 1452 1464 1484 1499 1502 1577 1562 1593 1612 1631 1655 1628 1640 1658 1713 1716 1718 1699 1683 1653 1662 1678 1666 1654 1699 1702 1719 1726 1763 1749 1776 1726 1839 1791 1796 1795 1764 1818 1796 1806 1815 1841 1816 1842 1862 1858 1828 1808 1885 1908 1884 1921 1872 1873 1890 1940 1998 1962 1943 1905 1943 1929 1975 1981 1963 1933 1982 2007 1996 1967 1953 1924 1972 1996 1975 1992 2014 1971 1898 1965 1939 1961 1921 2006 1958 1933 1936 1929 2005 1958 2002 1937 1964 1936 1937 1930 1903 1896 1843 1848 1901 1871 1919 1929 1908 1956 1959 1919 1947 1937 1874 1823 1873 1847 1880 1837 1875 1918 1931 1908 1870 1821 1874 1839 1830 1882 1822 1870 1914 1889 1930 1952 1891 1911 1839 1854 1880 1893 1821 1841 1825 1797 1834 1850 1846 1828 1863 1830 1878 1911 1888 1880 1867 1880 1848 1772 1806 1859 1799 1776 1824 1789 1792 1768 1728 1750 1729 1718 1747 1783 1757 1721 1732 1718 1695 1735 1755 1763 1711 1742 1731 1686 1680 1655 1695 1698 1653 1711 1663 1665 1694 1633 1649 1702 1691 1671 1693 1727 1645 1660 1653 1693 1673 1717 1716 1656 1693 1710 1749 1729 1677 1672 1675 1668 1595 1629 1647 1652 1679 1661 1651 1639 1641 1649 1639 1639 1617 1647 1622 1622 1657 1640 1585 1619 1581 1586 1625 1627 1621 1588 1544 1573 1490 1522 1507 1565 1592 1603 1598 1609 1589 1586 1575 1566 1568 1530 1607 1606 1623 1566 1636 1572 1652 1564 1511 1489 1523 1544 1532 1524 1518 1491 1511 1471 1485 1453 1444 1456 1437 1467 1482 1489 1490 1473 1454 1522 1483 1459 1440 1458 1435 1444 1450 1422 1403 1355 1426 1394 1447 1453 1442 1446 1432 1463 1459 1465 1442 1413 1410 1397 1370 1365 1336 1327 1365 1343 1408 1387 1382 1415 1384 1397 1413 1391 1388 1352 1353 1394 1429 1389 1396 1412 1377 1350 1359 1416 1374 1409 1373 1356 1357 1409 1374 1362 1322 1325 1329 1345 1331 1306 1290 1301 1311 1283 1287 1308 1334 1301 1345 1306 1299 1313 1277 1245 1238 1276 1269 1291 1261 1232 1255 1230 1214 1212 1187 1223 1242 1280 1265 1264 1256 1248 1249 1227 1241 1197 1225 1175 1205 1239 1218 1212 1255 1270 1287 1218 1282 1259 1292 1308 1289 1316 1274 1297 1283 1297 1312 1288 1255 1237 1213 1256 1225 1200 1250 1206 1234 1162 1195 1144 1155 1178 1189 1182 1202 1179 1191 1200 1233 1216 1202 1197 1171 1159 1194 1183 1145 1124 1142 1175 1133 1152 1178 1146 1185 1144 1157 1169 1156 1124 1133 1135 1119 1096 1103 1130 1078 1051 1040 1069 1065 1077 1100 1128 1129 1141 1138 1124 1126 1125 1090 1099 1086 1073 1048 1044 1040 1029 1083 1053 1093 1057 1099 1081 1065 1043 1032 1065 1064 1044 1016 1031 1043 1043 1052 1042 1051 1061 1029 1040 1013 984 1009 965 958 996 979 1008 1007 1043 1062 1046 1057 1031 1041 1034 1025 961 1002 991 979 933 930 914 922 926 962 964 985 990 1006 1011 983 963 981 964 966 922 929 955 967 939 998 979 969 933 975 965 994 944 974 985 978 959 939 947 936 955 942 895 953 908 933 977 973 1012 1020 1037 997 1040 978 1041 1079 1075 1066 1112 1114 1122 1133 1106 1141 1177 1189 1234 1232 1239 1215 1189 1218 1242 1264 1255 1313 1289 1338 1335 1305 1341 1387 1391 1439 1437 1490 1484 1446 1447 1507 1556 1543 1490 1579 1525 1542 1591 1609 1556 1603 1557 1596 1669 1717 1708 1701 1687 1733 1665 1749 1703 1657 1637 1631 1680 1635 1625 1676 1687 1743 1675 1707 1709 1722 1784 1719 1722 1714 1774 1744 1728 1751 1794 1799 1809 1808 1810 1766 1778 1809 1848 1836 1819 1866 1874 1818 1834 1869 1891 1918 1887 1893 1870 1827 1880 1794 1811 1879 1881 1857 1889 1890 1878 1857 1809 1823 1818 1863 1919 1859 1810 1828 1847 1806 1805 1850 1817 1765 1826 1820 1868 1875 1826 1825 1783 1870 1847 1840 1868 1868 1848 1868 1790 1807 1835 1893 1831 1883 1866 1828 1831 1876 1826 1802 1813 1824 1797 1812 1841 1845 1839 1806 1803 1805 1825 1870 1840 1864 1834 1850 1865 1850 1852 1798 1885 1885 1883 1856 1857 1891 1860 1847 1828 1825 1777 1850 1803 1821 1841 1820 1891 1805 1746 1725 1799 1800 1790 1754 1757 1734 1707 1770 1763 1793 1779 1770 1727 1687 1784 1696 1739 1723 1624 1634 1645 1662 1685 1686 1746 1752 1753 1731 1685 1684 1664 1680 1678 1681 1710 1692 1682 1620 1626 1657 1629 1603 1666 1634 1613 1610 1651 1664 1654 1630 1636 1633 1596 1557 1602 1627 1627 1627 1652 1602 1545 1566 1579 1536 1508 1542 1518 1496 1478 1460 1495 1460 1455 1480 1554 1502 1513 1554 1564 1532 1508 1527 1564 1577 1548 1532 1503 1457 1505 1531 1487 1490 1533 1478 1439 1439 1478 1482 1525 1524 1519 1529 1506 1472 1495 1479 1456 1484 1486 1444 1404 1420 1428 1384 1385 1404 1469 1423 1425 1424 1417 1419 1402 1387 1372 1437 1403 1413 1369 1399 1392 1389 1363 1410 1376 1403 1400 1363 1404 1403 1337 1390 1360 1332 1357 1391 1418 1416 1384 1418 1374 1368 1361 1363 1382 1378 1397 1344 1339 1331 1381 1351 1390 1380 1336 1296 1353 1323 1308 1298 1354 1300 1343 1317 1313 1287 1302 1274 1319 1360 1318 1318 1289 1314 1300 1289 1321 1336 1283 1288 1267 1273 1220 1259 1248 1270 1244 1234 1283 1249 1226 1283 1267 1284 1253 1268 1238 1224 1266 1291 1255 1244 1230 1242 1239 1233 1198 1237 1255 1209 1220 1224 1153 1213 1198 1172 1159 1202 1157 1165 1170 1157 1193 1143 1158 1217 1202 1245 1232 1253 1220 1155 1136 1161 1192 1174 1151 1169 1187 1185 1214 1194 1200 1214 1222 1184 1160 1148 1176 1138 1127 1134 1132 1115 1061 1073 1086 1102 1094 1105 1130 1105 1132 1125 1111 1108 1116 1121 1123 1097 1124 1122 1162 1123 1121 1103 1099 1137 1160 1131 1156 1112 1148 1142 1060 1112 1058 1110 1093 1113 1105 1119 1114 1123 1114 1164 1156 1156 1118 1098 1071 1070 1057 1090 1098 1097 1089 1097 1108 1094 1097 1119 1049 1063 1054 1057 1060 1004 1013 1000 1005 1024 1069 1096 1075 1081 1053 1063 1067 1091 1064 1042 1069 1060 1043 1019 1025 986 1032 988 1001 1030 1057 1039 1033 1042 1048 1015 1032 1039 1028 1039 1054 1047 1026 1045 1052 1037 1052 1018 1061 1075 1039 1008 1052 1021 1021 987 1030 1001 991 984 973 1002 943 961 983 932 912 943 961 970 977 974 980 988 1003 991 1015 987 973 999 1012 983 976 964 990 982 965 983 985 988 984 980 948 935 943 934 926 918 988 978 989 954 924 947 941 950 985 982 970 930 927 966 939 926 956 926 896 914 909 918 907 928 920 922 889 910 927 901 882 893 894 904 933 932 865 893 900 903 896 921 873 890 881 914 958 932 932 954 914 958 929 943 913 892 842 898 882 918 903 890 952 959 944 925 900 903 924 913 935 938 916 944 956 962 923 906 882 861 822 846 879 846 825 869 876 866 887 921 913 923 932 901 898 878 846 906 867 874 885 881 892 867 841 854 832 821 851 813 826 816 798 809 809 803 798 842 861 806 796 812 817 837 881 858 861 823 805 842 858 864 861 844 826 866 865 865 858 906 879 902 917 924 929 933 960 968 981 981 1006 1040 1043 1047 1030 1078 1094 1108 1139 1133 1118 1165 1130 1189 1186 1154 1173 1204 1246 1255 1320 1333 1361 1298 1313 1310 1368 1332 1407 1401 1431 1437 1457 1444 1487 1493 1506 1493 1515 1515 1549 1545 1582 1531 1589 1598 1609 1587 1625 1594 1606 1696 1649 1697 1655 1643 1624 1701 1676 1697 1649 1690 1687 1685 1727 1715 1757 1765 1745 1731 1675 1717 1657 1740 1724 1714 1704 1750 1719 1738 1753 1730 1752 1792 1798 1765 1811 1794 1744 1776 1815 1785 1784 1795 1819 1799 1819 1828 1835 1806 1857 1778 1803 1843 1796 1825 1784 1793 1782 1765 1815 1830 1770 1760 1825 1815 1871 1808 1841 1789 1809 1796 1811 1791 1773 1814 1835 1841 1810 1817 1835 1820 1819 1802 1766 1756 1775 1716 1748 1791 1743 1749 1792 1809 1797 1734 1754 1758 1755 1820 1820 1758 1790 1797 1791 1758 1734 1757 1755 1741 1724 1686 1672 1741 1711 1757 1759 1709 1725 1699 1676 1671 1666 1659 1690 1670 1686 1638 1658 1691 1680 1635 1690 1651 1710 1652 1682 1668 1665 1651 1642 1601 1585 1611 1641 1533 1624 1566 1548 1581 1592 1553 1566 1509 1563 1561 1557 1604 1573 1564 1546 1583 1576 1536 1558 1559 1565 1566 1562 1560 1529 1551 1497 1503 1510 1520 1541 1562 1558 1466 1506 1470 1484 1537 1578 1570 1549 1495 1561 1560 1552 1570 1549 1509 1502 1492 1470 1472 1453 1449 1447 1473 1473 1466 1477 1467 1494 1497 1495 1457 1480 1407 1408 1438 1428 1444 1416 1425 1435 1406 1403 1360 1376 1393 1397 1408 1352 1355 1325 1351 1315 1412 1390 1401 1438 1416 1395 1352 1352 1362 1423 1381 1374 1364 1358 1394 1360 1402 1408 1393 1395 1412 1382 1412 1419 1424 1374 1368 1358 1368 1384 

