Realization 0:
	ActiveActor 0:
		0 1 0 0 0 0 0 0 1 0 0 0 0 0 0 0 0 1 0 0 1 0 0 0 1 0 0 0 0 1 0 0 
	PassiveActor 1:
		MolID 0:
			Count:
				0 0 0 0 0 0 0 0 0 0 0 0 0 0 0 0 0 0 0 0 0 0 0 0 0 0 0 0 0 0 0 0 0 0 0 0 0 0 0 0 0 0 0 0 0 0 0 0 0 0 0 0 0 0 0 0 0 0 0 0 0 0 0 0 0 0 0 0 0 0 0 0 0 0 0 0 0 0 0 0 0 0 0 0 0 0 0 0 0 0 0 0 0 0 0 0 0 0 0 0 0 0 0 0 0 0 0 0 0 0 0 0 0 0 0 0 0 0 0 0 0 0 0 0 0 0 0 0 0 0 0 0 0 0 0 0 0 0 0 0 0 0 0 0 0 0 0 0 0 0 0 2925 22798 41190 53132 60597 65194 66907 67485 67273 66233 64530 62686 61116 59331 57307 55392 53657 51660 49874 48121 46532 44698 42991 41665 39968 38921 37351 36090 34929 33749 32865 31822 31025 30003 29262 28441 27330 26738 25981 25311 24779 24061 23600 23226 22403 21839 21474 21108 20474 20127 19511 19048 18725 18363 18024 17512 17160 16900 16556 15995 15670 15407 14996 14802 14508 14184 13878 13723 13447 13174 12982 12724 12466 12244 12217 11978 11850 11664 11538 11305 11108 10940 10751 10610 10554 10343 10138 10003 9742 9629 9535 9354 9234 9243 8993 9005 8913 8635 8506 8450 8261 8125 8112 7917 7779 7706 7659 7583 7499 7345 7335 7100 7101 7018 6840 6811 6730 6684 6601 6604 6555 6535 6412 6249 6078 6086 6064 6047 5914 5839 5779 5762 5720 5664 5618 5503 5591 5537 5512 5479 5473 5261 5160 5033 5150 5014 4971 4955 4902 4745 4837 4780 4640 4614 4621 4497 4565 4501 4545 4472 4405 4398 4362 4252 4239 4178 4154 4075 4138 4065 4049 4056 3900 3858 3784 3757 3700 3712 3720 3616 3644 3628 3559 3511 3481 3439 3414 3424 3366 3414 3335 3404 3346 3300 3329 3302 3267 3210 3226 3193 3204 3172 3204 3204 3076 3188 3122 3088 3093 3014 2970 2952 2972 3001 2950 2925 2902 2924 2883 2864 2878 2851 2795 2720 2690 2661 2668 2661 2660 2612 2598 2510 2528 2504 2515 2466 2556 2496 2501 2477 2465 2414 2460 2454 2455 2437 2425 2387 2390 2394 2301 2328 2331 2325 2259 2294 2346 2283 2230 2323 2248 2172 2181 2217 2212 2127 2048 2064 2050 2051 2141 2092 2053 2074 2046 2065 2027 2076 2017 1987 1965 2000 1967 1946 1960 2002 1994 1984 1942 1978 1890 1887 1868 1878 1861 1886 1881 1828 1851 1870 1823 1838 1792 1755 1691 1731 1740 1700 1745 1741 1791 1745 1779 1721 1683 1754 1754 1718 1728 1701 1689 1677 1666 1621 1641 1639 1634 1602 1621 1610 1593 1543 1558 1607 1548 1576 1552 1561 1550 1553 1515 1487 1486 1496 1440 1508 1531 1502 1491 1501 1495 1449 1465 1492 1461 1450 1434 1454 1407 1454 1414 1382 1409 1390 1337 1308 1334 1333 1301 1339 1317 1344 1286 1287 1284 1279 1288 1318 1356 1335 1323 1305 1259 1228 1278 1307 1298 1286 1279 1283 1201 1266 1248 1232 1239 1215 1220 1228 1238 1213 1266 1245 1191 1174 1142 1169 1133 1143 1146 1150 1198 1192 1098 1141 1118 1132 1137 1147 1107 1075 1101 1151 1102 1130 1080 1091 1102 1100 1126 1173 1122 1126 1125 1103 1122 1103 1092 1088 1049 1057 1055 1024 1003 1010 995 967 997 1034 992 997 983 1017 963 973 989 958 967 959 949 956 992 965 922 923 930 900 948 930 944 974 945 911 945 931 979 974 965 925 926 940 959 981 964 862 931 949 885 912 918 919 909 861 926 908 914 885 880 887 861 869 850 819 861 880 880 893 858 869 863 816 806 805 837 809 818 846 840 846 791 817 805 785 798 813 803 790 801 778 784 778 784 801 785 767 795 812 793 761 798 820 792 784 808 761 775 794 756 773 749 732 738 726 759 777 773 755 741 741 726 733 767 755 764 771 710 740 729 726 731 699 683 702 695 669 672 682 702 738 705 703 737 702 734 715 680 671 686 673 681 696 698 712 709 694 677 673 697 719 697 698 684 666 640 666 651 656 645 668 677 643 680 665 647 666 650 628 627 641 639 608 596 654 641 635 642 651 670 712 648 663 647 658 632 634 662 655 642 596 596 610 602 569 565 604 598 580 594 599 572 597 599 610 570 603 584 565 575 610 601 596 616 572 575 584 586 573 580 569 577 556 584 565 592 581 574 602 584 557 573 581 569 586 581 559 554 559 556 546 536 560 525 538 516 524 525 551 541 532 567 550 557 596 557 549 559 527 515 507 504 488 493 522 498 528 502 516 514 512 505 508 495 503 504 502 502 489 486 492 497 515 484 491 493 496 486 480 488 489 479 508 526 501 491 487 489 486 473 471 458 479 462 468 462 461 481 469 463 449 461 453 452 430 448 440 466 475 452 452 479 490 470 453 450 457 448 475 448 485 479 478 427 432 467 425 408 433 448 449 469 445 454 441 432 437 413 427 435 417 412 426 418 451 432 424 434 403 421 442 463 418 394 417 409 383 395 420 389 410 422 413 444 432 440 418 407 382 380 386 413 403 429 424 409 381 397 408 413 392 387 388 363 393 380 369 377 355 362 400 401 396 404 387 388 387 367 363 376 371 392 369 392 385 384 398 393 387 375 370 372 394 380 391 364 378 387 393 379 392 413 400 425 393 362 404 401 410 413 385 388 397 412 384 409 408 415 391 391 384 392 381 400 407 400 373 394 390 375 346 356 351 339 345 352 341 334 338 358 355 356 360 362 343 337 316 330 329 337 333 369 351 354 352 334 344 343 352 360 350 349 361 362 360 356 346 343 348 347 358 363 347 341 316 318 312 296 320 334 327 334 316 319 334 323 315 324 305 297 306 305 302 319 289 292 295 293 295 335 320 309 309 337 333 321 299 310 312 317 315 312 323 300 304 313 337 303 326 330 319 309 295 303 325 287 290 273 279 294 290 263 250 281 282 279 279 301 283 265 272 269 263 273 261 283 280 306 288 278 287 264 276 273 301 298 291 283 284 275 291 281 276 286 283 284 282 319 315 305 301 276 270 3341 23202 41238 53424 60874 64816 66828 67541 67436 66277 64925 63424 61108 59374 57359 55440 53639 51582 49677 48150 46566 44965 43037 41382 40162 38873 37726 36420 35155 34188 33028 31952 31165 30328 29192 28399 27948 26942 26332 25606 25044 24293 23865 23205 22489 22082 21340 20822 20235 19785 19596 19206 18841 18420 18099 17873 17349 16922 16672 16466 16071 15708 15427 15029 14697 14735 14218 13984 13780 13530 13120 13047 12777 12539 12333 12083 12021 11768 11604 11429 11302 11024 10841 10638 10634 10363 10230 9993 9926 9593 9572 9487 9346 9390 9271 9116 8958 8853 8766 8526 8357 8181 8077 7963 8051 7869 7778 7630 7543 7489 7351 7364 7327 7318 7222 7073 7033 7021 6930 6846 6710 6673 6628 6534 6525 6423 6392 6296 6240 6181 6131 6002 5985 5893 5848 5766 5681 5678 5580 5531 5546 5471 5355 5358 5343 5334 5242 5196 5088 5091 4950 4945 4977 4860 4802 4827 4797 4753 4723 4583 4489 4481 4489 4439 4455 4352 4319 4312 4355 4278 4331 4232 4205 4223 4253 4170 4151 4081 4065 4011 4009 3950 3907 3944 3843 3762 3735 3805 3783 3735 3668 3676 3729 3670 3605 3570 3533 3484 3435 3390 3475 3449 3393 3291 3304 3353 3417 3317 3319 3189 3191 3161 3080 3133 3103 3039 3049 3102 3068 3006 2971 2969 2953 2875 3033 2877 2868 2879 2902 2840 2898 2897 2916 2894 2939 2894 2790 2774 2833 2804 2741 2652 2703 2638 2662 2589 2592 2621 2579 2529 2592 2603 2610 2539 2541 2544 2479 2429 2462 2430 2395 2356 2368 2288 2342 2332 2280 2268 2303 2282 2263 2282 2300 2250 2207 2230 2230 2265 2240 2221 2205 2225 2173 2145 2125 2134 2091 2100 2102 2149 2087 2101 2097 2036 2053 2045 1996 2026 2009 1992 2009 2022 2011 1998 1966 1914 1898 1849 1903 1880 1930 1859 1844 1809 1831 1853 1824 1832 1791 1771 1829 1747 1739 1755 1756 1736 1732 1769 1802 1740 1752 1708 1748 1770 1745 1746 1746 1740 1662 1677 1706 1673 1663 1641 1686 1652 1695 1670 1694 1689 1677 1674 1593 1601 1659 1566 1615 1544 1561 1587 1553 1546 1566 1573 1607 1571 1574 1561 1550 1493 1502 1529 1521 1490 1524 1574 1489 1512 1486 1466 1456 1406 1437 1453 1472 1454 1449 1467 1470 1483 1424 1430 1417 1403 1346 1376 1355 1389 1385 1400 1357 1393 1343 1364 1363 1362 1371 1421 1393 1365 1353 1356 1374 1378 1364 1342 1330 1303 1296 1303 1249 1283 1289 1278 1248 1207 1188 1199 1245 1241 1279 1284 1235 1289 1240 1180 1223 1197 1170 1173 1146 1174 1162 1178 1211 1196 1154 1139 1143 1143 1141 1103 1113 1109 1105 1100 1077 1090 1143 1091 1153 1149 1143 1139 1101 1113 1127 1179 1185 1133 1152 1174 1143 1108 1171 1153 1182 1109 1065 1084 1094 1133 1096 1075 1136 1106 1087 1113 1077 1068 1070 1082 1049 1067 1077 1066 1015 1043 1055 1066 1055 1041 1045 1052 1020 1015 1020 1040 999 1032 1019 988 1000 975 980 981 962 961 940 956 942 1002 966 989 955 936 958 950 962 970 956 972 976 956 922 942 940 938 916 908 914 920 946 886 922 929 911 924 937 901 891 889 928 864 821 868 884 903 883 907 889 905 877 863 881 863 849 840 856 844 903 814 852 848 843 849 871 845 849 871 856 888 852 860 873 822 817 794 826 798 763 773 786 785 812 803 788 814 795 819 859 836 816 787 790 785 775 798 821 828 801 767 805 777 810 800 781 807 792 793 753 814 799 809 779 796 788 783 765 788 774 801 800 774 733 764 736 760 710 742 720 723 710 719 722 729 725 758 744 742 748 758 755 743 748 711 706 734 758 755 734 724 724 717 742 732 700 716 717 679 713 711 717 683 662 694 688 696 671 652 660 662 647 679 672 676 657 650 673 678 637 626 624 669 643 654 649 634 641 647 621 613 665 670 668 643 666 654 639 674 659 687 630 644 677 665 643 669 653 602 636 633 611 617 595 602 611 574 570 584 624 596 602 617 590 603 585 610 627 597 621 589 602 588 588 574 580 577 597 586 592 569 555 559 552 584 583 602 594 600 566 578 579 552 552 582 588 603 611 603 596 610 594 580 583 614 617 634 629 626 569 559 565 595 574 563 566 573 545 578 582 601 575 600 562 554 564 543 553 528 515 526 529 529 560 567 556 559 541 537 535 537 555 533 550 578 544 557 564 547 537 537 540 554 555 557 570 545 591 563 532 542 523 568 525 520 520 531 542 530 525 529 522 529 531 550 546 550 520 535 546 530 529 546 534 512 499 523 515 505 509 529 524 524 507 520 515 552 537 535 521 521 489 527 521 517 507 523 523 486 468 495 496 484 492 505 497 496 510 503 470 475 453 476 489 480 486 500 490 470 487 502 496 483 483 477 467 473 457 481 465 475 440 453 474 424 436 451 458 463 475 452 463 464 461 470 453 472 486 482 445 437 442 448 457 450 439 436 463 440 420 424 406 432 442 442 453 456 455 463 476 466 451 448 442 413 425 413 420 432 433 453 430 458 454 440 463 447 467 480 480 454 441 435 448 439 454 448 483 442 440 454 452 451 443 424 440 430 433 438 439 431 445 455 446 448 457 405 389 414 397 421 434 408 441 441 427 437 445 441 431 428 450 410 405 406 418 411 438 408 399 413 405 410 411 394 406 416 391 412 407 404 386 416 430 412 415 415 419 425 391 377 404 407 398 414 413 413 397 390 409 391 381 388 389 399 400 413 419 411 398 379 399 397 401 383 394 393 407 418 411 404 402 394 388 406 378 351 364 371 398 368 348 326 356 364 371 349 385 363 363 361 367 376 358 341 338 356 336 350 364 364 370 377 344 324 343 335 333 347 330 341 339 349 358 364 355 335 342 338 336 344 371 365 388 361 376 362 377 359 359 361 361 370 364 356 366 359 352 377 391 357 346 357 381 372 378 357 356 325 331 334 366 345 349 351 343 336 329 332 329 334 321 352 368 345 340 329 336 347 347 358 352 378 351 363 362 363 382 368 357 376 368 380 374 347 354 357 367 366 358 347 340 320 318 342 333 347 362 321 343 306 331 330 363 348 354 329 349 331 349 348 377 345 341 341 346 344 337 360 336 333 331 312 326 314 340 341 336 343 338 330 320 314 295 317 319 296 307 291 285 276 292 293 297 305 297 321 317 320 325 307 311 306 302 319 309 289 297 288 296 294 298 285 316 292 294 320 318 311 321 301 323 316 310 320 293 321 319 306 295 309 324 335 326 303 293 281 256 285 272 297 291 295 297 322 315 323 306 308 305 292 268 289 302 319 312 297 304 296 280 297 300 314 313 302 299 291 286 293 298 293 300 285 288 302 312 311 304 311 288 275 286 258 269 278 278 287 280 302 301 307 317 310 295 297 301 297 309 284 3342 23155 41357 53277 60764 64928 67077 67759 67317 66377 64763 63182 61242 59402 57278 55417 53104 51626 49949 48249 46493 44872 43341 41823 40487 39180 37795 36908 35617 34298 33114 32044 31413 30299 29403 28570 27841 27096 26360 25817 25213 24583 24078 23552 22925 22278 21741 21421 20902 20403 19899 19571 19114 18546 18220 17779 17506 17217 16794 16358 16037 15670 15480 15145 14916 14592 14320 13776 13777 13458 13182 13000 12735 12691 12425 12298 12050 11779 11558 11394 11138 11065 10847 10755 10785 10605 10293 10097 9966 9899 9773 9661 9442 9440 9284 8956 8827 8740 8493 8663 8527 8357 8223 8109 7893 7828 7792 7752 7621 7649 7582 7415 7358 7290 7149 7039 6910 6891 6812 6727 6715 6706 6596 6436 6414 6409 6360 6361 6230 6080 6093 6049 5938 5839 5823 5771 5703 5669 5655 5615 5505 5432 5444 5500 5381 5281 5278 5130 5107 5092 4996 4884 4815 4844 4865 4767 4701 4687 4665 4679 4625 4614 4596 4632 4600 4436 4421 4395 4375 4376 4358 4298 4318 4224 4207 4132 4127 4112 4102 4128 4084 4079 3968 3991 3954 3962 3912 3857 3839 3816 3748 3784 3794 3852 3730 3715 3609 3518 3531 3505 3512 3495 3539 3457 3465 3439 3369 3369 3326 3316 3259 3276 3288 3197 3199 3156 3083 3086 3001 2971 3077 2987 2998 2990 2969 2953 2980 2977 2899 2926 2892 2774 2816 2760 2753 2800 2863 2864 2824 2857 2733 2724 2713 2694 2687 2667 2701 2604 2575 2581 2524 2540 2507 2522 2502 2565 2508 2455 2433 2391 2396 2376 2315 2363 2420 2378 2386 2384 2374 2318 2375 2331 2300 2259 2267 2234 2212 2154 2160 2143 2167 2151 2121 2136 2159 2142 2225 2176 2186 2191 2159 2160 2131 2082 2122 2146 2052 2068 2057 2066 2002 2006 2028 1980 2034 1982 1972 1980 1940 1966 1960 1883 1906 1906 1880 1856 1866 1857 1875 1886 1902 1895 1887 1915 1868 1770 1793 1769 1779 1785 1800 1819 1791 1792 1759 1738 1795 1811 1833 1800 1724 1747 1735 1725 1728 1682 1682 1656 1630 1666 1644 1647 1628 1610 1657 1644 1712 1656 1669 1626 1599 1549 1533 1561 1526 1538 1553 1520 1559 1537 1553 1535 1514 1488 1486 1507 1472 1442 1452 1473 1486 1498 1444 1425 1422 1482 1408 1492 1500 1503 1497 1450 1439 1435 1420 1445 1388 1386 1410 1392 1420 1399 1404 1413 1388 1359 1373 1400 1419 1412 1324 1300 1343 1323 1308 1290 1280 1275 1270 1285 1319 1300 1272 1284 1261 1283 1292 1262 1267 1222 1226 1249 1236 1230 1230 1207 1165 1222 1211 1195 1232 1226 1242 1231 1230 1195 1208 1210 1215 1200 4165 23719 41742 53883 61497 65770 67864 68585 68177 67404 65785 64415 62030 60011 57956 55967 54221 52405 50603 48683 46709 45455 43789 42355 40991 39879 38876 37434 36220 35110 34052 32887 31977 31009 30081 29340 28669 27982 27120 26288 25550 24922 24457 23918 23416 22761 22180 21822 21386 20921 20371 20010 19708 19221 18786 18353 18054 17757 17306 16914 16738 16318 16028 15763 15393 15135 14841 14704 14473 14200 14083 13648 13498 13389 13108 13028 12695 12632 12448 12418 12157 11925 11767 11533 11319 11085 10838 10784 10705 10555 10382 10216 10188 9956 9788 9621 9608 9486 9398 9237 9155 9015 8956 8877 8769 8534 8491 8463 8363 8298 8225 8125 8049 7897 7950 7813 7672 7555 7388 7440 7331 7329 7187 7125 7082 7085 6980 6985 6859 6948 6797 6714 6694 6597 6598 6430 6232 6271 6269 6314 6252 6074 6061 6013 5972 5834 5778 5785 5751 5685 5649 5516 5550 5507 5565 5496 5456 5378 5303 5285 5208 5231 5268 5123 5099 5063 5057 5002 4935 4907 4860 4815 4776 4655 4713 4625 4558 4509 4547 4517 4491 4449 4502 4310 4362 4305 4393 4363 4371 4363 4296 4279 4300 4289 4166 4075 4080 4068 4042 3893 3891 3867 3885 3823 3860 3826 3763 3778 3723 3683 3659 3660 3677 3727 3634 3619 3685 3635 3584 3525 3572 3512 3463 3508 3504 3455 3409 3387 3346 3322 3312 3287 3364 3367 3311 3283 3245 3241 3218 3173 3225 3204 3228 3227 3177 3182 3139 3178 3220 3107 3100 2978 3044 3018 3001 3032 3019 3044 2964 2965 2934 2919 2910 2959 2851 2822 2818 2815 2823 2765 2762 2773 2666 2727 2714 2709 2672 2691 2693 2694 2645 2647 2694 2621 2601 2610 2606 2620 2614 2597 2555 2561 2522 2512 2503 2485 2455 2444 2404 2386 2438 2406 2451 2401 2414 2440 2379 2336 2239 2359 2392 2338 2251 2254 2264 2313 2252 2253 2258 2246 2244 2235 2202 2224 2200 2245 2238 2230 2175 2189 2210 2224 2214 2201 2204 2139 2099 2128 2081 2104 2075 2035 2020 2050 2107 2097 2076 2072 2045 2003 2009 1975 1946 1931 1917 1974 1965 1920 1922 1885 1942 1884 1874 1864 1959 1894 1874 1916 1939 1924 1924 1872 1913 1858 1883 1852 1854 1844 1872 1865 1899 1819 1875 1810 1794 1736 1774 1738 1683 1707 1764 1735 1774 1739 1775 1739 1745 1742 1718 1694 1657 1649 1670 1675 1619 1689 1646 1634 1671 1680 1705 1703 1713 1712 1694 1688 1681 1673 1690 1670 1653 1716 1693 1688 1685 1681 1619 1619 1665 1637 1683 1630 1659 1599 1547 1550 1538 1534 1535 1476 1499 1531 1525 1510 1536 1524 1487 1473 1559 1542 1541 1510 1517 1524 1520 1498 1515 1435 1480 1458 1503 1482 1532 1489 1459 1485 1436 1460 1476 1420 1428 1431 1436 1408 1444 1403 1387 1393 1364 1410 1401 1414 1330 1405 1341 1375 1346 1384 1370 1410 1385 1367 1330 1316 1348 1355 1344 1297 1332 1335 1346 1344 1362 1349 1301 1280 1305 1291 1310 1307 1313 1334 1329 1327 1293 1286 1272 1282 1251 1246 1279 1271 1312 1267 1318 1282 1250 1268 1186 1212 1222 1265 1194 1265 1256 1238 1246 1194 1209 1211 1170 1224 1234 1205 1222 1230 1248 1243 1211 1176 1205 1189 1192 1213 1232 1231 1215 1209 1197 1181 1175 1125 1142 1130 1165 1164 1130 1146 1132 1151 1133 1150 1150 1166 1173 1149 1125 1147 1160 1156 1115 1113 1108 1103 1119 1154 1112 1096 1089 1117 1075 1060 1105 1059 1104 1083 1063 1052 1059 1074 4086 23847 42139 54175 61812 66032 68406 68965 68708 67571 66199 64499 62181 60214 58427 56681 54647 52846 50997 48898 47298 45531 44068 42610 41141 39761 38726 37382 36294 35152 34338 33213 32109 31321 30256 29343 28800 27958 27379 26444 25852 25091 24545 24125 23603 22684 22489 21949 21348 20698 20643 19898 19486 19238 18948 18501 18120 17763 17442 17086 16785 16320 16157 15901 15632 15272 14937 14889 14430 14308 13994 13722 13593 13277 13230 13090 12796 12405 12440 12262 11947 11824 11652 11387 11299 11117 10904 10798 10731 10615 10456 10187 10107 9950 9775 9679 9627 9425 9365 9213 9043 8880 8785 8744 8591 8662 8444 8421 8424 8240 8128 8100 8064 7977 7943 7755 7704 7585 7587 7406 7390 7340 7196 7199 7043 6953 6928 6856 6811 6743 6688 6477 6511 6410 6433 6269 6138 6180 6202 6222 6088 6065 5988 5913 5930 5892 5863 5780 5743 5629 5680 5660 5598 5523 5395 5366 5303 5328 5390 5294 5196 5092 5113 5049 5028 5031 4955 4925 4933 4821 4918 4855 4795 4710 4741 4744 4685 4657 4575 4514 4501 4536 4587 4425 4464 4424 4372 4353 4320 4274 4250 4234 4164 4082 4126 4106 4158 4106 4132 4001 4040 3948 3867 3901 3826 3746 3864 3874 3892 3830 3738 3744 3666 3684 3638 3609 3675 3711 3640 3713 3584 3632 3600 3595 3544 3429 3432 3389 3406 3420 3413 3415 3423 3389 3419 3365 3324 3343 3313 3312 3308 3268 3229 3229 3249 3170 3165 3144 3048 3065 3066 3036 3070 3047 3088 2992 2912 2914 2886 2852 2805 2901 2870 2800 2859 2790 2869 2862 2806 2827 2823 2794 2845 2784 2806 2789 2766 2741 2719 2699 2713 2654 2644 2626 2667 2681 2611 2678 2635 2602 2621 2622 2572 2645 2619 2612 2585 2517 2579 2543 2529 2579 2575 2557 2521 2499 2439 2474 2482 2428 2418 2395 2424 2366 2381 2347 2365 2319 2375 2279 2326 2309 2255 2242 2262 2305 2234 2270 2284 2283 2243 2283 2258 2267 2246 2229 2211 2143 2147 2161 2187 2092 2094 2104 2100 2134 2139 2095 2130 2102 2118 2120 2080 2032 2079 2026 2072 2066 1991 2039 2038 2023 1998 2004 1948 1952 1939 1949 1922 1952 1990 1892 1935 1935 1951 1918 1912 1921 1920 1876 1921 1896 1915 1916 1868 1876 1847 1806 1826 1854 1865 1822 1878 1906 1853 1841 1828 1850 1892 1844 1853 1860 1805 1714 1726 1776 1829 1755 1756 1713 1740 1728 1728 1745 1691 1714 1716 1689 1710 1713 1719 1716 1648 1714 1735 1738 1768 1717 1663 1647 1688 1699 1697 1658 1657 1627 1610 1614 1592 1619 1610 1652 1663 1598 1629 1620 1611 1576 1589 1539 1547 1548 1557 1524 1478 1529 1507 1548 1520 1473 1472 1499 1510 1545 1439 1503 1473 1486 1468 1491 1497 1503 1556 1524 1521 1507 1522 1529 1490 1509 1484 1466 1461 1437 1425 1391 1413 1413 1430 1433 1471 1457 1438 1431 1450 1457 1425 1451 1425 1428 1445 1412 1429 1420 1380 1407 1407 1395 1378 1416 1388 1389 1372 1364 1389 1368 1342 1363 1332 1395 1331 1340 1355 1286 1262 1276 1325 1338 1350 1325 1299 1279 1293 1271 1334 1308 1317 1322 1344 1320 1338 1301 1338 1324 1265 1242 1239 1250 1264 1306 1318 1321 1329 1298 1280 1284 1264 1261 1227 1235 1194 1164 1194 1197 1201 1218 1166 1189 1192 1170 1208 1276 1199 1280 1276 1238 1227 1245 1258 1240 1200 1200 1223 1206 1205 1184 1197 1206 1228 1209 1180 1138 1119 1150 1153 1134 1125 1156 1156 1175 1159 1132 1120 1114 1107 1106 1095 1130 1167 1103 1069 1057 1066 1028 1070 1042 1045 1069 1129 1153 1113 1146 1113 1133 1112 1080 1117 1134 1094 1116 1112 1073 1127 1124 1111 1115 1067 1095 1111 1145 1096 1029 1037 1073 1086 1047 1037 1054 1017 1115 996 1049 1055 1046 1025 1031 1017 1004 1033 1029 1005 1001 1012 1047 1039 1064 1011 977 997 1012 1021 1011 985 1022 1051 1012 1015 966 976 979 1008 967 1022 1017 1023 1019 1033 1003 1020 1045 1042 1030 999 987 969 1002 1012 994 981 931 945 951 974 979 988 954 968 971 947 966 974 1000 991 1010 993 975 970 948 961 951 923 920 933 947 910 886 957 955 953 942 912 921 908 892 885 868 919 913 906 907 945 875 896 891 828 844 819 795 880 851 3823 23753 42056 54225 61645 66156 67984 68456 68311 67225 65620 64084 62113 60244 58343 56345 54385 52406 50640 48721 47101 45547 43835 42477 40969 39698 38198 36748 36129 34758 33652 32714 31681 30982 30052 29216 28210 27555 27111 26326 25845 25038 24380 23987 23245 22548 22167 21651 21333 20635 20183 19718 19408 18854 18439 18325 17871 17435 17117 16915 16507 16170 15975 15517 15545 15145 14964 14854 14405 14126 14010 13605 13285 12977 13012 12993 12559 12331 12162 12066 11887 11661 11623 11420 11196 11087 10922 10812 10629 10415 10292 10201 9932 9867 9799 9541 9480 9193 9079 8937 8858 8864 8826 8672 8529 8386 8241 8323 8205 8164 8053 7831 7757 7577 7630 7604 7468 7365 7374 7246 7150 7132 7089 7051 6829 6888 6815 6655 6772 6700 6640 6588 6484 6431 6367 6310 6219 6215 6242 6130 6045 5925 5983 5921 5863 5890 5803 5799 5709 5744 5608 5536 5484 5420 5385 5403 5316 5294 5178 5113 5022 4955 5035 4949 4901 4820 4783 4741 4646 4729 4563 4575 4646 4594 4600 4593 4570 4502 4439 4420 4396 4318 4352 4377 4287 4294 4307 4181 4211 4182 4160 4178 3983 4022 4027 4104 4083 4098 4006 3963 3854 3974 3866 3913 3844 3749 3846 3728 3770 3734 3692 3541 3588 3604 3493 3479 3535 3517 3533 3498 3444 3436 3410 3404 3396 3405 3469 3347 3321 3354 3365 3345 3389 3319 3294 3255 3263 3194 3160 3173 3171 3145 3152 3131 3073 3046 2983 3025 3016 3009 3055 3060 3019 3008 2939 3003 2905 2919 2917 2874 2853 2807 2894 2849 2811 2801 2840 2781 2780 2770 2738 2734 2755 2753 2736 2720 2720 2758 2679 2730 2789 2680 2561 2617 2639 2577 2543 2574 2589 2574 2556 2576 2477 2500 2450 2390 2441 2444 2469 2456 2479 2470 2456 2385 2376 2312 2338 2367 2388 2441 2381 2354 2328 2341 2373 2303 2354 2404 2320 2261 2271 2295 2264 2303 2316 2292 2278 2251 2216 2194 2193 2207 2188 2191 2212 2195 2139 2120 2075 2114 2066 2144 2159 2116 2111 2102 2124 2090 2002 2062 2060 2031 2069 2089 2076 2051 2091 2050 2012 2045 2003 1995 2008 1976 2001 2029 1950 1940 1939 1965 1920 1970 1934 1957 1956 1933 1856 1856 1854 1861 1786 1805 1817 1802 1862 1863 1895 1861 1832 1804 1844 1876 1843 1866 1790 1777 1816 1789 1801 1798 1794 1801 1790 1824 1838 1800 1783 1777 1778 1813 1757 1775 1708 1705 1718 1670 1682 1689 1703 1699 1708 1683 1657 1676 1640 1585 1667 1700 1680 1705 1651 1619 1636 1672 1658 1620 1580 1630 1576 1620 1607 1578 1578 1621 1659 1673 1622 1594 1579 1561 1569 1558 1546 1474 1511 1470 1486 1523 1493 1453 1443 1480 1501 1517 1507 1507 1460 1502 1465 1471 1495 1483 1456 1475 1471 1481 1500 1491 1521 1509 1469 1434 1410 1385 1452 1385 1432 1448 1429 1435 1438 1443 1412 1419 1382 1386 1431 1435 1482 1489 1457 1458 1451 1443 1440 1403 1439 1397 1380 
	PassiveActor 2:
		MolID 0:
			Count:
				0 0 0 0 0 0 0 0 0 0 0 0 0 0 0 0 0 0 0 0 0 0 0 0 0 0 0 0 0 0 0 0 0 0 0 0 0 0 0 0 0 0 0 0 0 0 0 0 0 0 0 0 0 0 0 0 0 0 0 0 0 0 0 0 0 0 0 0 0 0 0 0 0 0 0 0 0 0 0 0 0 0 0 0 0 0 0 0 0 0 0 0 0 0 0 0 0 0 0 0 0 0 0 0 0 0 0 0 0 0 0 0 0 0 0 0 0 0 0 0 0 0 0 0 0 0 0 0 0 0 0 0 0 0 0 0 0 0 0 0 0 0 0 0 0 0 0 0 0 0 0 0 0 0 8 52 151 293 539 855 1257 1730 2209 2711 3177 3604 4050 4519 5030 5513 5827 6193 6432 6781 6980 7179 7333 7480 7747 7862 7979 8081 8222 8363 8421 8333 8362 8272 8406 8566 8527 8430 8360 8255 8212 8320 8216 8204 8258 8117 8007 7946 7952 7896 7896 7781 7719 7547 7649 7517 7525 7506 7385 7378 7233 7199 7048 6941 6863 6880 6899 6870 6771 6689 6582 6518 6424 6468 6451 6355 6298 6240 6164 6155 6177 6120 6017 6076 5996 5911 5744 5728 5717 5531 5536 5550 5469 5415 5437 5384 5339 5269 5291 5256 5134 5060 5067 5010 4902 4861 4828 4743 4742 4705 4703 4636 4650 4575 4497 4526 4541 4380 4354 4421 4399 4373 4286 4295 4239 4227 4127 4057 4031 3966 4044 3964 3920 3967 3883 3952 3815 3802 3725 3731 3657 3668 3615 3619 3647 3685 3615 3614 3564 3557 3557 3496 3444 3367 3361 3395 3308 3295 3319 3340 3292 3256 3248 3183 3196 3191 3201 3138 3146 3141 3137 3101 3039 3007 2876 2929 2919 2957 2869 2886 2821 2802 2740 2740 2757 2676 2656 2662 2635 2614 2640 2598 2644 2605 2530 2502 2491 2501 2484 2492 2548 2498 2553 2528 2479 2481 2443 2432 2370 2418 2415 2391 2375 2328 2265 2294 2275 2277 2238 2220 2260 2283 2268 2230 2197 2173 2194 2143 2156 2167 2142 2155 2105 2159 2143 2112 2067 2114 2019 2009 2000 1989 1975 2053 2013 1968 1983 1957 1947 1935 1937 1976 1897 1967 1912 1972 1937 1941 1890 1888 1882 1865 1825 1800 1772 1782 1758 1800 1779 1767 1759 1816 1783 1752 1684 1690 1713 1619 1673 1688 1642 1628 1607 1612 1571 1614 1628 1607 1576 1546 1556 1563 1552 1587 1558 1552 1562 1587 1560 1561 1574 1534 1534 1537 1560 1462 1454 1419 1459 1390 1448 1448 1456 1425 1430 1430 1463 1440 1419 1411 1374 1425 1417 1378 1372 1420 1412 1425 1408 1422 1403 1370 1385 1380 1347 1362 1305 1349 1329 1318 1297 1275 1265 1273 1229 1237 1232 1273 1246 1268 1292 1266 1285 1184 1158 1194 1163 1229 1201 1213 1228 1215 1209 1182 1188 1206 1191 1177 1136 1174 1157 1158 1155 1137 1137 1131 1194 1187 1146 1173 1149 1129 1132 1066 1083 1073 1046 1064 1089 1109 1079 1075 1022 1069 1066 1037 1022 979 996 1029 1048 1013 1045 1035 1020 1027 1016 1038 1017 1003 1016 1015 1009 997 995 1023 1058 1016 987 942 981 980 1014 1007 987 963 994 969 945 937 919 917 944 942 950 946 918 904 879 884 908 933 942 929 910 917 901 902 916 900 911 937 896 885 923 896 933 914 882 870 889 878 820 886 915 877 820 848 854 855 802 816 842 836 826 841 810 815 802 792 787 817 823 824 821 819 817 817 799 795 789 771 780 785 787 811 803 783 762 751 763 772 763 714 766 753 746 751 778 750 732 738 704 745 732 720 728 745 729 749 731 765 785 770 756 775 736 716 736 749 780 725 745 739 692 724 714 694 690 708 724 736 735 720 735 719 750 739 737 676 677 666 688 653 665 673 664 669 646 677 652 647 658 678 662 624 630 668 666 619 632 654 630 657 671 620 633 629 620 625 634 641 639 621 608 621 632 631 636 635 648 617 591 601 590 607 625 612 632 610 580 606 558 568 569 578 588 607 631 603 622 638 623 613 556 613 614 573 596 585 573 580 601 605 634 593 591 575 581 563 572 590 577 596 576 554 557 528 580 588 544 550 544 558 569 520 547 513 506 514 516 517 513 512 533 513 543 580 561 563 571 566 571 554 587 581 556 532 538 541 510 532 524 505 540 496 510 514 484 503 481 510 481 466 485 524 520 510 480 510 479 480 480 469 480 476 451 435 453 468 464 477 468 483 494 473 478 470 477 469 457 458 459 442 447 489 492 476 468 492 485 475 500 485 478 481 466 457 492 478 448 460 452 468 491 485 474 469 460 469 468 454 447 435 453 465 474 471 472 494 462 492 450 447 464 447 444 435 426 433 424 431 428 440 453 467 457 423 425 436 423 428 410 426 426 422 430 430 414 429 396 406 444 429 429 433 388 420 418 404 386 375 374 378 374 419 428 439 429 410 409 403 409 395 433 420 452 425 431 449 419 412 428 417 419 390 386 410 412 410 425 431 397 412 424 397 371 381 357 376 365 378 367 394 384 374 361 371 376 352 356 352 353 355 371 376 379 387 351 348 333 354 357 346 361 371 368 356 351 373 359 356 354 366 369 371 369 347 362 381 364 376 361 361 358 374 400 368 409 374 366 342 363 347 356 353 364 367 350 362 353 376 338 331 339 357 361 346 340 340 339 317 326 333 334 319 324 317 292 298 293 302 324 302 317 353 340 335 350 329 325 339 350 333 323 307 313 324 328 339 347 348 357 357 334 332 354 315 324 329 337 341 350 306 321 320 303 299 304 277 287 290 297 321 303 316 325 307 320 310 325 308 304 312 324 302 313 323 331 324 344 343 309 299 301 327 298 284 303 321 326 316 325 311 314 269 294 301 278 294 296 264 270 300 276 257 241 266 242 263 263 259 256 274 280 288 298 283 299 304 295 307 269 259 276 276 273 272 280 272 259 259 268 289 287 275 267 275 262 269 274 280 266 281 284 285 271 303 296 272 312 299 270 264 266 262 251 267 259 248 269 318 421 589 842 1186 1603 2017 2498 2986 3409 3842 4323 4811 5161 5596 5944 6344 6634 6907 7149 7398 7594 7702 7779 7976 8092 8323 8368 8481 8566 8627 8571 8569 8575 8564 8568 8483 8476 8519 8431 8441 8443 8562 8506 8342 8321 8254 8209 8157 8030 8042 7921 7879 7762 7688 7737 7759 7702 7514 7450 7340 7277 7257 7301 7221 7162 7157 7032 6864 6943 6890 6910 6716 6740 6695 6547 6539 6397 6407 6324 6331 6258 6138 6225 6260 6099 6087 5996 5829 5735 5748 5644 5632 5552 5503 5392 5386 5376 5360 5300 5253 5213 5134 5106 4955 4922 4927 4948 4758 4872 4855 4812 4817 4748 4783 4756 4697 4710 4664 4580 4661 4512 4393 4409 4479 4397 4289 4331 4254 4243 4156 4184 4164 4117 4001 3999 4035 3953 3804 3826 3921 3863 3857 3804 3742 3670 3712 3645 3630 3593 3612 3597 3668 3566 3474 3448 3546 3515 3483 3524 3406 3401 3397 3374 3374 3327 3266 3242 3197 3228 3253 3124 3092 3161 3064 3053 2954 3007 3049 3046 3003 2967 2909 2933 2842 2883 2834 2882 2803 2821 2835 2753 2800 2788 2734 2753 2738 2774 2731 2670 2679 2640 2523 2549 2596 2578 2563 2597 2548 2431 2518 2531 2541 2445 2449 2436 2472 2465 2412 2377 2336 2360 2284 2288 2301 2298 2343 2360 2312 2271 2217 2214 2221 2205 2159 2238 2249 2256 2175 2169 2153 2191 2222 2163 2128 2098 2100 2095 2091 2104 2030 2036 2031 2006 2058 2022 2055 2062 2026 2059 2060 2049 2032 2053 2016 1955 1981 1980 1895 1936 1944 1931 1902 1892 1927 1957 1908 1890 1884 1878 1857 1848 1834 1837 1817 1795 1803 1742 1785 1794 1716 1731 1712 1668 1695 1710 1740 1680 1759 1697 1697 1653 1699 1662 1597 1655 1605 1596 1567 1619 1639 1606 1579 1619 1562 1631 1571 1596 1578 1552 1556 1541 1552 1496 1517 1504 1500 1485 1540 1509 1505 1507 1517 1502 1508 1496 1539 1485 1500 1462 1478 1446 1477 1448 1463 1435 1462 1481 1457 1430 1459 1427 1376 1369 1369 1381 1419 1437 1399 1387 1415 1401 1444 1460 1390 1335 1333 1316 1305 1311 1288 1295 1294 1266 1247 1241 1249 1250 1253 1258 1291 1264 1277 1261 1237 1225 1222 1253 1286 1283 1288 1239 1259 1252 1245 1215 1255 1258 1266 1263 1214 1204 1238 1235 1201 1243 1255 1237 1253 1240 1206 1183 1224 1211 1214 1214 1174 1201 1213 1157 1159 1168 1161 1160 1154 1163 1157 1127 1100 1177 1092 1158 1112 1136 1145 1140 1109 1150 1147 1102 1092 1107 1076 1055 1088 1055 1029 1103 1101 1052 1003 1042 1026 1023 995 983 952 966 996 987 996 962 976 1013 976 1031 1051 1044 1025 1043 985 1036 1040 1015 1007 1006 1042 976 968 979 992 957 918 932 931 951 932 898 917 954 877 931 923 890 951 914 925 904 928 941 979 979 947 936 905 869 912 909 946 964 978 934 906 921 911 910 891 906 923 926 888 903 897 916 927 916 864 891 896 905 905 916 875 876 906 884 877 893 859 884 902 848 822 841 841 822 870 818 833 828 842 824 830 809 814 851 834 832 837 813 837 818 816 825 798 776 763 741 750 798 807 779 802 786 793 777 810 782 808 782 792 777 784 795 785 801 779 779 772 753 758 725 730 725 696 715 730 730 720 726 742 723 750 748 730 715 722 669 722 718 682 726 687 709 719 721 760 691 709 661 703 729 719 700 707 704 708 678 719 713 694 734 721 714 720 687 676 710 690 663 677 666 694 670 675 678 663 662 668 673 671 675 670 672 732 707 686 679 669 651 646 650 678 660 661 670 642 662 667 651 665 685 663 641 638 643 637 626 658 603 602 636 595 626 624 583 614 642 621 596 582 621 579 650 615 623 592 610 623 603 578 612 627 611 651 640 609 608 644 640 628 597 583 581 601 577 561 561 568 571 572 596 597 598 580 587 580 591 590 578 584 577 572 604 600 607 601 592 593 568 569 602 580 573 583 571 572 558 533 527 549 578 567 575 577 572 586 602 580 579 559 551 566 552 547 556 533 533 530 527 518 539 583 558 577 573 568 556 580 590 562 591 581 571 592 544 546 551 528 539 535 541 532 507 510 512 541 545 575 556 555 537 534 509 530 541 525 552 543 557 540 547 541 508 492 513 490 469 469 482 464 495 511 503 520 522 528 508 528 545 516 540 524 521 533 523 545 544 516 516 519 517 492 500 488 474 498 524 528 503 497 517 503 430 456 502 458 464 478 475 455 449 451 484 480 495 452 470 484 492 462 485 488 481 489 495 519 474 467 476 470 448 485 475 476 460 455 458 462 460 434 422 442 392 417 433 432 433 440 431 433 429 457 441 436 452 427 453 468 453 445 450 462 444 413 437 429 458 421 429 428 442 458 474 465 441 437 430 432 433 427 418 413 414 444 427 444 433 457 452 482 469 459 466 438 437 473 453 430 430 436 399 382 400 417 397 415 404 396 400 410 403 391 380 406 395 424 422 429 385 411 418 406 418 399 407 426 374 400 440 416 412 414 427 412 400 412 401 396 406 405 413 411 425 406 422 423 419 430 429 427 425 400 392 417 402 394 390 402 383 391 367 401 414 422 410 391 400 406 383 378 372 370 381 418 414 429 406 432 399 408 380 418 407 401 391 398 384 392 384 399 423 400 392 383 399 401 387 385 422 420 404 400 392 391 412 389 401 419 414 426 420 389 397 383 411 427 393 373 379 376 381 391 380 389 389 404 434 418 405 435 412 410 414 399 401 376 400 402 394 389 385 392 364 364 354 370 382 375 356 383 368 355 364 385 375 369 365 370 372 375 334 361 350 361 367 388 348 366 370 362 353 362 377 380 386 363 348 357 364 346 344 317 329 350 362 376 363 355 352 335 332 350 348 347 352 354 345 334 333 337 333 324 353 329 324 304 304 307 286 301 310 328 331 314 320 317 309 309 297 309 326 344 332 346 352 333 345 324 318 339 327 337 332 328 323 323 302 303 333 319 330 335 334 331 342 310 296 333 324 313 301 316 332 323 304 316 305 331 330 335 323 315 313 312 333 336 349 352 335 330 319 326 325 332 330 321 330 318 302 324 314 307 294 303 317 309 326 326 290 308 316 309 311 315 299 311 305 307 303 291 293 309 323 319 295 295 301 285 273 279 243 271 252 315 300 306 297 270 291 276 283 288 269 289 281 290 287 291 289 290 286 275 291 288 275 298 285 282 259 271 270 291 281 262 272 260 286 305 301 287 298 279 279 270 297 293 287 278 281 262 274 293 258 271 285 276 295 297 316 306 314 294 279 313 288 283 286 282 275 281 282 272 262 273 268 263 272 271 276 273 271 260 286 276 296 297 287 279 296 322 426 580 799 1172 1551 1982 2403 2860 3408 3898 4332 4813 5217 5551 5900 6222 6591 6849 6984 7305 7648 7696 7844 8017 8101 8343 8402 8410 8443 8531 8549 8548 8515 8651 8627 8612 8734 8664 8750 8610 8561 8503 8489 8436 8370 8347 8310 8306 8154 8140 8034 8002 7864 7865 7750 7612 7585 7526 7490 7462 7437 7441 7299 7282 7198 7120 7069 7085 6983 7034 6980 6792 6683 6622 6509 6479 6448 6409 6322 6343 6216 6142 6105 6032 6071 5928 5881 5814 5718 5769 5711 5676 5644 5545 5450 5417 5430 5331 5344 5328 5261 5253 5101 5150 5001 4974 5022 4966 4891 4907 4856 4777 4723 4724 4596 4578 4547 4518 4602 4433 4453 4449 4394 4445 4327 4329 4281 4247 4318 4308 4154 4158 4078 4009 4003 3962 4033 3966 3972 4034 3989 3896 3848 3758 3787 3765 3708 3585 3568 3527 3540 3504 3540 3493 3505 3480 3510 3424 3400 3395 3407 3340 3348 3375 3337 3284 3266 3323 3340 3336 3316 3307 3252 3242 3283 3146 3174 3149 3127 3165 3038 2987 2980 2918 2917 2968 2923 2836 2862 2869 2812 2884 2832 2818 2783 2760 2746 2753 2805 2739 2685 2667 2644 2677 2651 2627 2648 2595 2640 2666 2601 2601 2614 2653 2586 2556 2573 2495 2472 2454 2511 2572 2539 2521 2485 2418 2421 2360 2362 2380 2395 2370 2302 2298 2327 2287 2278 2235 2219 2229 2209 2178 2143 2153 2169 2164 2193 2125 2155 2144 2113 2111 2089 2085 2043 2109 2105 2124 2103 2088 2073 2027 2036 1959 1989 1989 2014 1975 2028 2026 1994 1966 1922 1891 1880 1913 1921 1911 1878 1864 1900 1841 1837 1886 1849 1849 1814 1798 1770 1805 1796 1757 1748 1747 1822 1772 1659 1702 1754 1796 1750 1733 1681 1690 1715 1675 1687 1675 1663 1680 1662 1619 1647 1705 1663 1597 1613 1593 1574 1592 1581 1635 1585 1543 1545 1470 1505 1504 1521 1564 1575 1496 1525 1557 1503 1511 1548 1517 1524 1519 1494 1490 1471 1469 1506 1461 1456 1489 1464 1471 1468 1414 1422 1356 1396 1419 1380 1374 1410 1422 1408 1378 1386 1431 1423 1409 1389 1355 1379 1402 1388 1344 1326 1320 1374 1332 1338 1375 1346 1386 1371 1342 1306 1350 1302 1331 1334 1377 1351 1313 1311 1319 1294 1327 1274 1302 1272 1243 1252 1263 1270 1268 1263 1247 1275 1262 1230 1216 1256 1269 1247 1262 1237 1247 1237 1185 1204 1183 1151 1179 1236 1169 1166 1166 1150 1159 1178 1156 1145 1155 1139 1175 1156 1187 1222 1180 1126 1094 1160 1180 1157 1123 1098 1084 1075 1059 1019 1063 1061 1111 1195 1378 1688 2081 2383 2839 3276 3717 4182 4512 5022 5509 5861 6352 6733 6996 7316 7476 7821 8106 8169 8436 8588 8705 8872 8878 8986 9206 9302 9326 9301 9379 9387 9449 9468 9496 9437 9517 9420 9406 9290 9242 9079 9054 9014 9075 9019 8978 8849 8778 8691 8580 8521 8558 8525 8474 8467 8191 8259 8145 8084 8054 8025 7963 7936 7854 7783 7698 7516 7639 7465 7420 7368 7210 7078 7163 7174 7042 6926 6873 6848 6751 6836 6775 6542 6729 6636 6543 6503 6448 6314 6304 6230 6120 6020 6002 6090 5996 6045 5996 5873 5818 5794 5660 5673 5613 5652 5661 5545 5487 5280 5311 5294 5201 5215 5278 5183 5182 5063 5063 5033 4955 4947 4930 4931 4842 4828 4763 4774 4697 4643 4627 4725 4737 4705 4647 4598 4630 4491 4470 4522 4410 4429 4394 4393 4311 4260 4227 4104 4170 4197 4235 4215 4151 4034 4073 3982 3910 3894 3929 3839 3769 3853 3889 3827 3782 3757 3720 3674 3657 3674 3667 3676 3656 3737 3622 3635 3619 3603 3578 3619 3598 3563 3536 3397 3380 3406 3406 3476 3434 3399 3393 3396 3370 3322 3302 3269 3267 3230 3241 3236 3244 3268 3153 3147 3165 3082 3096 3068 3045 2984 2957 3003 2992 2996 2948 2926 2983 2953 2931 2963 2898 2879 2839 2803 2842 2759 2770 2656 2727 2696 2711 2690 2737 2634 2674 2636 2640 2666 2668 2632 2645 2582 2614 2633 2596 2535 2494 2576 2563 2558 2449 2455 2470 2472 2504 2510 2435 2442 2463 2389 2407 2433 2367 2357 2297 2318 2308 2318 2341 2312 2282 2189 2222 2245 2304 2309 2327 2284 2284 2277 2238 2222 2177 2210 2220 2242 2214 2146 2141 2123 2152 2117 2129 2122 2110 2109 2083 2091 2138 2136 2100 2246 2158 2086 2109 2103 2070 2066 2036 2038 2052 2074 2046 2058 2039 2046 2081 2032 1963 1974 1956 1958 1994 1918 1992 1942 1889 1893 1960 1964 1919 1951 1960 1970 1937 1884 1867 1887 1868 1842 1793 1827 1814 1820 1800 1829 1819 1797 1784 1816 1806 1803 1846 1845 1791 1834 1811 1743 1738 1752 1786 1770 1766 1772 1785 1759 1691 1670 1740 1725 1699 1703 1705 1675 1613 1605 1604 1623 1558 1601 1605 1617 1602 1583 1567 1517 1578 1548 1556 1632 1587 1603 1606 1591 1594 1596 1607 1587 1506 1549 1561 1528 1585 1606 1543 1517 1538 1522 1514 1497 1545 1521 1561 1519 1551 1550 1523 1549 1534 1479 1500 1508 1487 1491 1434 1396 1431 1452 1458 1428 1471 1459 1475 1426 1397 1434 1454 1429 1451 1452 1411 1460 1373 1414 1387 1444 1345 1350 1413 1347 1385 1385 1369 1364 1397 1377 1369 1404 1387 1454 1459 1404 1369 1348 1365 1363 1298 1299 1281 1276 1257 1276 1298 1321 1310 1287 1291 1247 1284 1272 1302 1276 1250 1275 1277 1267 1286 1301 1307 1302 1259 1237 1288 1323 1264 1233 1251 1221 1237 1250 1206 1214 1253 1245 1220 1218 1240 1259 1261 1245 1287 1206 1215 1233 1210 1192 1161 1188 1181 1129 1160 1124 1196 1168 1196 1171 1165 1151 1147 1106 1100 1101 1135 1118 1154 1095 1059 1119 1133 1129 1159 1131 1136 1166 1122 1146 1113 1098 1054 1101 1026 1046 1039 1083 1078 1058 1077 1108 1095 1108 1111 1094 1081 1066 1080 1084 1104 1081 1084 1069 1101 1099 1086 1113 1027 1060 1032 1074 1064 1058 1067 1014 1017 1030 1019 1056 1056 1038 1035 1024 1029 1017 1035 1033 1018 1032 1004 1067 1079 1126 1265 1562 1860 2213 2665 3120 3599 4168 4598 4959 5432 5976 6358 6679 7144 7516 7650 7852 8111 8306 8368 8594 8771 8790 8885 8976 9338 9234 9347 9440 9490 9343 9342 9329 9438 9345 9488 9318 9279 9343 9248 9146 8997 9038 9042 8886 8892 8735 8645 8454 8359 8326 8328 8186 8240 8255 8195 8170 8109 8106 7975 7923 7910 7942 7853 7780 7703 7638 7577 7563 7456 7458 7455 7280 7244 7101 7065 7038 7029 7076 7005 6928 6922 6733 6786 6677 6523 6409 6418 6351 6241 6255 6200 6161 6184 6153 6163 6041 5960 5950 5889 5821 5749 5707 5585 5640 5610 5585 5507 5576 5594 5552 5424 5368 5293 5192 5221 5203 5123 5120 5083 5027 5091 5022 4935 4950 4901 4924 4835 4850 4827 4812 4758 4700 4597 4543 4563 4498 4479 4391 4346 4289 4232 4241 4266 4288 4227 4242 4267 4235 4131 4084 4128 4123 4130 4013 4040 4095 4035 3982 3979 4005 3916 3969 3996 3975 3856 3873 3813 3786 3757 3728 3736 3632 3620 3641 3653 3609 3628 3583 3511 3416 3438 3452 3436 3423 3477 3430 3488 3446 3442 3418 3428 3404 3314 3298 3247 3273 3293 3232 3258 3195 3148 3114 3118 3196 3171 3152 3050 3057 3027 3078 3064 3032 3065 3025 3031 2986 2982 2928 2931 2919 2888 2884 2814 2755 2836 2826 2791 2871 2846 2880 2839 2805 2763 2743 2647 2675 2660 2616 2581 2586 2665 2647 2652 2624 2668 2584 2606 2666 2702 2627 2542 2630 2527 2523 2502 2490 2494 2533 2527 2532 2474 2562 2523 2549 2509 2514 2460 2483 2448 2445 2440 2428 2375 2338 2288 2309 2309 2354 2306 2263 2269 2327 2364 2292 2330 2311 2271 2279 2300 2300 2204 2266 2227 2219 2181 2213 2217 2205 2167 2148 2145 2174 2190 2121 2115 2090 2094 2075 2060 2111 2138 2131 2110 2012 2063 2059 2060 2088 2032 1945 1914 1971 1999 1965 1994 1996 1986 1964 1943 1880 1909 1900 1884 1903 1923 1985 1934 2023 1960 1988 1904 1898 1875 1962 1928 1968 1965 1905 1832 1836 1871 1857 1839 1774 1766 1804 1803 1843 1864 1867 1824 1795 1801 1874 1842 1815 1786 1784 1834 1798 1811 1774 1754 1772 1751 1764 1737 1739 1757 1796 1732 1707 1745 1724 1689 1661 1677 1657 1698 1673 1675 1692 1673 1729 1717 1720 1733 1700 1633 1645 1593 1615 1595 1599 1571 1587 1559 1637 1612 1592 1599 1619 1608 1599 1604 1655 1662 1644 1698 1644 1647 1534 1538 1564 1556 1538 1495 1497 1479 1491 1477 1481 1514 1480 1495 1436 1464 1480 1459 1437 1459 1414 1451 1442 1414 1386 1451 1449 1423 1435 1450 1441 1426 1418 1395 1408 1393 1393 1387 1444 1457 1426 1389 1348 1320 1357 1393 1373 1341 1379 1383 1363 1393 1351 1310 1397 1390 1424 1427 1411 1414 1425 1403 1374 1380 1386 1375 1364 1356 1325 1319 1352 1375 1322 1360 1341 1331 1337 1283 1246 1274 1256 1284 1275 1231 1272 1263 1286 1281 1268 1233 1258 1260 1241 1225 1268 1241 1249 1261 1251 1243 1287 1278 1334 1327 1301 1273 1291 1230 1241 1226 1222 1229 1216 1200 1233 1250 1233 1258 1231 1240 1239 1204 1148 1171 1143 1150 1158 1190 1149 1152 1115 1144 1140 1175 1142 1143 1162 1190 1172 1156 1194 1230 1209 1222 1174 1209 1160 1132 1117 1135 1141 1149 1167 1185 1190 1214 1210 1131 1128 1128 1074 1079 1110 1122 1084 1086 1112 1091 1101 1077 1088 1118 1090 1078 1084 1041 1071 1053 1051 1033 1064 1060 1064 1018 1018 1034 995 1022 1034 1028 1003 1011 1012 1038 1071 1034 1003 1014 984 1000 978 1000 1031 1033 1030 1021 978 964 1004 1009 955 1023 982 993 1001 982 964 993 951 954 969 969 961 975 957 968 1001 947 910 964 967 945 952 920 969 974 941 921 959 972 968 947 969 950 948 926 977 1000 1020 942 955 945 928 943 976 927 927 950 962 907 906 939 934 926 948 952 949 939 942 931 935 921 964 944 938 902 915 916 928 884 911 895 913 922 930 907 958 887 918 914 929 932 934 950 905 899 898 878 883 892 865 927 948 880 869 900 913 879 825 832 829 826 800 805 828 821 823 852 857 881 880 855 872 875 857 913 978 1147 1410 1732 2151 2613 3126 3469 3953 4478 4946 5456 5834 6121 6522 6835 7134 7531 7742 7959 8165 8323 8383 8490 8578 8696 8864 9036 9011 9055 9069 9313 9328 9199 9229 9330 9069 9125 9201 9126 9146 9040 9055 8949 8958 8828 8731 8758 8650 8642 8492 8442 8528 8380 8201 8248 8185 8091 8028 7965 7959 7881 7921 7898 7849 7813 7738 7759 7577 7515 7371 7264 7298 7282 7188 7148 7010 6919 6914 6937 6831 6764 6714 6607 6590 6451 6516 6400 6370 6350 6257 6232 6293 6237 6100 6038 6011 6067 5831 5826 5807 5780 5844 5734 5619 5553 5492 5454 5417 5380 5299 5377 5348 5387 5300 5236 5174 5116 5093 5134 4975 5039 4975 4921 4944 4882 4843 4800 4830 4735 4707 4713 4702 4592 4575 4516 4527 4545 4457 4519 4421 4349 4373 4351 4382 4278 4235 4203 4159 4105 4076 4042 3986 4038 3993 3987 4017 3879 3970 4031 3911 3851 3813 3807 3822 3851 3763 3723 3649 3655 3656 3590 3566 3591 3556 3496 3455 3514 3475 3499 3525 3466 3451 3459 3474 3445 3456 3403 3362 3368 3360 3341 3312 3284 3177 3165 3136 3143 3097 3180 3144 3167 3129 3039 3083 3043 3095 3098 3002 3058 3113 3035 2965 2988 2970 3000 2988 2923 2893 2962 2905 2806 2837 2835 2854 2863 2867 2796 2857 2840 2827 2755 2709 2707 2737 2733 2692 2672 2723 2665 2547 2583 2576 2656 2599 2591 2556 2579 2626 2587 2586 2523 2509 2459 2530 2448 2445 2439 2450 2432 2429 2481 2410 2405 2412 2368 2346 2374 2366 2384 2456 2392 2312 2370 2315 2378 2377 2270 2273 2315 2311 2285 2290 2268 2249 2266 2296 2241 2274 2251 2235 2268 2289 2326 2298 2285 2242 2265 2176 2180 2213 2246 2206 2194 2113 2149 2135 2099 2065 2115 2153 2129 2067 2117 2073 2089 2067 2012 1999 1994 1931 1874 1968 1946 1998 1950 1950 1936 1924 1903 1902 1919 1937 1945 1992 1901 1880 1846 1881 1847 1868 1862 1827 1793 1811 1804 1823 1812 1840 1850 1838 1807 1782 1805 1752 1782 1834 1844 1799 1784 1780 1748 1765 1798 1786 1763 1728 1740 1754 1723 1719 1726 1749 1755 1816 1750 1715 1732 1707 1734 1726 1669 1644 1701 1698 1672 1690 1629 1586 1630 1668 1698 1660 1633 1641 1673 1675 1642 1596 1574 1515 1538 1581 1565 1614 1611 1592 1554 1526 1563 1557 1526 1543 1539 1526 1540 1518 1510 1479 1506 1499 1530 1508 1520 1475 1476 1491 1477 1526 1507 1459 1464 1462 1448 1456 1438 1437 1436 1458 1443 1441 1412 1462 1485 1438 1454 1387 1394 1429 1376 1379 1397 1392 1403 1427 1347 1353 1365 1316 1319 1362 1326 1324 1325 1333 1308 1310 1314 1316 1314 1306 1327 1349 1328 1389 1381 1352 1378 1354 1359 1351 1306 1377 1351 1395 1374 1401 1371 1342 1375 1330 1336 1360 1315 1269 1291 1272 1286 1256 1283 1329 1270 1295 1253 
	PassiveActor 3:
		MolID 0:
			Count:
				0 0 0 0 0 0 0 0 0 0 0 0 0 0 0 0 0 0 0 0 0 0 0 0 0 0 0 0 0 0 0 0 0 0 0 0 0 0 0 0 0 0 0 0 0 0 0 0 0 0 0 0 0 0 0 0 0 0 0 0 0 0 0 0 0 0 0 0 0 0 0 0 0 0 0 0 0 0 0 0 0 0 0 0 0 0 0 0 0 0 0 0 0 0 0 0 0 0 0 0 0 0 0 0 0 0 0 0 0 0 0 0 0 0 0 0 0 0 0 0 0 0 0 0 0 0 0 0 0 0 0 0 0 0 0 0 0 0 0 0 0 0 0 0 0 0 0 0 0 0 0 0 0 0 0 0 0 0 0 0 0 0 0 0 0 0 0 0 0 1 3 1 1 1 4 3 7 12 18 18 22 23 32 35 39 53 54 71 82 82 110 121 136 130 151 174 176 184 207 217 215 222 233 258 265 282 304 314 334 332 368 377 408 431 455 450 442 470 482 472 511 561 540 577 580 583 619 596 603 613 676 690 656 653 684 679 691 715 797 770 790 798 777 811 812 842 825 850 831 865 817 841 842 800 859 872 894 897 903 884 891 928 952 938 919 991 954 946 940 979 997 967 990 972 1007 970 970 948 983 965 1001 984 965 980 1008 976 979 993 1012 1004 1059 1074 1034 1016 1046 1060 1025 996 1049 1075 1082 1083 1073 1095 1108 1123 1074 1095 1088 1079 1089 1014 1061 1025 1057 1052 1041 1061 1074 1054 1061 1047 1101 1057 1092 1080 1049 1076 1074 1080 1037 1014 1016 1008 976 1022 1040 1029 990 985 1012 1013 993 1020 993 1023 1030 992 972 1018 995 1000 1012 1006 967 997 977 961 954 973 1002 1018 1027 975 999 959 1001 1048 1004 1004 995 971 955 948 957 985 1006 991 985 940 924 893 930 915 914 898 904 938 941 971 933 931 909 925 950 923 929 957 964 983 984 978 943 951 960 943 960 955 969 934 987 960 879 947 900 928 928 942 906 913 907 903 908 877 886 865 893 869 840 915 877 884 855 855 875 852 852 857 850 840 844 839 854 834 858 860 854 836 897 841 811 799 814 818 834 809 822 799 793 820 782 807 792 784 769 779 764 775 769 785 754 772 771 762 788 748 741 768 757 754 747 764 746 737 754 739 717 752 744 743 747 707 755 754 726 740 769 740 741 777 764 801 787 764 724 714 708 728 744 721 740 716 733 726 755 736 701 722 747 758 733 741 702 710 687 702 685 663 696 691 678 683 705 682 677 680 669 681 669 686 687 683 678 657 646 658 641 671 669 647 668 652 637 646 642 623 606 649 650 658 664 650 668 634 584 636 648 630 625 624 664 645 614 628 637 645 646 636 629 650 709 666 618 644 633 638 657 638 610 635 654 638 607 630 626 605 614 605 600 572 606 584 581 583 598 600 629 627 608 617 606 606 619 611 577 592 570 585 605 574 563 578 566 575 557 549 577 574 575 563 619 576 606 568 588 596 627 617 591 598 605 607 619 618 585 569 606 580 579 549 561 557 565 543 560 555 548 529 512 540 514 504 536 513 509 522 511 534 512 487 510 495 516 501 507 466 536 501 506 487 498 503 485 522 487 498 523 514 532 503 521 499 446 468 490 504 482 498 495 470 484 482 516 516 513 520 505 504 527 516 514 535 494 510 517 509 504 494 465 442 453 450 461 482 470 448 437 435 425 442 458 462 462 479 470 452 449 454 440 414 438 446 439 456 467 447 428 424 424 446 437 460 430 434 406 404 406 422 426 408 409 389 426 420 416 432 436 471 436 442 440 431 422 437 425 428 444 435 428 412 443 434 445 437 451 410 426 430 420 420 423 422 436 435 438 454 463 443 452 458 434 430 457 404 420 409 416 417 394 409 402 402 426 406 413 413 405 426 394 380 369 382 384 374 378 399 380 374 375 388 376 404 402 395 399 410 401 416 424 417 428 420 416 402 399 376 364 368 383 358 374 380 375 359 377 367 385 369 376 391 390 382 394 416 385 397 372 390 381 374 415 398 392 374 353 373 382 378 365 366 352 354 365 360 358 368 359 358 350 353 348 352 311 342 343 338 329 327 352 342 329 335 325 317 309 312 318 316 327 327 333 325 317 324 303 333 306 321 315 323 311 304 322 319 310 313 326 343 346 336 340 346 332 339 345 321 325 326 333 336 321 321 321 330 353 334 306 296 318 312 323 312 297 295 321 330 348 330 334 340 339 297 309 308 314 321 328 307 306 329 330 326 340 340 326 335 327 301 306 310 288 302 304 308 302 308 307 305 286 297 300 299 311 306 289 299 297 279 281 278 273 279 292 291 272 295 283 290 296 294 300 305 289 269 281 280 282 279 289 313 318 303 295 275 285 305 283 283 270 281 298 300 290 298 281 302 284 274 267 270 294 282 284 281 255 259 272 259 261 262 288 285 286 307 320 300 277 297 307 288 294 310 314 309 285 280 282 284 240 250 270 262 274 264 276 278 285 290 291 280 305 309 316 284 294 292 275 288 303 297 278 266 290 260 249 268 255 253 253 277 254 258 259 241 260 265 258 250 251 265 266 269 261 253 252 234 258 254 264 255 260 257 249 290 297 281 282 278 273 248 252 260 251 253 229 251 257 253 264 273 250 250 233 258 253 250 253 253 241 248 252 234 232 228 226 239 230 225 238 221 240 252 240 237 243 237 228 221 233 244 239 237 244 264 263 244 244 241 262 260 258 262 248 243 230 217 215 213 228 235 227 233 235 233 253 237 234 229 227 223 213 223 234 239 235 218 224 239 209 219 224 212 239 243 229 224 236 228 225 238 215 239 235 205 220 239 236 258 265 274 261 239 268 276 264 274 264 277 285 300 319 322 327 340 353 361 386 381 422 426 491 517 496 540 525 528 552 587 580 597 597 577 604 611 651 665 658 685 691 728 726 739 738 717 770 803 834 804 820 825 847 865 891 913 884 890 925 956 930 977 978 979 1035 1050 1025 1025 1025 1046 1073 1066 1078 1078 1090 1090 1094 1077 1072 1090 1139 1127 1153 1140 1128 1114 1089 1133 1132 1134 1127 1153 1123 1167 1163 1157 1189 1133 1108 1160 1150 1122 1110 1077 1144 1168 1191 1193 1151 1189 1223 1198 1218 1242 1196 1217 1215 1210 1211 1208 1228 1210 1191 1205 1199 1185 1238 1202 1193 1207 1217 1191 1238 1210 1203 1214 1239 1247 1222 1212 1222 1223 1264 1267 1254 1201 1237 1210 1225 1222 1204 1228 1219 1241 1259 1282 1288 1266 1279 1266 1279 1236 1263 1282 1245 1249 1274 1273 1246 1213 1217 1216 1217 1242 1202 1250 1222 1228 1206 1182 1203 1226 1227 1271 1208 1188 1236 1200 1220 1217 1172 1138 1147 1173 1140 1185 1191 1181 1144 1131 1113 1086 1083 1101 1126 1146 1130 1134 1072 1127 1106 1063 1087 1076 1026 1059 1074 1059 1048 1062 1076 1038 1047 1104 1054 1045 1045 1060 1045 1060 1059 1076 1068 1055 1077 1061 1093 1089 1061 1039 1040 1075 1057 1046 1080 1077 1053 1052 1062 1053 1013 999 1025 1036 1028 1001 1001 1016 1039 997 1042 1036 1009 979 1012 1001 994 1003 1028 1021 965 1005 993 1030 1005 991 967 962 946 975 980 1026 991 965 974 954 934 965 976 908 911 964 994 985 937 964 968 958 920 947 919 916 936 974 947 911 946 898 901 924 947 905 930 922 926 902 919 932 929 904 928 908 869 905 893 912 898 960 953 922 907 910 920 904 936 895 894 859 881 903 844 872 894 847 850 851 873 864 871 844 847 844 827 811 812 833 810 861 884 886 851 865 889 847 843 840 829 817 821 803 817 811 834 851 828 816 797 815 800 849 838 793 807 819 817 794 811 790 782 777 772 784 741 766 786 779 780 772 793 766 781 769 790 764 798 793 786 813 772 764 817 760 788 786 792 806 809 789 780 787 779 759 760 761 753 766 755 743 739 757 762 728 742 712 717 734 729 754 745 759 749 746 711 719 739 726 716 706 726 732 733 717 694 708 692 718 721 717 723 708 711 686 731 695 736 735 706 703 701 679 693 693 694 720 704 680 695 719 691 703 659 660 683 673 665 656 646 649 665 633 662 645 628 646 667 677 698 689 653 667 652 664 670 644 604 611 637 604 614 584 598 577 575 577 612 590 597 596 588 621 612 623 609 629 630 654 625 589 611 615 631 649 623 655 640 624 606 585 595 604 591 613 588 622 598 581 603 579 578 585 581 568 561 566 594 587 575 559 554 537 570 555 528 551 549 576 607 593 570 582 566 572 542 538 559 543 549 539 560 551 548 561 546 563 537 547 557 568 562 560 534 539 510 514 527 533 540 552 554 568 553 540 580 574 593 569 586 566 564 565 582 543 545 556 546 571 521 538 533 525 523 546 530 540 536 558 556 525 510 540 528 529 519 513 528 529 532 550 545 525 537 527 509 463 478 477 487 497 502 494 511 517 508 525 502 509 520 517 511 510 513 481 514 521 531 541 509 531 533 526 518 547 509 504 520 509 507 506 499 495 491 503 486 489 460 458 421 419 454 436 455 454 429 446 460 449 458 453 479 504 491 469 473 493 483 462 490 490 467 477 485 470 465 464 454 465 463 457 475 468 475 457 445 433 446 450 445 447 456 477 458 450 460 425 427 432 419 432 460 437 421 438 430 417 420 429 428 449 456 429 449 426 430 433 438 440 460 459 454 458 471 449 440 459 460 456 428 445 433 448 464 416 423 437 440 408 459 435 457 425 422 417 420 423 446 452 453 460 460 441 448 422 403 417 410 437 406 417 402 407 417 409 404 435 420 421 413 415 418 395 419 408 419 456 437 420 422 412 429 410 417 423 423 392 385 372 388 408 412 413 396 403 379 385 394 372 358 366 367 333 327 347 342 365 370 384 394 385 363 352 364 371 373 392 382 364 382 408 398 406 391 413 401 382 384 390 391 380 398 396 372 360 375 361 391 377 376 357 366 355 363 375 345 346 348 354 359 362 360 364 369 371 352 395 375 372 384 382 388 400 378 367 387 400 383 398 390 402 391 389 371 352 363 352 369 378 361 361 354 366 338 368 357 366 362 385 354 374 371 371 377 395 404 371 376 365 364 376 373 373 370 375 374 376 357 363 352 351 337 344 346 356 343 358 361 326 354 386 352 348 327 329 350 360 359 372 344 357 380 379 361 347 339 333 329 356 318 346 354 351 341 360 359 342 334 336 329 353 363 339 311 318 329 322 354 369 332 350 359 373 381 364 367 381 344 346 360 363 327 324 363 345 344 316 332 335 344 326 336 317 333 330 324 315 328 309 310 318 295 288 302 314 300 319 313 287 310 315 329 292 312 324 317 301 334 333 328 323 297 316 305 292 312 298 308 314 321 321 333 328 323 316 334 326 318 314 311 317 329 304 301 293 280 297 289 290 285 300 294 299 311 296 294 289 296 309 306 280 290 308 293 297 267 283 296 278 292 287 277 288 303 298 308 320 307 314 307 286 320 330 303 327 341 318 315 313 311 320 295 313 280 271 281 271 278 298 288 310 308 314 328 294 307 295 298 280 290 287 283 264 293 273 277 293 283 292 302 301 305 304 327 322 334 308 285 302 292 299 277 304 287 278 282 297 311 293 315 325 329 292 312 288 313 290 274 280 280 272 284 275 280 274 290 278 279 293 295 284 276 263 257 277 270 266 286 278 285 271 273 274 289 301 272 288 289 264 249 272 276 259 297 286 298 288 299 265 263 286 287 273 291 269 265 260 257 253 240 249 273 263 253 249 256 254 265 281 280 268 268 257 252 265 279 274 263 265 242 256 246 231 232 244 242 238 250 240 246 235 224 253 220 260 260 271 231 228 234 234 259 240 244 250 261 258 263 262 263 227 234 240 233 238 248 260 264 250 278 278 259 279 270 263 277 273 263 246 244 242 257 276 271 268 262 262 282 274 274 268 255 250 251 255 238 250 232 240 244 242 243 251 243 226 244 232 232 228 212 215 219 217 219 238 236 224 243 219 233 236 230 219 217 215 202 231 233 220 231 225 221 222 233 245 255 231 255 260 277 272 292 298 316 311 334 334 327 348 366 349 367 405 448 465 446 469 477 529 522 516 540 540 551 588 605 641 674 674 699 753 719 733 715 723 728 747 758 761 789 803 782 814 800 841 844 877 891 914 909 900 925 937 952 929 984 996 1002 1040 1056 1049 1069 1086 1112 1112 1132 1105 1091 1149 1183 1164 1150 1121 1157 1158 1162 1175 1219 1240 1199 1226 1199 1228 1210 1215 1192 1152 1136 1142 1200 1185 1190 1182 1180 1237 1191 1173 1166 1221 1224 1226 1240 1230 1240 1250 1278 1296 1256 1298 1269 1266 1233 1288 1296 1292 1277 1265 1217 1251 1243 1221 1275 1248 1237 1264 1240 1224 1193 1178 1211 1200 1276 1241 1237 1257 1263 1249 1260 1261 1241 1238 1226 1268 1272 1314 1308 1332 1285 1308 1313 1234 1240 1234 1259 1256 1253 1235 1233 1251 1235 1218 1222 1203 1240 1223 1235 1207 1235 1228 1218 1239 1231 1276 1233 1256 1203 1239 1198 1168 1191 1187 1202 1189 1208 1232 1230 1168 1178 1177 1212 1209 1208 1233 1197 1239 1241 1189 1218 1177 1167 1120 1121 1118 1109 1121 1101 1153 1135 1162 1166 1182 1166 1170 1163 1158 1136 1178 1135 1115 1124 1133 1173 1079 1114 1097 1091 1075 1062 1102 1091 1081 1082 1130 1093 1155 1107 1120 1133 1141 1118 1126 1087 1133 1078 1088 1113 1082 1070 1092 1058 1089 1058 1078 1064 1072 1074 1061 1050 1016 1001 989 988 991 1010 980 956 960 991 969 1016 992 1009 1047 1040 1038 1044 973 1014 995 1003 986 989 973 1010 997 1043 1069 1034 1021 976 973 968 1001 970 976 995 1013 993 1013 1051 997 991 966 1013 982 948 971 972 992 924 928 935 992 998 995 1015 1006 986 982 960 965 956 913 942 951 936 937 951 924 920 910 910 905 875 885 884 905 889 842 884 890 892 937 941 907 909 917 896 931 904 919 867 875 920 883 869 818 791 838 809 803 830 834 817 846 869 824 846 856 889 852 807 802 843 833 800 750 767 780 829 820 778 782 788 793 791 813 818 812 814 800 814 758 780 777 735 757 746 760 771 799 757 758 761 783 763 775 776 786 803 783 784 791 760 758 756 792 793 765 767 744 787 759 781 807 830 806 781 772 765 787 784 810 809 816 804 757 770 803 807 805 798 827 818 773 810 779 789 782 762 781 795 802 850 839 856 849 872 871 888 889 909 897 899 914 911 927 944 968 1020 1026 1019 1044 1000 1005 1031 1031 1047 1074 1145 1133 1151 1128 1161 1170 1188 1186 1230 1253 1258 1317 1271 1284 1289 1305 1330 1340 1387 1339 1382 1372 1373 1366 1361 1400 1420 1424 1396 1413 1401 1400 1394 1433 1473 1499 1466 1459 1492 1496 1546 1535 1512 1503 1547 1482 1554 1591 1633 1580 1598 1596 1653 1587 1608 1583 1627 1594 1621 1603 1607 1603 1616 1643 1629 1614 1595 1653 1639 1640 1640 1642 1659 1660 1690 1669 1601 1659 1633 1674 1604 1614 1655 1691 1637 1647 1624 1660 1670 1669 1619 1687 1726 1674 1664 1663 1630 1667 1648 1659 1580 1643 1631 1651 1631 1615 1647 1685 1681 1647 1590 1669 1669 1688 1637 1647 1634 1637 1613 1573 1574 1575 1616 1557 1603 1561 1573 1565 1581 1604 1635 1605 1639 1618 1600 1567 1589 1575 1582 1604 1608 1574 1574 1569 1611 1575 1637 1597 1544 1530 1548 1631 1596 1622 1611 1633 1631 1643 1628 1590 1535 1555 1548 1523 1496 1496 1537 1524 1467 1485 1439 1494 1492 1485 1479 1496 1481 1445 1449 1430 1418 1478 1483 1462 1472 1443 1479 1449 1440 1461 1434 1466 1466 1490 1436 1439 1459 1442 1470 1522 1540 1501 1468 1437 1449 1453 1421 1463 1429 1429 1444 1445 1472 1442 1379 1326 1356 1400 1400 1402 1381 1369 1358 1374 1426 1341 1356 1349 1357 1366 1334 1335 1347 1328 1338 1350 1338 1294 1320 1368 1339 1349 1299 1361 1318 1319 1283 1296 1298 1313 1332 1332 1361 1356 1328 1314 1255 1297 1267 1275 1203 1255 1257 1264 1267 1285 1283 1253 1256 1250 1248 1253 1265 1230 1234 1215 1222 1218 1217 1219 1214 1192 1237 1152 1196 1155 1164 1208 1180 1104 1092 1122 1160 1093 1132 1146 1221 1207 1206 1162 1159 1167 1143 1126 1131 1139 1092 1170 1123 1181 1139 1119 1168 1152 1173 1151 1091 1090 1088 1117 1106 1089 1134 1126 1141 1135 1147 1151 1120 1131 1136 1139 1135 1139 1116 1142 1131 1102 1129 1144 1123 1077 1102 1133 1124 1086 1085 1066 1053 1096 1118 1094 1088 1129 1098 1106 1113 1036 1066 1085 1051 1076 1079 1068 1036 1030 1067 1079 1049 1090 1062 1032 1046 1008 1016 1021 1024 979 1038 1023 1057 1000 1019 1004 1042 1007 1015 979 968 975 985 988 973 987 1018 975 984 1021 981 957 944 929 918 969 956 957 974 954 941 957 997 972 979 960 965 945 938 940 948 947 937 951 936 922 902 927 912 898 964 969 965 987 957 1010 983 987 999 985 946 971 942 943 928 920 920 914 953 950 935 932 937 884 874 866 874 902 903 909 836 856 891 898 900 895 875 874 874 870 867 867 884 863 896 845 876 882 862 875 902 903 881 859 904 924 881 890 869 856 879 914 929 924 941 909 895 883 869 879 846 881 909 926 943 908 892 919 912 875 888 872 890 910 907 894 888 872 849 872 890 875 846 867 851 843 846 850 878 866 879 863 848 836 833 833 847 830 765 798 817 821 825 839 812 801 843 805 826 847 822 774 794 826 822 835 840 840 812 805 754 788 791 793 762 807 802 805 814 804 777 774 768 778 810 843 808 898 884 878 882 860 919 893 874 928 939 915 963 964 931 986 985 951 989 1038 1071 1071 1072 1056 1140 1167 1155 1159 1200 1195 1251 1220 1207 1228 1287 1250 1268 1294 1315 1303 1313 1332 1302 1362 1370 1367 1359 1399 1404 1428 1431 1373 1398 1457 1476 1511 1496 1491 1525 1492 1484 1463 1464 1488 1533 1509 1504 1534 1542 1568 1560 1535 1562 1569 1607 1599 1655 1641 1658 1638 1614 1649 1656 1608 1673 1645 1655 1683 1727 1684 1660 1683 1694 1651 1692 1666 1631 1689 1649 1742 1739 1702 1736 1709 1699 1686 1791 1756 1715 1724 1729 1686 1684 1657 1669 1659 1628 1665 1685 1684 1691 1686 1681 1667 1689 1716 1713 1735 1691 1678 1753 1793 1716 1741 1714 1749 1709 1768 1681 1674 1657 1720 1717 1753 1768 1733 1700 1680 1722 1711 1718 1699 1648 1643 1652 1651 1655 1680 1697 1671 1676 1662 1700 1623 1608 1638 1668 1599 1642 1699 1663 1723 1667 1664 1693 1695 1717 1679 1666 1699 1682 1676 1711 1662 1687 1696 1667 1659 1647 1655 1592 1606 1655 1633 1615 1647 1582 1589 1571 1605 1580 1613 1596 1582 1622 1572 1594 1582 1556 1571 1533 1524 1541 1573 1549 1493 1493 1507 1506 1472 1453 1492 1475 1516 1504 1467 1446 1470 1507 1431 1455 1448 1459 1446 1472 1465 1413 1394 1447 1404 1393 1451 1456 1447 1471 1415 1425 1419 1416 1438 1402 1455 1426 1455 1464 1430 1419 1400 1367 1392 1421 1402 1375 1420 1439 1438 1438 1408 1386 1406 1394 1375 1351 1333 1321 1334 1353 1317 1395 1351 1349 1375 1384 1357 1367 1338 1337 1357 1389 1400 1374 1368 1352 1358 1306 1279 1289 1287 1249 1259 1300 1279 1284 1278 1295 1293 1277 1305 1242 1248 1291 1300 1333 1308 1315 1267 1282 1244 1247 1256 1322 1301 1291 1256 1284 1233 1208 1227 1234 1233 1257 1229 1246 1262 1237 1212 1196 1188 1227 1220 1181 1198 1214 1248 1206 1201 1231 1193 1158 1183 1127 1145 1169 1139 1115 1159 1200 1192 1161 1197 1193 1225 1167 1142 1201 1203 1263 1236 1200 1209 1196 1189 1152 1168 1201 1142 1153 1130 1139 1113 1128 1095 1101 1102 1098 1080 1094 1075 1114 1108 1127 1054 1088 1051 1073 1069 1105 1111 1144 1118 1083 1113 1131 1133 1111 1128 1138 1117 1087 1068 1070 1091 1059 1077 1066 1064 1071 1075 1063 1073 1082 1074 1069 1092 1080 1056 1052 1084 1107 1082 1070 1095 1120 1037 1097 1076 1050 1068 1106 1078 1082 1068 1060 1059 1012 1072 1086 1055 1100 1094 1051 1022 1046 1061 1044 1073 1051 1077 1088 1107 1091 1072 1062 1091 1031 993 995 941 958 991 978 964 936 953 920 958 964 968 972 1001 988 956 972 977 977 975 957 973 950 953 965 972 1001 1001 1015 943 968 940 908 958 950 917 919 936 953 934 949 960 939 919 908 979 917 937 877 864 871 866 910 890 907 902 897 869 859 838 857 888 882 886 890 907 915 897 904 942 952 917 883 905 870 897 886 888 884 872 853 886 872 882 872 875 874 853 861 824 869 864 870 857 867 893 885 897 883 864 854 883 860 888 869 872 875 833 864 834 784 816 863 864 858 850 862 863 821 815 803 806 806 816 812 845 841 839 820 831 836 831 869 852 821 837 856 857 840 822 799 834 838 836 808 819 831 845 804 799 807 797 773 801 791 796 752 818 758 725 746 765 743 768 764 798 720 770 760 785 766 768 763 771 777 787 752 759 777 752 772 780 736 758 776 751 764 751 760 805 758 758 743 727 720 739 704 756 757 728 750 745 756 760 743 772 742 754 748 731 722 710 744 735 739 711 727 697 712 726 794 753 722 733 703 730 771 753 727 723 690 693 705 690 662 680 700 761 754 732 735 722 693 717 718 683 683 686 738 715 729 735 767 756 748 717 729 664 700 700 718 704 697 727 723 727 684 677 693 671 661 678 684 685 676 707 664 697 680 708 712 741 727 777 777 775 787 796 796 815 835 853 900 841 899 924 915 924 945 962 952 976 990 1020 1012 978 1047 1038 1080 1089 1080 1135 1145 1143 1120 1170 1149 1170 1146 1157 1202 1218 1255 1267 1333 1278 1297 1337 1368 1391 1276 1295 1374 1364 1336 1412 1426 1417 1445 1435 1417 1422 1426 1424 1427 1420 1471 1490 1535 1556 1579 1582 1535 1548 1533 1556 1522 1542 1538 1526 1509 1543 1549 1534 1526 1533 1585 1570 1635 1593 1528 1533 1545 1542 1538 1552 1586 1598 1637 1595 1618 1695 1697 1650 1613 1614 1595 1635 1642 1630 1628 1623 1593 1644 1675 1684 1655 1651 1656 1656 1629 1637 1638 1577 1615 1628 1674 1673 1669 1639 1645 1640 1692 1649 1648 1659 1629 1584 1609 1628 1646 1632 1626 1626 1640 1665 1653 1708 1697 1696 1707 1716 1670 1683 1667 1655 1709 1641 1612 1612 1583 1590 1600 1590 1571 1557 1625 1600 1647 1562 1598 1606 1557 1569 1570 1587 1553 1540 1541 1534 1542 1532 1612 1583 1505 1531 1545 1536 1511 1575 1545 1514 1482 1448 1476 1449 1491 1481 1475 1454 1445 1506 1512 1528 1444 1455 1422 1397 1446 1443 1473 1430 1448 1464 1451 1475 1469 1508 1524 1453 1465 1423 1461 1448 1438 1471 1477 1441 1461 1435 1458 1445 1385 1400 1400 1423 1429 1419 1454 1457 1435 1405 1414 1428 1420 1453 1443 1426 1444 1415 1445 1450 1454 1460 1401 1404 1377 1362 1397 1404 1393 1511 1397 1414 1429 1398 1444 1418 1458 1395 1388 1369 1371 1376 1359 1322 1348 1348 1359 1349 1350 1341 1278 1231 1317 1314 1355 1354 1352 1351 1343 1339 1385 1369 1370 1334 1360 1379 1306 1291 1295 1304 1297 1292 1268 1277 1303 1313 1290 1276 1255 1319 1293 1248 1224 1247 1253 1238 1202 1256 1290 1273 1261 1234 1254 1240 1222 1199 1247 1196 1183 1158 1239 1212 1215 1232 1211 1217 1209 1216 1151 1193 1195 1192 1249 1175 1180 1150 1142 1141 1127 1108 1138 1196 1194 1243 1271 1233 1253 1218 1205 1217 1248 1254 1216 1228 1218 1182 1214 1242 1219 1173 1157 1184 1160 1134 1144 1090 1097 1045 1095 1056 1074 1084 1038 1068 1062 1119 1114 1115 1130 1124 1127 1105 1138 1089 1115 1081 1058 1066 1072 1088 1078 1040 1010 1052 1067 1094 1073 1099 1091 1062 1063 1079 1066 1084 1023 1070 1080 1036 1034 1042 1023 1035 1016 1028 1037 1033 1077 1041 1042 1020 990 993 1014 1019 1026 1060 1085 1047 1071 1077 1060 989 999 1015 1020 1037 1031 1026 1040 1000 998 1053 1037 1031 1036 996 1007 944 962 914 910 914 928 933 929 954 969 962 961 945 931 950 1004 1002 

