Realization 0:
	ActiveActor 0:
		0 1 0 1 1 0 0 1 0 1 0 1 1 0 0 1 0 0 0 1 0 0 1 1 0 1 1 0 0 0 1 0 0 
	PassiveActor 1:
		MolID 0:
			Count:
				0 0 0 0 0 0 0 0 0 0 0 0 0 0 0 0 0 0 0 0 0 0 0 0 0 0 0 0 0 0 0 0 0 0 0 0 0 0 0 0 0 0 0 0 0 0 0 0 0 0 0 0 0 0 0 0 0 0 0 0 0 0 0 0 0 0 0 0 0 0 0 0 0 0 0 0 0 0 0 0 0 0 0 0 0 0 0 0 0 0 0 0 0 0 0 0 0 0 0 0 0 0 0 0 0 0 0 0 0 0 0 0 0 0 0 0 0 0 0 0 0 0 0 0 0 0 0 0 0 0 0 0 0 0 0 0 0 0 0 0 0 0 0 0 0 0 0 0 0 0 0 2925 22798 41190 53132 60597 65194 66907 67485 67273 66233 64530 62686 61116 59331 57307 55392 53657 51660 49874 48121 46532 44698 42991 41665 39968 38921 37351 36090 34929 33749 32865 31822 31025 30003 29262 28441 27330 26738 25981 25311 24779 24061 23600 23226 22403 21839 21474 21108 20474 20127 19511 19048 18725 18363 18024 17512 17160 16900 16556 15995 15670 15407 14996 14802 14508 14184 13878 13723 13447 13174 12982 12724 12466 12244 12217 11978 11850 11664 11538 11305 11108 10940 10751 10610 10554 10343 10138 10003 9742 9629 9535 9354 9234 9243 8993 9005 8913 8635 8506 8450 8261 8125 8112 7917 7779 7706 7659 7583 7499 7345 7335 7100 7101 7018 6840 6811 6730 6684 6601 6604 6555 6535 6412 6249 6078 6086 6064 6047 5914 5839 5779 5762 5720 5664 5618 5503 5591 5537 5512 5479 5473 5261 5160 5033 5150 5014 4971 4955 4902 4745 4837 4780 4640 4614 4621 4497 4565 4501 4545 4472 4405 4398 4362 4252 4239 4178 4154 4075 4138 4065 4049 4056 3900 3858 3784 3757 3700 3712 3720 3616 3644 3628 3559 3511 3481 3439 3414 3424 3366 3414 3335 3404 3346 3300 3329 3302 3267 3210 3226 3193 3204 3172 3204 3204 3076 3188 3122 3088 3093 3014 2970 2952 2972 3001 2950 2925 2902 2924 2883 2864 2878 2851 2795 2720 2690 2661 2668 2661 2660 2612 2598 2510 2528 2504 2515 2466 2556 2496 2501 2477 2465 2414 2460 2454 2455 2437 2425 2387 2390 2394 2301 2328 2331 2325 2259 2294 2346 2283 2230 2323 2248 2172 2181 2217 2212 2127 2048 2064 2050 2051 2141 2092 2053 2074 2046 2065 2027 2076 2017 1987 1965 2000 1967 1946 1960 2002 1994 1984 1942 1978 1890 1887 1868 1878 1861 1886 1881 1828 1851 1870 4910 24721 42712 55164 62157 66312 68394 69330 68688 67786 66359 64483 62828 61308 59288 57013 54985 53238 51159 49732 47835 46384 44767 43145 42144 40524 39214 38113 37012 35903 34494 33361 32341 31579 30755 30041 29068 28431 27713 26808 26295 25432 24798 24302 23842 23255 22676 22206 21660 21187 20612 20187 19946 19517 19122 18709 18277 17900 17560 17343 17039 16733 16467 16116 15879 15769 15554 15330 14868 14566 14492 14301 13900 13590 13378 13185 13060 12913 12703 12437 12206 12046 11884 11730 11504 11381 11262 11086 11004 10789 10573 10512 10402 10155 9956 10012 9813 9787 9714 9452 9468 9250 9176 9132 9076 8870 8841 8716 8622 8398 8327 8269 8110 8087 8100 7924 7796 7840 7801 7654 7527 7449 7459 7476 7411 7411 7194 7086 7078 6944 6956 6867 6657 6633 6685 6617 6600 6531 6391 6304 6330 6181 6097 6078 6048 5997 5940 5905 5928 5819 8874 28564 46497 58269 65888 70038 72414 73006 72652 71117 69704 68380 66179 64190 62077 59901 58208 56027 54444 52583 50805 48998 47828 46382 44951 43661 42126 40820 39706 38788 37485 36478 35605 34735 33723 32650 31837 31278 30436 29757 29039 28314 27716 27131 26658 25952 25480 25067 24412 23919 23612 23001 22534 21929 21620 21356 20925 20667 20126 19889 19535 19261 18938 18410 17940 17900 17511 17369 17210 16785 16546 16249 16010 15870 15829 15595 15311 15114 14997 14865 14761 14503 14303 14078 13806 13625 13673 13416 13189 12986 12743 12554 12388 12236 12105 12023 11873 11770 11507 11308 11195 11195 11206 11053 10901 10702 10650 10523 10390 10421 10342 10227 10226 10022 10067 9793 9797 9696 9609 9556 9470 9229 9048 8810 8824 8785 8722 8797 8567 8503 8490 8429 8218 8267 8178 8185 8082 8047 7894 7915 7788 7726 7740 7571 7564 7398 7448 7470 7320 7405 7346 7213 7151 7073 7082 6933 6882 6849 6794 6694 6764 6696 6620 6603 6502 6534 6480 6458 6378 6424 6302 6342 6291 6179 6215 6171 6105 6040 6006 5931 5858 5843 5797 5803 5859 5807 5760 5742 5781 5696 5575 5586 5501 5527 5486 5409 5424 5369 5436 5371 5328 5279 5200 5218 5210 5079 5052 5109 5041 5039 4897 4856 4847 4852 4812 4803 4786 4797 4748 4722 4659 4621 4605 4611 4694 4727 4745 4668 4526 4530 4532 4472 4462 4398 4393 4405 4352 4324 4380 4276 4197 4196 4265 4256 4211 4184 4117 4164 4089 4072 4075 4006 3974 3928 3980 4003 3944 4001 3900 3839 3859 3876 3828 3778 3812 3731 3778 3718 3739 3697 3654 3694 3687 3650 3660 3528 3651 3572 3521 3526 3481 3477 3535 3574 3504 3436 3424 3383 3444 3368 3457 3452 3423 3426 3378 3380 3324 3300 3247 3278 3283 3287 3123 3177 3230 3170 3246 3174 3177 3165 3189 3112 3110 3102 3071 3089 3096 3127 3081 3043 3105 3064 3064 3086 3059 3010 2997 2956 2994 2851 2891 2937 2943 2919 2967 2931 2904 2894 2892 2853 2805 2790 2776 2747 2825 2830 2828 2796 2667 2814 2754 2657 2679 2670 2657 2704 2760 2725 2697 2663 2730 2720 2706 2694 2744 2706 2657 2675 2657 2652 2673 2579 2573 2588 2603 2567 2611 2582 2642 2610 2627 2566 2611 2546 2544 2447 2438 2440 2457 2487 2492 2508 2423 2398 2372 2435 2443 2491 2440 2462 2357 2373 2381 2418 2443 2457 2434 2440 2369 2344 2299 2293 2297 2261 2255 2299 2292 2209 2230 2279 2285 2294 2239 2260 2197 2224 2203 2126 2075 2113 2104 2155 2076 2120 2089 2076 2117 2126 2086 2043 2040 2087 2053 2010 2019 2067 2078 2072 2073 2084 5133 24750 43037 55550 62481 66482 68479 69360 69169 68345 66437 65150 63000 61021 59009 57279 55286 53427 51570 49766 48220 46558 45148 43514 42060 40662 39343 38248 36915 35694 34600 33853 32662 32017 31119 30202 29331 28401 27536 26835 26124 25519 25000 24579 24015 23620 22984 22474 22100 21523 21035 20748 20281 19875 19531 19002 18621 18346 17911 17345 16998 16756 16730 16553 16301 15928 15595 15521 15157 15057 14731 14486 14280 14042 13668 13395 13087 13030 12813 12612 12504 12321 12224 12086 11929 11782 11496 11523 11391 11218 11007 10956 10880 10667 10623 10542 10408 10302 10159 10013 9936 9843 9817 9676 9360 9298 9265 8999 9114 9007 8915 8937 8720 8634 8493 8316 8230 8046 8169 7950 7881 7779 7675 7523 7546 7489 7438 7395 7363 7382 7243 7231 7162 7192 7054 6936 6860 6916 6777 6735 6680 6701 6680 6605 6478 6409 6371 6243 6234 6105 6227 6064 6060 6134 6145 6115 6024 5975 5995 5857 5803 5712 5733 5691 5653 5656 5624 5581 5510 5469 5365 5272 5260 5250 5200 5136 5183 5188 5041 5067 5115 5040 5042 5014 4910 4905 4848 4797 4782 4780 4784 4767 4709 4659 4584 4625 4562 4538 4604 4516 4567 4507 4424 4442 4361 4349 4381 4338 4292 4292 4346 4149 4152 4198 4127 4181 4129 4090 4061 4061 3977 3945 3941 3971 3974 3978 3898 3971 4002 3945 3955 3979 3867 3825 3853 3886 3797 3776 3716 3716 3755 3683 3665 3640 3657 3617 3582 3604 3573 3523 3493 3456 3435 3407 3297 3301 3312 3307 3355 3402 3350 3370 3322 3417 3330 3352 3286 3310 3300 3203 3256 3226 3099 3169 3194 3167 3168 3184 3122 3116 3100 3061 3080 3155 3080 3093 3040 2989 3027 2986 2941 2979 2924 2922 2907 2913 2950 2894 2823 2891 5901 25377 43716 55551 63086 67320 69730 69869 69488 68432 67046 64878 63358 61505 59557 57642 55715 53924 52070 50452 48884 47202 45488 44053 42643 41300 40183 38950 37625 36572 35668 34555 33727 32913 32019 31148 30167 29374 28500 27825 27068 26555 26153 25197 24809 24342 23830 23218 22724 22110 21839 21334 20889 20583 20203 19784 19181 19073 18554 18298 17944 17705 17479 17269 16896 16518 16235 15781 15623 15414 15246 15056 14714 14485 14385 14087 13895 13697 13561 13224 13035 12965 12859 12627 12416 12279 12078 11897 11671 11636 11447 11278 11191 10838 10783 10785 10715 10554 10483 10397 10277 10133 10153 9944 9877 9850 9723 9639 9535 9510 9292 9195 8990 8962 8945 8815 8696 8667 8519 8534 8517 8406 8316 8128 8051 8042 7988 7880 7940 7766 7805 7698 7573 7471 7386 7415 7296 7202 7260 7183 7203 7160 7014 7057 7010 6917 6950 6858 6867 6730 6636 6586 6575 6494 6433 6390 6353 6389 6378 6248 6240 6224 6128 6095 6061 6053 6062 5981 5868 5796 5731 5724 5628 5620 5565 5656 5628 5624 5585 5543 5533 5509 5473 5413 5362 5305 5348 5331 5330 5202 5128 5043 5090 5111 5039 5000 5019 5026 4909 4897 4877 4898 4802 4789 4806 4773 4600 4645 4614 4576 4639 4563 4586 4551 4547 4503 4459 4400 4453 4417 4346 4325 4371 4237 4316 4278 4199 4219 4259 4318 4177 4189 4155 4139 4159 4132 4079 4113 4032 4043 3980 4016 3992 3950 3873 3870 3895 3868 3828 3809 3809 3819 3774 3781 3813 3839 3700 3681 3665 3702 3683 3693 3670 3687 3612 3649 3548 3491 3526 3480 3457 3436 3412 3408 3415 3377 3424 3515 3441 3471 3429 3380 3350 3376 3427 3319 3291 3289 3238 3244 3205 3222 3199 3188 3214 3247 3170 3172 3181 3124 6235 25543 44365 56427 63930 68162 70126 70479 70312 69109 67693 66137 64206 62234 60010 58236 56497 54771 52784 50811 48780 47266 45646 44321 42989 41588 40084 38890 37794 36465 35603 34418 33430 32716 31863 31087 30271 29407 28785 28026 27252 26948 26405 25733 25351 24598 23969 23606 22996 22541 22048 21500 21122 20606 20072 19708 19357 19144 18767 18475 18232 17826 17710 17284 16992 16756 16571 16362 15985 15739 15474 15128 14976 14836 14614 14339 14126 13946 13858 13634 13348 13206 13166 13033 12729 12478 12374 12144 12056 11901 11908 11758 11492 11357 11184 11140 10979 10936 10875 10867 10570 10555 10396 10161 10201 10010 10205 10115 9975 9646 9632 9493 9351 9202 9133 9127 8996 8770 8724 8787 8662 8627 8509 8427 8377 8253 8184 8204 8095 7956 7925 7911 7956 7922 7795 7761 7662 7575 7522 7418 7422 7239 7317 7210 7209 7149 7009 6998 6946 6950 9828 29569 47643 60010 67184 71087 73447 73823 73316 72255 70782 68890 67328 65399 63204 61053 59027 57152 55316 53694 52079 50366 49007 47174 45746 44475 42982 41634 40585 39527 38345 37347 36415 35436 34781 33804 33007 32221 31571 30703 30187 29601 28775 28158 27451 26881 26241 25927 25470 25011 24471 23945 23442 22942 22568 22298 21922 21551 21093 20484 20299 20108 19719 19494 19270 19040 18531 18243 18083 17864 17481 17282 16974 16874 16564 16484 16189 15859 15659 15463 15262 15057 15014 14800 14662 14280 14146 14020 13972 13697 13462 13373 13316 13168 13018 12806 12638 12628 12403 12330 12173 12152 11975 11679 11602 11508 11657 11585 11357 11409 11251 11156 10998 10808 10746 10695 10581 10387 10351 10222 10222 10170 10134 10051 9901 9842 9792 9721 9670 9553 9460 9248 9270 9106 8985 8970 8973 8936 8844 8885 8745 8581 8429 8375 8388 8290 8283 8208 8187 8098 8114 8064 7934 7937 7855 7812 7717 7672 7598 7584 7498 7431 7492 7460 7490 7319 7303 7197 7262 7104 7112 7110 7032 6998 6912 6831 6756 6780 6808 6810 6649 6694 6608 6576 6550 6561 6569 6490 6360 6480 6396 6299 6256 6311 6211 6299 6241 6226 6149 6237 6084 6083 5966 5893 5811 5802 5793 5666 5678 5617 5660 5712 5651 5586 5610 5642 5678 5602 5518 5544 5589 5539 5528 5428 5421 5404 5409 5321 5323 5376 5349 5238 5341 5392 5347 5219 5257 5213 5281 5259 5094 5045 5045 5087 5082 5033 5077 5028 5020 4939 4892 4933 4952 4898 4777 4734 4755 4783 4779 4758 4693 4688 4668 4643 4584 4567 4543 4546 4630 4548 4503 4471 4441 4391 4369 4360 4328 4320 4323 4397 4353 4398 4284 4319 4329 4315 4290 4186 4168 4151 4173 4118 4107 4081 4071 3978 3981 4038 3981 3989 3997 3985 4074 3920 3896 3931 3962 3915 3883 3930 3795 3819 3798 3843 3746 3777 3783 3752 3787 3767 3807 3684 3678 3603 3627 3648 3719 3676 3603 3611 3614 3642 3665 3643 3650 3650 3586 3600 3610 3621 3516 3570 3507 3553 3426 3564 3519 3527 3508 3487 3476 3461 3405 3379 3480 3481 3409 3407 3375 3379 3288 3279 3289 3306 3274 3246 3315 3298 3252 3259 3309 3285 3236 3213 3185 3256 3112 3179 3227 3166 3123 3163 3105 3046 3095 3141 3105 3091 3052 2997 3036 3151 3189 3066 3125 3128 3061 3040 2996 3020 2961 3004 2970 2971 2936 3008 2981 2948 2902 2916 2947 2952 3001 3032 2998 2853 2876 2893 2838 2807 2806 2795 2799 2809 2832 2806 2826 2828 2743 2768 2773 2777 2766 2687 2669 2713 2715 2704 2716 2744 2652 2651 2590 2585 2597 2585 2618 2601 2687 2661 5631 25685 43634 55614 62869 67359 69233 69912 69723 68583 67424 65427 63231 61694 59669 57632 55970 53723 52009 50353 48595 46780 45221 44076 42295 41336 39994 38919 37601 36682 35360 34433 33417 32584 31991 31107 30405 29348 28745 27980 27120 26674 26152 25326 24648 24086 23614 23069 22481 22113 21691 21155 20664 20340 19912 19618 19178 19017 18563 18340 18047 17598 17318 16927 16806 16621 16375 15996 15698 15353 15189 15054 14760 14527 14437 14252 13980 13864 13631 13485 13317 13192 12966 12954 12612 12565 12293 12212 12163 11927 11926 11908 11624 11496 11351 11210 11013 10861 10705 10607 10440 10313 10185 9995 9946 9846 9598 9565 9521 9574 9447 9254 9214 9114 9147 9047 8921 8848 8826 8683 8742 8580 8515 8428 8274 8128 8097 8030 8010 7935 7916 7805 7750 7626 7680 7625 7577 7401 7330 7267 7178 7034 6992 6867 6909 6946 6871 6940 6787 6682 6679 6718 6595 6544 6505 6458 6372 6345 6279 6265 6231 6240 6177 6151 6085 6114 6179 6127 6012 6095 5902 6008 5856 5756 5721 5733 5669 5596 5623 5475 5499 5443 5486 5488 5420 5425 5368 5404 5360 5409 5387 5262 5236 5163 5193 5224 5190 5175 5114 5028 5055 5006 5010 5017 4984 4911 4882 4924 4802 4760 4768 4744 4635 4648 4684 4779 4718 4692 4534 4491 4521 4510 4489 4416 4477 4475 4395 4350 4318 4312 4232 4224 4165 4231 4256 4189 4102 4197 4223 4193 4138 4125 4133 4100 4141 4111 4003 4064 4072 4134 3962 4029 4018 4037 3960 3958 3902 3860 3937 3876 3911 3963 3933 3889 3795 3787 3852 3862 3744 3794 3748 3813 3756 3614 3656 3566 3571 3592 3634 3568 3559 3580 3574 3546 3464 3443 3580 3485 3442 3526 3453 3403 3333 3411 3442 3470 3450 3438 3391 3355 3341 3425 3369 3287 3358 3328 3262 3221 3211 3238 3181 3210 3216 3229 3214 3245 3169 3187 3172 3169 3138 3187 3173 3151 3113 3150 3155 3085 3044 3066 3088 3078 3022 3138 3097 3061 3051 3011 2989 2963 2984 2929 2959 2923 2952 2877 2885 2862 2821 2808 2861 2863 2885 2831 2881 2907 2878 2835 2858 2752 2735 2794 2798 2848 2762 2763 2738 2755 2801 2773 2753 2709 2699 2676 2724 2693 2778 2714 2727 2774 2805 2716 2658 2689 2661 2622 2661 2629 2642 2576 2561 2574 2548 2628 2564 2534 2534 2486 2487 2505 2503 2469 2518 2445 2526 2466 2375 2391 2412 2341 2380 2390 2441 2391 2472 2429 2445 2405 2442 2431 2396 2364 2423 2352 2356 2362 2318 2321 2351 2367 2401 2376 2400 2424 2379 2340 2337 2292 2336 2297 2336 2339 2278 2348 2319 2345 2283 2275 2230 2222 2227 2199 2219 2216 2228 2217 2222 2201 2163 2222 2212 2216 2225 2212 2162 2145 2131 2130 2146 2209 2248 2209 2166 2130 2165 2192 2112 2206 2151 2108 2134 2124 2130 2152 2198 2181 2150 2089 2123 2104 2070 2121 2028 2074 2068 2046 2022 2041 2028 2048 2000 2055 2077 2024 1981 2003 2000 1965 2037 1997 1995 1972 1997 1966 1953 1938 1990 1995 2020 2007 2013 1986 1990 1987 1944 1892 1892 1947 1907 1890 1887 1891 1959 1907 1918 1890 1894 1910 1920 1820 1855 1866 1903 1864 1922 1919 1882 1912 1939 1929 1893 1933 1833 1909 1873 1911 1905 1882 1878 1876 1895 1815 1918 1902 1852 1864 1840 1857 1879 1870 1821 1812 1826 1759 1807 1780 1777 1774 1767 1786 1727 1775 1716 1717 1774 1748 1755 1773 1788 1743 1731 1733 1751 1763 1752 1738 1708 1723 1721 1735 4766 24794 42939 54798 62241 66219 68489 69264 68903 68024 66488 64643 62806 60982 58725 56778 54872 52874 50969 49257 47489 45875 44379 43216 41766 40320 39284 38132 36667 35603 34643 33583 32682 31648 30802 30032 29169 28525 27687 27045 26456 25723 25116 24530 23978 23669 22949 22415 21779 21419 20865 20499 19867 19504 19208 18824 18351 18058 17581 17575 17228 17121 16646 16478 16166 15785 15394 15113 14972 14719 14476 14048 14007 13863 13780 13505 13286 13060 12927 12731 12512 12267 12130 11905 11833 11775 11496 11385 11367 11134 11010 10904 10796 10630 10472 10243 9958 10184 10038 9910 9701 9643 9510 9406 9402 9144 9051 8991 8792 8779 8706 8729 8777 8648 8494 8277 8302 8194 8081 8038 7972 7839 7776 7767 7541 7440 7398 7386 7241 7159 7098 7017 6956 6991 6922 6832 6871 6809 6771 6626 6634 6581 6465 6404 6388 6355 6447 6435 6298 6291 6362 6319 6132 6049 6036 5933 5847 5886 5808 5704 5721 5808 5767 5766 5904 5699 5558 5563 5523 5561 5506 5493 5396 5382 5178 5130 5139 5060 4994 4982 4991 4951 4934 4932 4981 4963 4955 4884 4830 4754 4777 4711 4675 4719 4726 4739 4683 4678 4613 4596 4561 4550 4500 4539 4547 4527 4389 4431 4385 4455 4289 4322 4410 4355 4325 4253 4216 4177 4228 4218 4124 4084 4047 4024 4066 4019 4096 4067 3975 3947 3995 3950 3943 3915 3844 3887 3889 3828 3771 3777 3761 3720 3683 3657 3697 3713 3719 3656 3633 3554 3575 3560 3631 3614 3554 3548 3601 3556 3454 3471 3417 3420 3372 3393 3484 3355 3322 3285 3313 3347 3269 3299 3273 3321 3236 3302 3221 3198 3147 3115 3137 3166 3155 3160 3245 3161 3117 3162 3125 3099 3020 3023 3051 3017 3000 3015 3082 3031 3044 2978 2947 2913 2862 2861 2950 2902 2945 2960 2959 2959 2962 2908 2908 2907 2924 2844 2830 2818 2846 2821 2828 2846 2860 2880 2840 2800 2787 2756 2854 2774 2775 2756 2688 2707 2696 2634 2700 2649 2682 2661 2592 2611 2595 2620 2666 2620 2615 2568 2522 2520 2525 2554 2534 2509 2567 2532 2522 2537 2570 2594 2528 2511 2564 2544 2524 2509 2475 2490 2451 2430 2427 2451 2420 2437 2422 2401 2397 2378 2434 2442 2434 2409 2372 2320 2391 2399 2374 2361 2360 2326 2334 2312 2284 2300 2319 2316 2316 2284 2299 2230 2280 2171 2207 2250 2219 2215 2249 2282 2278 2238 2260 2200 2278 2192 2165 2191 2219 2226 2179 2172 2117 2083 2053 2118 2107 2055 2043 2040 2061 2058 2084 2024 2034 2051 2043 2042 2035 2065 2071 1998 2006 2024 1988 2033 1957 2017 2060 2074 2076 2063 5010 24991 43283 55175 62469 66735 69199 69911 69328 68085 67022 64967 63249 61208 59483 57234 55289 53526 51802 49951 48228 46889 45408 43722 42473 41180 39631 38475 37282 36274 35101 34011 33054 31948 31150 30403 29435 28627 28004 27285 26907 26389 25579 25018 24345 23855 23263 22746 22408 21945 21503 20928 20601 19979 19702 19420 19005 18514 18107 17861 17489 17308 16968 16699 16408 16138 15843 15558 15442 15235 14893 14756 14615 14264 14156 13797 13593 13394 13173 12952 12760 12553 12451 12324 12173 11851 11745 11537 11349 11122 11057 10911 10682 10772 10512 10424 10383 10192 10088 9990 9852 9862 9776 9696 9535 9443 9290 9179 9080 9105 9012 8974 8893 8738 8701 8664 8460 8539 8363 8205 8158 8147 8081 7961 7854 7704 7665 7523 7550 7359 7318 7238 7182 7180 7126 7111 7002 7014 6876 6919 6803 6703 6797 6577 6526 6633 6363 6433 6310 6380 9326 29256 47155 59288 66913 70955 73119 73391 73073 72138 70610 69249 67233 65072 63123 61391 59178 57322 55476 53458 51843 50232 48440 47028 45603 44213 42986 41661 40545 39440 38191 37089 35992 35010 34205 33297 32404 31564 30820 29851 29176 28658 28157 27442 26984 26245 25748 25075 24756 24247 23795 23420 22876 22662 22198 21744 21310 20877 20581 20100 19867 19671 19190 18898 18627 18274 18174 17845 17686 17312 17256 17074 16937 16567 16185 16023 15759 15608 15308 15237 15037 14808 14742 14429 14144 14050 13849 13684 13601 13376 13300 13155 13005 12884 12661 12592 12393 12458 12290 12150 12015 11823 11637 11489 11448 11270 11098 11110 11030 11095 10870 10776 10656 10568 10548 10373 10246 10155 10087 9892 9806 9740 9841 9643 9552 9305 9235 9114 9067 9016 8967 8984 8876 8853 8731 8502 8715 8475 8463 8315 8243 8143 8116 8116 8048 8086 8054 7962 7974 7927 7795 7784 7798 7690 7643 7437 7505 7419 7325 7382 7456 7375 7311 7373 7323 7281 7166 7081 7119 7070 7128 6864 6911 6823 6729 6724 6701 6780 6603 6578 6612 6508 6520 6448 6429 6363 6384 6263 6136 6351 6276 6260 6177 6104 6088 5981 5927 5903 5706 5638 5733 5764 5704 5698 5578 5597 5626 5691 5717 5720 5705 5609 5651 5580 5499 5513 5532 5434 5448 5393 5348 5356 5300 5354 5317 5326 5287 5191 5212 5215 5242 5215 5165 5129 5111 4949 4931 4872 4840 4771 4817 4930 4778 4727 4702 4730 4784 4727 4739 4809 4739 4756 4756 4773 4665 4652 4674 4557 4581 4490 4472 4464 4467 4465 4442 4375 4409 4346 4367 4405 4294 4214 4333 4279 4221 4313 4235 4211 4224 4139 4235 4235 4165 4161 4053 4140 4056 4152 4085 4070 4060 4034 3984 4056 3911 3921 3876 3940 3932 3937 6989 26659 45158 56716 64081 68506 70514 71182 70575 69904 68068 66714 64497 62572 60436 58684 56731 54874 53383 51041 49707 48252 46603 45007 43696 42052 40737 39530 38222 37271 36770 35508 34531 33607 32775 31699 30723 30101 29370 28661 27991 27427 26753 26380 25549 25027 24527 23899 23230 22758 22551 22181 21811 21429 21074 20634 20312 19936 19591 19291 18999 18597 18301 18104 17747 17508 17272 16997 16605 16375 16104 15901 15813 15479 15268 15059 14922 14527 14414 14255 14055 13930 13671 13460 13357 13045 12922 12678 12506 12408 12346 12342 12116 12019 11834 11718 11476 11587 11458 11353 11128 11042 10867 10704 10622 10692 10530 10463 10225 10164 10153 9879 9710 9707 9697 9692 9583 9512 9371 9292 9273 9194 9136 8934 8916 8823 8732 8550 8519 8509 8506 8449 8413 8304 8224 8234 8111 8012 8001 7998 7948 7919 7695 7630 7647 7653 7559 7557 7468 7525 10399 30371 48636 60767 68459 72292 74011 74962 74746 73578 71675 69843 68130 66172 64169 62056 60123 58003 56068 54170 52369 50701 48923 47762 46586 44911 43579 42381 41098 40295 39059 37889 36961 35921 35276 34200 33574 32681 32080 31590 30697 30110 29443 28871 28127 27391 26939 26455 25684 25364 25046 24500 23968 23614 23104 22752 22516 22139 21616 21505 21000 20542 20243 19968 19651 19395 18892 18474 18305 18146 17866 17726 17376 17339 17105 16900 16678 16536 16259 16186 15959 15878 15661 15487 15155 15034 15097 14787 14531 14303 14231 14037 13784 13540 13410 13415 13295 13105 12945 12746 12640 12486 12512 12356 12158 12201 11963 11754 11662 11499 11501 11574 11505 11457 11298 11144 11052 11101 10804 10701 10509 10581 10326 10325 10312 10210 9946 9964 9929 9806 9736 9798 9596 9576 9335 9414 9326 9335 9244 9240 9157 9074 8992 8928 8863 8709 8649 8711 8638 8594 8520 8447 8348 8302 8184 8147 8219 8143 8022 8087 7980 7874 7932 7901 7768 7715 7803 7767 7675 7691 7637 7549 7568 7540 7483 7565 7469 7422 7300 7052 7065 7122 7092 7038 7043 7039 6999 6969 6934 6930 6946 6999 6880 6779 6815 6680 6639 6540 6608 6477 6497 6491 6411 6361 6382 6297 6354 6313 6363 6294 6212 6160 6253 6199 6137 6027 5920 5894 5802 5848 5917 5904 5843 5770 5930 5798 5834 5742 5783 5685 5725 5664 5644 5636 5626 5568 5504 5488 5430 5519 5472 5364 5367 5343 5266 5295 5217 5240 5288 5318 5278 5186 5133 5078 5071 5093 5124 5063 5012 5038 4996 5000 4975 4852 4803 4877 4864 4855 4893 4739 4770 4705 4712 4794 4723 4674 4683 4608 4593 4571 4584 4537 4568 4643 4587 4566 4574 4539 4545 4485 4454 4433 4372 4426 4338 4382 4331 4322 4346 4333 4397 4435 4405 4340 4325 4309 4192 4314 4343 4339 4270 4247 4135 4259 4181 4242 4271 4218 4247 4122 4193 4079 4040 4051 4091 4064 4096 4085 4074 3939 3874 4034 3950 3990 3968 3924 3909 3904 3847 3836 3879 3904 3898 3924 3870 3853 3874 3868 3881 3808 3791 3739 3743 3718 3652 3716 3659 3611 3664 3723 3710 3656 3703 3648 3608 3635 3482 3539 3566 3572 3611 3631 3617 3577 3533 3541 3581 3562 3512 3529 3553 3481 3576 3519 3510 3515 3539 3529 3494 3584 3561 3501 3442 3398 3422 3322 3311 3318 3350 3333 3366 3329 3324 3299 3241 3262 3254 3326 3220 3242 3290 3229 3231 3254 3189 3212 3233 3166 3177 3132 3111 3151 3067 3128 3193 3166 3189 3147 3258 3262 3175 3192 3140 3137 3112 3138 3168 3144 3177 3086 3107 3043 3099 3016 3028 3031 3050 3018 3021 3020 3025 2964 2974 2927 2940 2966 2942 2915 2973 2999 3037 2999 2899 2950 2923 2940 2904 2969 2931 2916 2950 2891 2883 2872 2810 2792 2788 2801 2786 2766 2672 2742 2714 2825 2744 2743 2795 2759 2774 2734 2740 2752 2718 2696 2705 2720 2744 2674 2700 2657 2640 2692 2628 2606 2635 2638 2702 2681 2679 2744 2698 2610 2569 2605 2619 2576 2574 2599 2597 2579 2536 2543 2536 2562 2566 2560 2535 2515 2599 2560 2559 2557 2542 2606 2527 2516 2513 2510 2517 2525 2510 2486 2419 2448 2446 2478 2462 2449 2458 2508 2483 2476 2506 2493 2448 2441 2481 2407 2482 2457 2478 2461 2409 2335 2367 2403 2393 2448 2426 2409 2427 2403 2432 2425 2327 2359 2391 2277 2289 2324 2337 2338 2329 2276 2342 2317 2342 2295 2284 2352 2339 2410 2349 2353 2334 2325 2290 2295 2255 2251 5275 25098 43046 55407 62841 66610 69066 69601 69216 68453 66644 65042 63186 61248 59405 57209 55688 53258 51648 49931 48036 46765 45204 43468 42126 40747 39439 38135 37000 35962 34768 33902 32912 32157 31134 30501 29514 28855 28122 27497 26854 26166 25536 25019 24471 23962 23476 23058 22458 22007 21624 21084 20744 20177 19856 19461 19108 18850 18358 17927 17681 17235 17071 16806 16685 16394 16123 15780 15708 15406 15389 14940 14740 14536 14171 14094 13852 13729 13493 13311 13081 12984 12818 12509 12460 12358 12137 12004 11940 11823 11561 11422 11441 11373 11175 10964 10934 10731 10539 10410 10230 10161 10044 9934 9816 9768 9808 9619 9549 9460 9206 9197 9086 8746 8863 8707 8558 8589 8474 8421 8317 8137 8167 8252 8169 8038 7977 8005 7904 7778 7773 7749 7685 7617 7610 7455 7377 7332 7146 7046 7185 7025 6921 6926 6821 6883 6723 6672 6636 6542 6562 6564 6451 6586 6467 6331 6294 6189 6258 6262 6237 6191 6104 6034 5980 6000 6050 5974 5975 5879 5906 5802 5733 5734 5684 5613 5670 5584 5575 5446 5428 5446 5376 5345 5274 5303 5248 5154 5023 4983 4920 4984 4999 4960 4927 4926 4937 4873 4815 4845 4882 4894 4876 4926 4880 4836 4859 4858 4813 4820 4619 4667 4626 4620 4586 4531 4581 4563 4485 4512 4495 4433 4350 4290 4306 4368 4444 4281 4293 4280 4215 4184 4234 4286 4333 4318 4346 4358 4259 4217 4250 4181 4206 4201 4205 4147 4180 4172 4151 4125 4078 3971 3910 3949 3997 3814 3927 3889 3829 3815 3778 3852 3849 3771 3808 3731 3739 3749 3730 3736 3733 3702 3750 3740 3709 3683 3675 3529 3589 3529 3554 3531 3488 3472 3520 3529 3488 3491 3456 3403 3419 3385 3415 3320 3337 3336 3319 3409 3374 3270 3210 3219 3300 3218 3277 3315 3314 3285 3247 3348 3384 3323 3343 3317 3220 3255 3232 3166 3227 3175 3250 3197 3128 3145 3153 3081 3084 3121 3064 3024 3021 3018 3053 3042 3038 3099 3132 3062 3021 3009 3004 2954 2894 2915 2939 2894 2944 2930 2870 2828 2880 2888 2883 2840 2838 2893 2869 2877 2862 
	PassiveActor 2:
		MolID 0:
			Count:
				0 0 0 0 0 0 0 0 0 0 0 0 0 0 0 0 0 0 0 0 0 0 0 0 0 0 0 0 0 0 0 0 0 0 0 0 0 0 0 0 0 0 0 0 0 0 0 0 0 0 0 0 0 0 0 0 0 0 0 0 0 0 0 0 0 0 0 0 0 0 0 0 0 0 0 0 0 0 0 0 0 0 0 0 0 0 0 0 0 0 0 0 0 0 0 0 0 0 0 0 0 0 0 0 0 0 0 0 0 0 0 0 0 0 0 0 0 0 0 0 0 0 0 0 0 0 0 0 0 0 0 0 0 0 0 0 0 0 0 0 0 0 0 0 0 0 0 0 0 0 0 0 0 0 8 52 151 293 539 855 1257 1730 2209 2711 3177 3604 4050 4519 5030 5513 5827 6193 6432 6781 6980 7179 7333 7480 7747 7862 7979 8081 8222 8363 8421 8333 8362 8272 8406 8566 8527 8430 8360 8255 8212 8320 8216 8204 8258 8117 8007 7946 7952 7896 7896 7781 7719 7547 7649 7517 7525 7506 7385 7378 7233 7199 7048 6941 6863 6880 6899 6870 6771 6689 6582 6518 6424 6468 6451 6355 6298 6240 6164 6155 6177 6120 6017 6076 5996 5911 5744 5728 5717 5531 5536 5550 5469 5415 5437 5384 5339 5269 5291 5256 5134 5060 5067 5010 4902 4861 4828 4743 4742 4705 4703 4636 4650 4575 4497 4526 4541 4380 4354 4421 4399 4373 4286 4295 4239 4227 4127 4057 4031 3966 4044 3964 3920 3967 3883 3952 3815 3802 3725 3731 3657 3668 3615 3619 3647 3685 3615 3614 3564 3557 3557 3496 3444 3367 3361 3395 3308 3295 3319 3340 3292 3256 3248 3183 3196 3191 3201 3138 3146 3141 3137 3101 3039 3007 2876 2929 2919 2957 2869 2886 2821 2802 2740 2740 2757 2676 2656 2662 2635 2614 2640 2598 2644 2605 2530 2502 2491 2501 2484 2492 2548 2498 2553 2528 2479 2481 2443 2432 2370 2418 2415 2391 2375 2328 2265 2294 2275 2277 2238 2220 2260 2283 2268 2230 2197 2173 2194 2143 2156 2167 2142 2155 2105 2159 2143 2112 2067 2114 2019 2009 2000 1989 1975 2053 2013 1968 1983 1957 1947 1935 1937 1976 1897 1967 1912 1972 1937 1941 1890 1888 1882 1865 1825 1800 1772 1782 1758 1800 1779 1767 1759 1816 1783 1752 1684 1690 1713 1619 1673 1688 1642 1628 1607 1612 1571 1614 1628 1607 1576 1546 1556 1563 1552 1587 1558 1552 1562 1598 1572 1550 1567 1642 1708 1852 2115 2427 2825 3291 3715 4199 4682 5160 5599 6084 6328 6806 7155 7578 7836 8167 8370 8493 8639 8901 9061 9052 9196 9289 9309 9476 9480 9641 9803 9752 9640 9717 9622 9741 9713 9606 9429 9417 9531 9497 9424 9398 9272 9329 9185 9022 8902 8823 8865 8833 8812 8875 8745 8650 8541 8523 8344 8343 8384 8310 8230 8082 7973 7840 7838 7800 7733 7595 7643 7694 7732 7654 7598 7524 7478 7298 7155 7120 7091 6993 6921 6857 6868 6789 6769 6727 6632 6598 6605 6443 6335 6223 6223 6244 6246 6143 6077 6016 6029 5786 5851 5863 5895 5721 5799 5728 5740 5693 5664 5626 5624 5547 5438 5540 5433 5351 5314 5229 5251 5154 5185 5072 4969 4963 4955 4958 4832 4840 4737 4742 4850 4816 4775 4720 4707 4675 4650 4668 4581 4588 4585 4571 4525 4499 4468 4479 4378 4351 4479 4548 4802 5107 5447 5808 6215 6729 7204 7585 8101 8521 8822 9206 9667 9826 10157 10300 10639 10965 11051 11191 11413 11669 11706 11695 11716 11859 11962 12040 12130 12023 11959 11818 11848 11888 11749 11828 11684 11809 11720 11661 11524 11498 11430 11279 11373 11366 11307 11217 11124 10996 10930 10907 10790 10594 10579 10449 10438 10157 10230 10145 10031 10004 9960 9949 9887 9694 9745 9653 9627 9553 9463 9375 9334 9315 9245 9082 9024 9013 8935 8870 8928 8785 8686 8642 8412 8439 8367 8234 8203 8137 8110 8027 7914 7815 7809 7695 7700 7677 7696 7559 7494 7360 7285 7240 7165 7112 7050 7120 7092 7040 7012 6872 6811 6771 6864 6856 6769 6724 6523 6530 6528 6465 6414 6337 6247 6309 6354 6217 6210 6247 6129 6149 6099 6055 6029 5901 5902 5848 5749 5760 5730 5700 5715 5623 5677 5685 5623 5603 5596 5539 5551 5432 5513 5411 5331 5341 5367 5314 5227 5114 5147 5164 5073 5099 5116 5030 5008 4916 4972 4908 4900 4866 4883 4799 4761 4805 4707 4745 4714 4742 4780 4663 4653 4606 4566 4591 4562 4555 4605 4497 4446 4365 4414 4379 4352 4378 4364 4299 4380 4320 4214 4299 4238 4218 4206 4174 4130 4079 4008 3992 3976 3940 3945 3916 3944 3958 3920 3874 3895 3906 3878 3855 3790 3857 3831 3845 3841 3810 3749 3731 3682 3736 3703 3690 3654 3635 3599 3530 3547 3524 3540 3482 3480 3478 3506 3450 3422 3461 3413 3422 3448 3368 3424 3390 3368 3383 3314 3376 3323 3342 3268 3310 3324 3273 3282 3190 3230 3189 3187 3176 3272 3216 3155 3097 3051 3018 3049 3051 3028 3038 3004 3005 3009 2977 2933 2930 2981 3028 2914 3002 3026 2916 2841 2895 2905 2895 2881 2892 2857 2875 2818 2888 2890 2796 2786 2781 2733 2750 2752 2790 2723 2710 2673 2676 2608 2654 2688 2697 2639 2632 2641 2696 2624 2604 2558 2598 2529 2566 2615 2588 2615 2597 2600 2535 2520 2498 2529 2500 2547 2545 2533 2502 2502 2576 2579 2536 2559 2587 2507 2492 2521 2444 2430 2447 2458 2390 2378 2335 2413 2352 2387 2397 2401 2363 2399 2386 2391 2325 2319 2317 2311 2313 2323 2288 2244 2266 2283 2247 2304 2313 2285 2245 2185 2221 2206 2156 2143 2142 2213 2202 2196 2121 2138 2138 2186 2132 2234 2125 2134 2095 2112 2106 2113 2110 2107 2065 2079 2083 2115 2102 2103 2039 2058 2046 1984 1994 1968 1929 1965 1966 1925 1936 1969 1954 1918 1960 1937 1993 2012 1986 2055 1980 2028 1953 1943 1909 1875 1931 1921 1946 1948 1931 1897 1873 1878 1920 1899 1886 1958 2120 2416 2700 3112 3583 3965 4423 4918 5322 5899 6280 6750 7012 7406 7873 8169 8341 8660 8756 9023 9275 9344 9481 9583 9647 9775 9824 9964 9979 9999 9949 10150 10055 9964 9966 9967 9919 9859 9797 9756 9722 9701 9634 9562 9546 9544 9582 9461 9497 9340 9384 9170 9019 8948 9017 8889 8834 8820 8721 8671 8583 8602 8505 8441 8432 8339 8254 8207 8163 8040 7998 7935 7855 7786 7751 7600 7654 7600 7460 7490 7402 7341 7395 7279 7119 7044 7035 7010 6993 6914 6822 6793 6907 6757 6864 6881 6606 6636 6551 6555 6427 6410 6275 6204 6122 6192 6136 6118 6115 6114 6018 5971 6042 5916 5870 5918 5866 5816 5716 5710 5661 5571 5567 5526 5472 5539 5505 5591 5430 5364 5366 5313 5209 5271 5222 5131 5093 5060 4985 5026 4962 5001 4933 4904 4871 4974 4859 4805 4748 4766 4769 4754 4724 4716 4704 4706 4629 4645 4573 4452 4397 4403 4366 4326 4390 4424 4322 4225 4307 4296 4292 4191 4136 4189 4122 4123 4106 4079 4039 4028 3950 4017 3950 4007 4028 3928 3980 3855 3871 3864 3895 3915 3745 3745 3608 3690 3705 3621 3632 3600 3634 3585 3543 3583 3546 3575 3550 3532 3517 3469 3466 3410 3430 3372 3415 3466 3468 3414 3423 3351 3320 3272 3279 3306 3247 3300 3300 3344 3321 3302 3184 3182 3196 3234 3221 3197 3213 3211 3232 3160 3112 3150 3087 3117 3090 3038 3074 3106 3019 3065 3097 3021 3009 2939 3032 3041 2981 2951 2986 2998 2917 2911 2945 2875 2837 2833 2802 2846 2837 2792 2804 2778 2730 2806 2755 2758 2766 2717 2734 2686 2604 2663 2684 2633 2565 2617 2616 2657 2622 2550 2581 2517 2515 2525 2529 2533 2532 2553 2653 2742 2903 3144 3457 3873 4259 4786 5194 5575 6010 6473 6965 7327 7677 8058 8532 8799 8998 9265 9472 9731 9905 9967 10203 10239 10224 10301 10256 10344 10446 10410 10535 10448 10500 10278 10388 10467 10417 10273 10356 10316 10329 10213 10315 10370 10334 10130 10020 10046 10018 9912 9754 9729 9607 9703 9696 9548 9408 9327 9410 9334 9198 9197 9240 9191 8979 8907 8828 8782 8727 8769 8574 8611 8569 8479 8483 8305 8231 8256 8254 8142 8074 7993 7800 7683 7670 7670 7554 7534 7440 7380 7262 7197 7119 6991 7058 7042 6964 6920 6822 6906 6895 6914 6956 6689 6628 6534 6559 6557 6610 6424 6448 6409 6402 6361 6318 6300 6263 6140 6074 6079 6027 6004 5967 5891 5872 5819 5772 5755 5659 5629 5524 5470 5476 5529 5575 5535 5545 5554 5434 5517 5385 5399 5354 5190 5159 5147 5126 5151 5092 5087 5067 5036 4915 4996 4937 4775 4766 4771 4789 4781 4666 4604 4742 4667 4616 4558 4612 4608 4590 4485 4484 4384 4453 4445 4523 4491 4523 4475 4368 4392 4408 4406 4423 4479 4442 4384 4349 4335 4302 4310 4246 4240 4181 4143 4151 4142 4113 4028 4041 4021 4032 4002 3939 3926 3927 3914 3827 3812 3857 3929 3860 3805 3768 3828 3738 3786 3683 3587 3590 3615 3586 3608 3715 3662 3605 3705 3550 3626 3604 3521 3558 3523 3539 3487 3479 3489 3414 3368 3370 3267 3385 3434 3354 3324 3329 3298 3323 3330 3347 3399 3287 3341 3300 3243 3296 3224 3226 3150 3106 3108 3168 3149 3149 3140 3093 3185 3161 3133 3061 3054 3014 3049 3077 2997 2999 3074 3009 3047 2966 3007 2964 2907 2918 2922 2873 2868 2967 2906 2880 2846 2838 2846 2850 2772 2795 2821 2781 2744 2838 2860 3078 3255 3629 4087 4420 4961 5386 5902 6335 6791 7382 7787 8078 8433 8776 9038 9194 9371 9732 9862 9992 10238 10269 10373 10587 10446 10605 10647 10702 10795 10778 10809 10784 10735 10804 10666 10685 10693 10633 10614 10718 10526 10462 10457 10273 10200 10163 10060 9996 10033 10001 9949 9777 9781 9745 9744 9787 9757 9696 9592 9380 9368 9367 9306 9182 9239 9231 8929 8920 9027 8900 8710 8638 8545 8522 8318 8362 8341 8246 8205 8014 8010 7958 7890 7863 7698 7674 7661 7622 7594 7543 7418 7289 7272 7361 7288 7264 7244 7172 7109 6995 6944 6783 6818 6772 6832 6721 6734 6613 6597 6598 6523 6562 6523 6480 6362 6321 6282 6252 6180 6156 6065 6216 6090 6073 6040 6105 5991 5972 5904 5967 5860 5787 5759 5751 5689 5636 5627 5650 5608 5614 5639 5574 5619 5507 5400 5396 5348 5303 5380 5612 5855 6065 6457 6819 7259 7721 8105 8630 9072 9396 9893 10261 10503 10849 11047 11232 11510 11778 11878 12108 12254 12403 12375 12629 12691 12754 12904 12900 12919 12887 12884 12834 12921 13029 12996 12856 12822 12757 12656 12616 12443 12308 12208 12175 12074 12001 11828 11947 11952 11750 11633 11570 11467 11309 11255 11065 11180 11105 11019 10831 10824 10725 10696 10675 10576 10559 10647 10476 10421 10366 10274 10087 10057 10012 9970 9858 9861 9769 9657 9696 9642 9581 9506 9502 9456 9296 9230 9350 9193 9193 9036 8919 8914 8874 8939 8944 8742 8698 8570 8518 8443 8516 8366 8368 8183 8163 7893 7928 7799 7770 7678 7718 7684 7844 7816 7690 7595 7460 7517 7384 7353 7314 7238 7158 7133 7043 7041 6977 6881 6948 6976 6905 6818 6857 6808 6721 6574 6644 6609 6690 6611 6581 6542 6510 6429 6496 6382 6282 6401 6343 6248 6191 6257 6304 6295 6190 6148 6173 6136 5945 6002 5945 5954 5990 5898 5929 5764 5850 5720 5692 5687 5578 5614 5529 5631 5466 5406 5486 5442 5512 5477 5425 5386 5399 5360 5427 5293 5287 5250 5189 5173 5187 5192 5281 5168 5217 5179 5080 5043 5102 5020 4979 4954 4982 4847 4925 4881 4824 4928 4909 4790 4827 4874 4768 4698 4652 4578 4700 4671 4693 4666 4534 4495 4450 4575 4516 4515 4413 4459 4408 4444 4399 4316 4363 4254 4293 4269 4322 4334 4238 4322 4332 4331 4261 4208 4223 4195 4204 4150 4194 4101 4084 4066 4017 4030 4034 4045 3995 4005 4026 4054 3969 4009 3971 3972 3916 3842 3859 3817 3852 3798 3753 3758 3726 3792 3858 3874 3823 3721 3791 3731 3705 3735 3638 3713 3745 3718 3658 3712 3657 3681 3666 3602 3640 3630 3642 3607 3565 3535 3549 3551 3541 3514 3512 3530 3481 3477 3441 3485 3362 3317 3277 3268 3269 3301 3281 3337 3438 3404 3375 3340 3343 3265 3167 3175 3218 3214 3262 3249 3275 3216 3126 3137 3224 3111 3128 3192 3216 3168 3080 3020 3030 3074 3043 3090 3052 3088 3055 3075 3089 3034 2954 3008 2956 2976 3028 2953 2935 2940 2920 3017 2912 2948 2862 2860 2842 2832 2815 2880 2849 2865 2940 2862 2852 2865 2850 2883 2876 2850 2810 2756 2742 2795 2719 2834 2751 2791 2743 2727 2745 2747 2703 2700 2654 2675 2763 2674 2709 2705 2704 2744 2745 2763 2694 2708 2706 2694 2661 2676 2684 2651 2624 2588 2586 2539 2567 2631 2581 2580 2583 2587 2650 2595 2605 2617 2674 2670 2607 2572 2540 2507 2540 2518 2533 2567 2531 2509 2469 2492 2515 2512 2424 2474 2462 2436 2469 2435 2447 2588 2707 2982 3341 3738 4142 4636 5101 5648 6138 6495 6856 7299 7668 8010 8317 8636 8835 9115 9379 9525 9711 9863 10073 10192 10216 10356 10392 10476 10647 10625 10663 10565 10663 10579 10540 10330 10311 10388 10508 10436 10310 10323 10339 10281 10255 10256 10240 10226 10001 9944 9922 9849 9701 9669 9548 9595 9634 9570 9476 9363 9358 9336 9238 9135 9075 9107 9166 8950 8892 8828 8892 8871 8696 8563 8585 8553 8418 8339 8257 8209 8126 7964 7838 7752 7824 7729 7705 7647 7522 7553 7474 7307 7356 7380 7288 7293 7182 7249 7123 7032 7117 6938 7074 6977 6830 6821 6855 6743 6634 6638 6507 6437 6469 6412 6313 6358 6322 6263 6300 6164 6072 6079 6034 6043 6053 6086 6034 5910 5803 5816 5781 5801 5735 5668 5691 5723 5586 5601 5675 5515 5551 5559 5430 5358 5328 5428 5362 5316 5285 5276 5301 5251 5187 5171 5120 5177 5101 5079 5074 4961 4994 4887 4917 4890 4834 4840 4835 4798 4715 4708 4613 4663 4718 4707 4672 4639 4540 4557 4553 4544 4504 4475 4448 4436 4447 4477 4393 4285 4389 4385 4337 4328 4266 4325 4377 4287 4315 4240 4299 4305 4328 4194 4218 4224 4172 4154 4125 4033 4076 3956 3936 3925 3906 3935 3890 3864 3940 3952 3936 3923 3897 3897 3852 3826 3873 3816 3869 3836 3812 3811 3818 3810 3704 3659 3655 3662 3684 3659 3583 3587 3512 3483 3571 3615 3607 3551 3431 3439 3507 3436 3447 3416 3431 3395 3442 3413 3414 3457 3469 3403 3349 3362 3444 3483 3466 3394 3357 3347 3290 3239 3208 3170 3206 3188 3256 3128 3094 3137 3186 3184 3146 3179 3151 3101 3194 3127 3112 3027 3100 3054 3052 2978 2967 2981 3097 2972 2966 2934 2874 2993 2886 2909 2960 2995 3027 2990 2959 2944 2994 2984 2923 2950 2910 2820 2801 2883 2807 2868 2861 2803 2832 2792 2845 2867 2765 2824 2821 2790 2842 2809 2730 2753 2802 2776 2774 2782 2674 2750 2767 2759 2693 2674 2683 2668 2610 2656 2657 2607 2614 2547 2602 2640 2540 2546 2554 2540 2570 2556 2518 2498 2501 2566 2528 2554 2535 2449 2474 2482 2421 2441 2476 2403 2494 2460 2474 2490 2545 2488 2486 2493 2468 2463 2449 2471 2471 2461 2452 2401 2389 2375 2405 2386 2436 2365 2357 2402 2455 2400 2371 2399 2328 2314 2312 2332 2325 2274 2301 2225 2204 2274 2300 2255 2278 2319 2241 2182 2214 2226 2196 2257 2274 2251 2177 2212 2230 2229 2215 2201 2187 2236 2204 2179 2265 2266 2265 2323 2205 2179 2178 2125 2117 2181 2140 2198 2172 2181 2164 2133 2112 2154 2117 2087 2143 2088 2095 2091 2087 2086 2022 2042 2019 2041 2023 2064 2088 2071 2126 2138 2084 2016 2059 2065 2112 2064 2065 2054 2100 2042 1965 1998 2030 2038 2071 1969 2019 2035 2012 2063 2060 1946 1948 1958 1957 1943 1956 1970 1965 1946 1928 1854 1912 1903 1898 1941 1915 1929 1952 1933 1917 1859 1843 1955 1858 1855 1897 1866 1827 1819 1891 1841 1829 1855 1859 1860 1842 1860 1845 1846 1845 1807 1787 1776 1826 1785 1801 1766 1772 1770 1808 1779 1781 1753 1761 1765 1746 1717 1733 1718 1734 1745 1760 1721 1739 1730 1777 1753 1707 1769 1713 1684 1699 1711 1684 1703 1655 1674 1660 1716 1656 1690 1681 1672 1697 1722 1672 1651 1670 1681 1640 1586 1611 1624 1657 1647 1659 1691 1670 1650 1722 1633 1593 1584 1611 1553 1618 1611 1629 1623 1677 1755 1931 2159 2431 2910 3263 3787 4362 4729 5222 5641 6053 6452 6946 7280 7638 7981 8234 8469 8604 8917 9059 9239 9310 9282 9599 9608 9705 9749 9756 9754 10002 9903 9900 9926 9938 9929 9891 9813 9842 9743 9787 9831 9819 9571 9625 9443 9556 9484 9389 9414 9294 9244 9198 9175 9083 8997 8931 8952 8838 8678 8653 8519 8519 8378 8265 8192 8120 8036 7887 7889 7906 7788 7744 7706 7691 7573 7533 7423 7428 7434 7379 7384 7367 7292 7188 7132 7123 7044 6981 6861 6911 6868 6758 6770 6694 6673 6676 6607 6441 6412 6479 6304 6313 6277 6359 6120 6102 6086 6051 5984 6000 5984 5974 5916 5816 5736 5765 5751 5740 5614 5613 5668 5643 5513 5503 5441 5438 5401 5314 5349 5193 5308 5176 5179 5142 5154 5143 5142 5005 5023 4911 4910 4899 4901 4829 4743 4795 4817 4741 4763 4738 4743 4778 4707 4706 4660 4664 4615 4561 4539 4496 4504 4379 4326 4319 4374 4390 4274 4272 4195 4268 4219 4274 4299 4243 4241 4193 4139 4159 4060 4028 4025 4095 3968 3958 3932 3950 4031 4045 3908 3858 3903 3904 3908 3833 3789 3787 3836 3834 3672 3705 3707 3685 3622 3673 3591 3661 3671 3638 3748 3628 3597 3621 3576 3504 3559 3515 3528 3563 3597 3516 3529 3461 3386 3401 3323 3400 3357 3321 3410 3446 3401 3345 3363 3348 3203 3327 3298 3221 3264 3237 3207 3088 3187 3174 3121 3177 3153 3124 3139 3122 2963 3006 3040 3069 3053 3054 3024 3027 3015 2922 2883 2933 2950 2859 2871 2842 2820 2792 2840 2797 2804 2811 2781 2843 2833 2842 2881 2807 2750 2795 2793 2788 2765 2745 2729 2759 2721 2749 2719 2700 2724 2722 2670 2685 2670 2664 2621 2613 2596 2586 2636 2622 2622 2606 2635 2614 2617 2636 2701 2601 2612 2580 2535 2517 2493 2517 2461 2447 2428 2499 2492 2468 2386 2422 2464 2493 2447 2446 2455 2455 2382 2401 2405 2391 2441 2423 2423 2426 2399 2362 2384 2385 2371 2333 2371 2361 2342 2314 2300 2299 2247 2282 2297 2271 2285 2253 2231 2252 2264 2252 2292 2269 2247 2260 2258 2242 2302 2265 2271 2219 2261 2217 2176 2175 2243 2193 2190 2180 2183 2219 2218 2226 2173 2189 2143 2126 2206 2105 2174 2135 2156 2137 2142 2183 2139 2105 2036 2137 2064 2076 2070 2059 2083 2041 2017 2012 2018 2037 2028 2007 2060 1971 2034 2021 1993 1957 1915 1973 1946 1953 1932 1967 1993 1984 1992 1942 1945 1974 1944 1959 1973 2017 1931 1944 1959 1946 1957 1891 1884 1921 1872 1890 1923 1875 1895 1885 1903 1897 1991 2098 2393 2743 3091 3535 3982 4471 4904 5490 5986 6403 6827 7171 7493 7898 8190 8483 8791 9056 9284 9338 9537 9566 9753 9846 10110 10132 10140 10296 10141 10230 10294 10258 10382 10165 10126 10200 10269 10206 10096 10120 10068 9993 10000 9953 9815 9736 9655 9715 9444 9293 9317 9278 9076 9004 8951 8887 9026 8883 8724 8580 8626 8518 8606 8449 8437 8380 8378 8262 8081 8145 8049 7957 7965 7948 7746 7812 7738 7641 7585 7735 7579 7400 7317 7219 7097 7112 7167 7077 6981 6931 6848 6717 6680 6701 6668 6695 6782 6693 6607 6582 6465 6469 6472 6455 6391 6288 6232 6156 6147 6129 6036 6002 5979 5865 5913 5841 5812 5846 5785 5836 5739 5770 5704 5616 5580 5531 5453 5465 5441 5396 5217 5299 5240 5112 5176 5106 5111 5094 5090 4934 4925 4910 4830 4882 4792 4882 4820 4845 4910 5182 5272 5743 6031 6332 6864 7460 7883 8358 8769 9223 9737 9989 10395 10638 10952 11098 11175 11420 11586 11883 11975 11968 12155 12475 12339 12386 12488 12458 12313 12377 12457 12376 12278 12300 12101 12222 12138 12210 12091 11988 12054 11915 11964 11924 11882 11759 11701 11652 11535 11556 11292 11291 11236 11169 10989 10997 11076 10978 10858 10694 10759 10655 10559 10437 10383 10390 10208 10318 10203 10044 9875 9793 9751 9743 9630 9561 9628 9530 9454 9336 9170 9235 9250 9080 9015 9091 8883 8925 8782 8735 8684 8622 8569 8590 8556 8599 8458 8283 8239 8175 8033 8005 8014 7990 7934 7813 7802 7723 7629 7528 7549 7519 7550 7641 7474 7466 7302 7316 7325 7250 7167 7159 7091 7086 7170 7027 6955 6838 6817 6832 6688 6707 6631 6589 6588 6511 6399 6344 6263 6281 6271 6307 6224 6304 6268 6201 6201 6203 6137 6040 5975 6090 6046 5952 5862 5760 5654 5698 5758 5797 5686 5535 5586 5588 5602 5538 5599 5574 5515 5504 5508 5458 5357 5394 5301 5237 5308 5303 5267 5188 5132 5183 5202 5202 5232 5212 5125 5132 5024 5052 5034 5015 5003 4983 4916 4940 4945 4951 4818 4800 4748 4704 4700 4774 4681 4740 4718 4650 4650 4599 4694 4632 4667 4570 4553 4474 4393 4317 4380 4430 4436 4389 4374 4323 4317 4373 4260 4284 4234 4227 4220 4221 4257 4293 4255 4130 4144 4132 4148 4208 4170 4187 4186 4109 4090 4060 4042 4030 3997 4033 3936 3995 3920 3882 3919 3884 3810 3894 3866 3837 3856 3856 3835 3839 3817 3784 3742 3764 3770 3763 3821 3810 3825 3764 3723 3786 3688 3708 3606 3656 3632 3669 3709 3716 3626 3642 3707 3652 3646 3537 3509 3579 3546 3557 3505 3544 3544 3559 3582 3794 4047 4267 4612 4943 5443 5916 6349 6772 7349 7715 8066 8519 9041 9309 9643 9844 10094 10346 10531 10704 10914 10918 10945 11095 11259 11454 11432 11477 11613 11636 11542 11534 11592 11469 11446 11484 11472 11474 11413 11415 11296 11339 11247 11291 11295 11176 10891 10889 10872 10871 10822 10674 10717 10551 10413 10208 10178 10080 10066 10000 10007 9823 9907 9771 9692 9525 9591 9323 9430 9340 9188 9064 9034 8983 8950 8882 8760 8798 8811 8760 8656 8690 8478 8453 8414 8237 8162 8091 8105 7999 7892 7962 7893 7731 7780 7674 7652 7625 7533 7567 7597 7551 7382 7359 7376 7271 7307 7211 7047 6958 6979 6923 6934 6875 6834 6724 6731 6657 6760 6686 6642 6618 6634 6651 6577 6646 6561 6441 6405 6404 6485 6411 6283 6214 6206 6253 6217 6235 6183 6122 6061 6020 6046 5946 5958 5898 6038 5881 5881 5967 6211 6364 6841 7257 7733 8345 8880 9285 9690 9917 10412 10841 11216 11541 11876 11974 12197 12391 12481 12645 12775 12883 13063 13229 13200 13305 13229 13251 13163 13213 13203 13138 13173 13192 13154 13227 13065 13105 13061 12937 12753 12692 12874 12701 12625 12467 12437 12496 12388 12237 12045 12102 12266 12107 12051 11887 11886 11854 11561 11422 11397 11325 11210 11113 11186 11184 11033 11138 11002 10911 10767 10666 10485 10326 10287 10237 10081 10015 9934 9897 9859 9845 9765 9712 9606 9670 9657 9548 9344 9394 9293 9095 9031 9040 8931 8919 8761 8820 8669 8765 8757 8774 8694 8627 8622 8390 8428 8336 8319 8234 8163 8154 8160 8024 8083 8025 8035 7794 7720 7717 7589 7581 7469 7602 7514 7527 7494 7466 7394 7389 7345 7305 7252 7175 7203 7081 7115 7032 7142 7116 6985 6958 6896 6981 6937 6850 6793 6679 6682 6615 6696 6791 6690 6519 6608 6441 6385 6566 6423 6472 6267 6169 6236 6316 6306 6255 6393 6238 6200 6208 6184 6146 6144 6211 6093 5986 5942 6012 5972 5930 5855 5873 5897 5806 5721 5731 5715 5634 5655 5671 5635 5575 5528 5558 5515 5497 5375 5343 5519 5391 5373 5402 5451 5339 5429 5436 5350 5367 5323 5366 5204 5199 5190 5165 5113 5088 5082 5069 5017 5069 4999 4911 4960 4893 4907 4937 4900 4997 4825 4797 4836 4783 4745 4810 4732 4769 4692 4717 4663 4623 4700 4747 4728 4634 4681 4602 4554 4455 4554 4455 4526 4460 4457 4442 4429 4518 4479 4409 4424 4431 4376 4384 4414 4419 4335 4340 4434 4331 4250 4302 4189 4188 4234 4147 4182 4175 4218 4225 4092 4212 4088 4081 4029 4048 4073 4024 4079 4094 4029 3971 4012 3998 3960 3994 3941 3981 3901 3872 3877 3855 3838 3905 3953 3880 3949 3848 3819 3849 3845 3856 3813 3837 3838 3865 3825 3830 3677 3686 3723 3693 3713 3699 3639 3673 3677 3659 3630 3595 3521 3642 3649 3620 3542 3507 3548 3516 3600 3592 3627 3562 3638 3561 3586 3504 3517 3464 3526 3477 3416 3363 3446 3426 3464 3415 3438 3468 3393 3321 3406 3396 3427 3481 3336 3302 3347 3291 3405 3320 3301 3359 3309 3339 3278 3244 3342 3359 3250 3201 3163 3179 3181 3207 3162 3179 3146 3144 3133 3080 3026 3066 3101 3091 3027 3159 3079 3125 3038 3095 3022 3068 3048 3038 3040 3025 2999 2962 3018 3042 2996 2970 2900 2933 2937 2925 2937 2959 2958 2966 2967 2918 2868 2833 2898 2867 2887 2900 2900 2876 2911 2794 2809 2802 2854 2839 2892 2843 2810 2899 2898 2867 2899 2905 2857 2852 2869 2810 2866 2839 2862 2833 2753 2774 2760 2818 2735 2732 2661 2760 2711 2773 2735 2809 2710 2730 2744 2722 2686 2674 2648 2682 2671 2707 2668 2625 2623 2672 2651 2646 2660 2611 2690 2640 2688 2664 2669 2572 2565 2594 2611 2572 2608 2622 2653 2626 2547 2564 2538 2541 2538 2504 2510 2483 2487 2437 2438 2429 2457 2508 2427 2424 2515 2425 2475 2508 2551 2474 2507 2465 2446 2422 2417 2442 2482 2503 2466 2409 2367 2366 2397 2343 2341 2371 2402 2330 2311 2329 2286 2349 2401 2390 2377 2350 2338 2245 2263 2250 2312 2314 2323 2319 2346 2335 2349 2308 2293 2256 2267 2265 2235 2222 2192 2163 2242 2282 2257 2291 2272 2283 2242 2272 2258 2307 2258 2282 2241 2207 2192 2226 2237 2204 2211 2166 2192 2149 2185 2219 2176 2229 2190 2180 2176 2193 2194 2140 2207 2155 2080 2097 2201 2367 2682 3048 3403 3807 4241 4686 5228 5744 6211 6628 7037 7441 7864 8089 8221 8548 8835 9146 9408 9484 9668 9702 9948 9963 10177 10156 10364 10289 10386 10446 10395 10519 10426 10272 10274 10368 10290 10278 10233 10045 10094 10128 9892 9868 9708 9732 9752 9746 9651 9597 9638 9754 9507 9382 9414 9345 9345 9219 9150 9067 9022 8875 8873 8759 8761 8744 8628 8661 8604 8481 8505 8497 8406 8312 8354 8126 8005 7894 7872 7884 7872 7808 7838 7764 7650 7686 7540 7399 7358 7378 7502 7356 7331 7220 7093 7021 6960 6915 6882 6873 6931 6783 6758 6729 6754 6615 6573 6603 6507 6515 6431 6360 6260 6246 6261 6154 6079 6015 6099 6033 6020 5982 5913 5819 5785 5751 5788 5633 5687 5541 5523 5529 5467 5472 5355 5345 5358 5318 5323 5375 5317 5236 5222 5224 5189 5099 5083 5105 5172 5200 5019 5093 5153 5106 5067 5050 5124 5085 4977 4984 4846 4793 4724 4738 4748 4776 4701 4774 4772 4685 4647 4632 4695 4556 4474 4456 4493 4458 4425 4419 4463 4453 4379 4349 4407 4363 4235 4173 4207 4226 4223 4270 4225 4202 4227 4192 4206 4174 4158 4120 4109 4060 3995 3966 3947 3879 3978 3936 3884 3910 3944 3968 3917 3896 3909 3959 3832 3882 3901 3845 3888 3813 3743 3694 3737 3666 3677 3614 3597 3635 3619 3592 3507 3596 3535 3538 3529 3564 3523 3471 3494 3492 3544 3571 3582 3540 3462 3408 3476 3476 3445 3416 3377 3357 3343 3314 3440 3354 3309 3317 3330 3346 3307 3357 3396 3386 3308 3247 3144 3235 3210 3169 3187 3249 3204 3212 3147 3189 3180 3231 3178 3147 3081 3139 3132 3108 3138 3084 3105 3131 3051 3102 3042 3016 3046 2975 2911 2921 2910 2943 2929 2978 2981 2910 2975 2922 2937 2910 2952 2891 2911 2879 2800 2759 2841 2846 2798 2830 2783 2704 2746 2758 2662 2682 2746 2717 2764 2743 2767 2784 2744 2711 2727 2711 2735 2699 2798 2775 2715 2698 2664 2711 2744 2741 2691 2686 2654 2649 2643 2700 2668 2665 
	PassiveActor 3:
		MolID 0:
			Count:
				0 0 0 0 0 0 0 0 0 0 0 0 0 0 0 0 0 0 0 0 0 0 0 0 0 0 0 0 0 0 0 0 0 0 0 0 0 0 0 0 0 0 0 0 0 0 0 0 0 0 0 0 0 0 0 0 0 0 0 0 0 0 0 0 0 0 0 0 0 0 0 0 0 0 0 0 0 0 0 0 0 0 0 0 0 0 0 0 0 0 0 0 0 0 0 0 0 0 0 0 0 0 0 0 0 0 0 0 0 0 0 0 0 0 0 0 0 0 0 0 0 0 0 0 0 0 0 0 0 0 0 0 0 0 0 0 0 0 0 0 0 0 0 0 0 0 0 0 0 0 0 0 0 0 0 0 0 0 0 0 0 0 0 0 0 0 0 0 0 1 3 1 1 1 4 3 7 12 18 18 22 23 32 35 39 53 54 71 82 82 110 121 136 130 151 174 176 184 207 217 215 222 233 258 265 282 304 314 334 332 368 377 408 431 455 450 442 470 482 472 511 561 540 577 580 583 619 596 603 613 676 690 656 653 684 679 691 715 797 770 790 798 777 811 812 842 825 850 831 865 817 841 842 800 859 872 894 897 903 884 891 928 952 938 919 991 954 946 940 979 997 967 990 972 1007 970 970 948 983 965 1001 984 965 980 1008 976 979 993 1012 1004 1059 1074 1034 1016 1046 1060 1025 996 1049 1075 1082 1083 1073 1095 1108 1123 1074 1095 1088 1079 1089 1014 1061 1025 1057 1052 1041 1061 1074 1054 1061 1047 1101 1057 1092 1080 1049 1076 1074 1080 1037 1014 1016 1008 976 1022 1040 1029 990 985 1012 1013 993 1020 993 1023 1030 992 972 1018 995 1000 1012 1006 967 997 977 961 954 973 1002 1018 1027 975 999 959 1001 1048 1004 1004 995 971 955 948 957 985 1006 991 985 940 924 893 930 915 914 898 904 938 941 971 933 931 909 925 950 923 929 957 964 983 984 978 943 951 960 943 960 955 969 934 987 960 879 947 900 928 928 942 906 913 907 903 908 877 886 865 893 869 840 915 877 884 855 855 875 852 852 857 850 840 844 839 854 834 858 860 854 836 897 841 811 821 795 803 761 802 783 808 816 816 847 797 780 793 793 829 826 799 813 842 810 798 804 793 801 787 776 788 791 793 792 774 794 806 816 792 809 786 806 795 840 849 889 926 958 957 976 1001 1021 1007 1015 1060 1034 1031 1012 1071 1106 1085 1100 1082 1090 1139 1130 1131 1185 1203 1226 1192 1227 1196 1270 1268 1290 1268 1273 1254 1263 1286 1327 1329 1376 1353 1345 1320 1319 1368 1361 1366 1385 1425 1414 1400 1395 1464 1392 1420 1377 1431 1444 1407 1469 1453 1463 1432 1503 1533 1553 1517 1521 1524 1563 1558 1603 1538 1526 1591 1582 1543 1543 1545 1504 1558 1585 1595 1650 1682 1650 1663 1689 1644 1694 1688 1705 1667 1667 1698 1720 1692 1717 1650 1670 1688 1631 1612 1595 1594 1589 1600 1572 1591 1561 1590 1619 1608 1564 1593 1564 1618 1695 1648 1629 1592 1613 1637 1610 1611 1679 1638 1615 1620 1570 1608 1584 1582 1638 1600 1573 1558 1550 1586 1623 1635 1600 1621 1582 1613 1622 1623 1630 1627 1622 1675 1696 1697 1717 1669 1742 1704 1728 1690 1783 1692 1698 1753 1779 1812 1806 1872 1890 1875 1886 1898 1873 1857 1935 1936 1934 1989 2018 2052 2066 2072 2053 2079 2088 2074 2140 2067 2114 2185 2129 2208 2224 2266 2240 2236 2238 2227 2263 2290 2263 2323 2255 2214 2289 2302 2301 2292 2319 2346 2353 2350 2363 2316 2278 2287 2299 2274 2294 2275 2312 2289 2355 2342 2347 2344 2420 2362 2386 2347 2306 2302 2307 2358 2372 2324 2360 2284 2280 2302 2273 2300 2307 2327 2313 2310 2292 2299 2318 2354 2383 2422 2356 2390 2471 2441 2412 2422 2446 2413 2356 2378 2329 2284 2280 2296 2356 2367 2344 2386 2333 2294 2270 2308 2340 2264 2302 2266 2256 2283 2295 2264 2329 2308 2329 2276 2282 2267 2220 2221 2217 2225 2232 2225 2195 2148 2131 2176 2175 2168 2190 2190 2248 2157 2103 2166 2168 2212 2219 2164 2203 2200 2225 2209 2252 2226 2213 2161 2186 2203 2195 2156 2183 2182 2153 2114 2148 2147 2114 2063 2103 2152 2124 2151 2071 2040 2128 2110 2120 2089 2057 2095 2068 2010 2053 2045 2054 2025 2025 1987 2049 2013 1977 1958 1961 1981 1980 1984 1991 2004 1996 2006 1957 2018 2013 2043 1985 2010 1993 2035 2028 1999 1933 1902 1889 1942 1965 1926 1950 1957 1891 1899 1937 1857 1930 1930 1847 1840 1901 1883 1875 1872 1864 1878 1908 1936 1924 1802 1912 1841 1822 1784 1815 1792 1817 1799 1796 1796 1757 1727 1710 1778 1796 1762 1796 1807 1788 1746 1774 1726 1720 1766 1723 1724 1710 1730 1751 1721 1729 1705 1664 1698 1676 1653 1699 1711 1715 1685 1624 1700 1719 1665 1704 1648 1714 1629 1623 1567 1607 1535 1611 1605 1646 1664 1652 1678 1704 1676 1620 1642 1621 1568 1546 1589 1609 1625 1586 1555 1533 1532 1537 1620 1639 1627 1610 1578 1590 1632 1592 1534 1570 1597 1593 1608 1623 1547 1549 1538 1519 1501 1519 1466 1528 1506 1530 1488 1507 1513 1473 1476 1508 1540 1541 1506 1496 1500 1494 1515 1533 1508 1503 1469 1424 1434 1478 1463 1488 1422 1461 1468 1447 1441 1405 1422 1403 1431 1424 1453 1439 1438 1409 1444 1414 1380 1402 1424 1417 1462 1406 1419 1387 1404 1410 1398 1387 1432 1383 1371 1422 1376 1321 1342 1364 1381 1377 1399 1308 1326 1345 1349 1322 1304 1340 1332 1302 1295 1314 1360 1316 1306 1305 1346 1327 1309 1319 1295 1306 1313 1357 1301 1307 1312 1312 1299 1301 1297 1291 1326 1302 1320 1334 1309 1277 1253 1271 1321 1328 1350 1313 1354 1336 1386 1422 1427 1432 1359 1449 1449 1495 1448 1418 1433 1463 1422 1476 1504 1531 1529 1563 1521 1539 1572 1582 1570 1569 1611 1688 1702 1662 1666 1604 1642 1697 1688 1725 1708 1778 1737 1718 1809 1791 1819 1840 1843 1821 1815 1815 1850 1834 1902 1848 1806 1870 1892 1896 1922 1951 1938 1943 1945 1999 1962 1975 2023 1958 1976 1978 1939 1931 1973 1967 1961 2009 2006 1977 2013 2026 2052 2033 2014 1999 1970 1994 2028 2004 2022 2011 2028 2026 2099 2085 2069 2158 2098 2096 2067 2127 2096 2074 2105 2057 2069 2042 2107 2057 1965 2011 2000 2095 2069 2077 2073 2036 2043 2042 2063 2074 2060 2081 2077 2085 2042 2084 2066 2063 2107 2072 2059 2058 2059 2066 2028 2049 2102 2048 2065 2036 1980 1984 1974 1957 1949 1927 1979 1984 1945 1926 1846 1898 1940 1945 1983 2001 1992 1965 1979 1933 1968 1974 1931 1971 1986 1969 1988 1960 1975 2000 1991 1917 1908 1916 1897 1878 1888 1883 1958 1879 1912 1886 1940 1939 1922 1855 1872 1902 1866 1855 1904 1873 1917 1891 1828 1892 1850 1877 1849 1807 1771 1818 1808 1872 1807 1829 1863 1872 1852 1869 1814 1816 1847 1807 1893 1834 1882 1815 1798 1837 1831 1832 1775 1847 1796 1842 1802 1840 1830 1779 1776 1814 1817 1829 1782 1740 1729 1717 1709 1673 1730 1742 1757 1724 1801 1764 1775 1724 1714 1680 1667 1707 1785 1687 1695 1666 1660 1672 1691 1658 1680 1622 1603 1648 1662 1662 1637 1638 1687 1660 1618 1587 1591 1579 1598 1572 1595 1562 1564 1604 1569 1584 1560 1524 1535 1579 1546 1562 1541 1559 1553 1530 1571 1543 1528 1573 1593 1542 1574 1552 1572 1634 1641 1635 1690 1614 1664 1671 1711 1730 1724 1682 1725 1736 1720 1784 1778 1778 1767 1781 1835 1793 1868 1832 1866 1852 1895 1948 1899 1959 1972 1969 1973 1960 1970 2014 1973 1957 1992 1987 2054 2029 2027 2020 2020 2030 2068 2051 2107 2070 2125 2083 2038 2093 2127 2067 2103 2138 2114 2116 2229 2210 2142 2184 2193 2233 2162 2154 2143 2186 2244 2232 2296 2210 2273 2176 2193 2173 2163 2221 2190 2226 2253 2220 2318 2319 2349 2358 2353 2279 2304 2336 2384 2366 2353 2335 2384 2381 2356 2342 2357 2386 2276 2277 2279 2333 2276 2334 2312 2359 2309 2361 2348 2381 2371 2345 2351 2365 2345 2332 2359 2327 2275 2280 2283 2316 2311 2291 2317 2343 2314 2432 2406 2337 2253 2238 2243 2180 2255 2269 2214 2219 2263 2264 2260 2247 2175 2259 2261 2270 2278 2184 2211 2200 2203 2176 2210 2162 2117 2156 2152 2128 2128 2180 2156 2169 2152 2203 2212 2113 2090 2137 2165 2132 2111 2130 2201 2184 2171 2197 2107 2105 2107 2106 2071 2110 2122 2142 2102 2095 2068 2130 2058 2117 2085 2114 2117 2116 2146 2110 2093 2091 2079 2084 2095 2019 2052 2016 1994 2033 2062 2107 2025 2036 2023 2015 1991 1950 1978 2004 1933 1978 1945 2018 2012 2001 2007 1995 1986 1964 1945 1947 1927 2004 1961 1927 1921 1980 1934 1853 1882 1846 1813 1883 1864 1811 1836 1843 1797 1835 1874 1897 1852 1874 1894 1877 1812 1870 1889 1895 1912 1897 1858 1867 1852 1857 1802 1783 1849 1827 1825 1819 1857 1914 1908 1877 1881 1801 1749 1771 1735 1736 1766 1745 1788 1760 1757 1821 1786 1757 1796 1794 1751 1773 1762 1768 1770 1765 1776 1752 1796 1827 1827 1818 1794 1833 1763 1834 1805 1832 1868 1859 1893 1912 1923 1966 1960 1973 1999 2039 2026 2099 2031 2044 2035 2099 2114 2108 2061 2080 2091 2163 2223 2189 2178 2162 2159 2158 2139 2227 2311 2341 2290 2317 2314 2313 2308 2383 2300 2291 2322 2310 2338 2330 2359 2367 2411 2381 2397 2427 2391 2486 2402 2454 2426 2419 2461 2435 2463 2425 2419 2401 2441 2429 2465 2459 2465 2550 2512 2448 2449 2432 2505 2456 2469 2540 2570 2458 2438 2424 2445 2456 2450 2453 2383 2463 2449 2496 2470 2492 2506 2464 2449 2471 2500 2439 2366 2351 2451 2441 2455 2516 2511 2462 2500 2487 2491 2491 2490 2496 2473 2526 2494 2468 2451 2470 2410 2398 2454 2511 2501 2475 2444 2464 2474 2455 2455 2488 2496 2493 2502 2546 2434 2409 2450 2381 2391 2380 2396 2408 2425 2472 2430 2495 2462 2508 2489 2491 2488 2499 2532 2495 2556 2545 2616 2564 2624 2621 2658 2638 2685 2707 2709 2786 2811 2802 2833 2803 2766 2792 2856 2854 2859 2820 2774 2769 2827 2890 2874 2868 2881 2886 2880 2924 2894 2873 2905 2934 2915 2933 3012 2918 2964 2994 2957 3004 3040 3012 3020 2986 2980 3043 3077 3137 3072 3117 3120 3107 3126 3142 3100 3092 3131 3130 3234 3161 3180 3157 3099 3014 3049 3061 3059 3060 3036 3034 3021 2998 3019 2963 2967 2995 2984 3025 3046 3054 3054 3070 3113 3056 3055 3011 3026 3068 3014 3045 3034 2948 3025 3073 3102 3081 3071 3032 3066 3017 3012 3004 2974 2996 3012 2981 3034 3038 2994 2939 3007 2972 2990 2921 2967 2962 3015 3007 3068 3057 3002 3023 3003 2940 2889 2970 2965 2947 2911 2937 2828 2868 2874 2912 2940 2960 2889 2882 2827 2836 2885 2828 2848 2844 2907 2884 2832 2776 2798 2808 2846 2791 2787 2804 2856 2877 2797 2778 2792 2818 2797 2786 2824 2805 2800 2822 2754 2815 2799 2841 2802 2841 2855 2724 2738 2701 2698 2739 2776 2762 2769 2729 2644 2634 2636 2705 2717 2714 2640 2629 2663 2665 2663 2712 2750 2756 2735 2745 2725 2693 2650 2588 2567 2591 2595 2551 2544 2538 2504 2504 2506 2552 2557 2481 2464 2539 2510 2570 2591 2526 2512 2458 2492 2468 2495 2479 2483 2515 2536 2507 2498 2444 2464 2471 2470 2493 2514 2435 2492 2463 2506 2500 2509 2391 2475 2444 2432 2406 2374 2388 2377 2354 2383 2396 2415 2395 2406 2431 2421 2426 2383 2343 2416 2383 2372 2355 2352 2316 2218 2243 2302 2254 2211 2209 2225 2212 2243 2208 2190 2200 2235 2262 2245 2150 2143 2154 2194 2183 2148 2168 2177 2182 2182 2149 2180 2161 2121 2141 2175 2151 2188 2222 2184 2157 2149 2180 2133 2176 2156 2143 2146 2096 2086 2017 2075 2117 2156 2125 2117 2159 2103 2164 2081 2153 2140 2206 2153 2145 2099 2149 2107 2101 2087 2086 2040 2043 2010 2060 2086 2063 2016 2023 2003 2029 2019 1978 1997 1968 2035 2009 2004 1982 1964 1975 1950 1948 1963 1913 1917 1919 1876 1909 1941 1952 1976 1945 1937 1930 1970 1920 1930 1850 1860 1857 1870 1882 1875 1852 1877 1913 1875 1897 1925 1903 1918 1881 1870 1888 1895 1904 1877 1824 1891 1888 1923 1880 1900 1841 1827 1843 1886 1862 1899 1881 1857 1876 1811 1796 1859 1901 1820 1778 1773 1775 1768 1780 1794 1833 1797 1801 1800 1803 1802 1743 1795 1781 1789 1740 1757 1722 1715 1753 1789 1816 1769 1826 1823 1777 1814 1824 1877 1918 1903 1942 1957 1980 1998 1949 1940 1981 1939 2000 1980 2008 2023 1980 2015 2029 2076 2061 2147 2116 2219 2166 2168 2162 2223 2197 2271 2240 2200 2232 2300 2252 2277 2314 2301 2261 2251 2275 2291 2251 2238 2279 2298 2349 2329 2332 2351 2427 2440 2456 2436 2501 2523 2485 2482 2491 2503 2437 2423 2435 2425 2470 2470 2467 2484 2534 2493 2498 2533 2498 2523 2448 2440 2446 2468 2481 2506 2485 2539 2514 2548 2548 2476 2547 2532 2538 2540 2535 2538 2539 2547 2478 2511 2475 2526 2538 2515 2532 2495 2553 2577 2583 2553 2524 2546 2553 2506 2550 2532 2489 2498 2511 2546 2523 2469 2544 2527 2514 2415 2523 2514 2545 2553 2553 2580 2535 2431 2459 2461 2497 2465 2435 2448 2417 2454 2460 2427 2453 2461 2413 2358 2361 2409 2403 2366 2443 2364 2348 2378 2450 2346 2450 2407 2416 2442 2429 2329 2403 2380 2425 2399 2444 2405 2367 2352 2377 2400 2359 2330 2378 2390 2393 2385 2378 2289 2386 2360 2377 2322 2313 2339 2331 2375 2327 2316 2320 2282 2337 2318 2320 2280 2284 2290 2240 2224 2271 2213 2198 2188 2250 2245 2270 2213 2231 2177 2256 2271 2196 2281 2247 2217 2230 2227 2222 2224 2231 2270 2213 2211 2240 2269 2282 2236 2226 2158 2141 2105 2103 2066 2077 2139 2154 2159 2165 2140 2120 2122 2107 2059 2065 2039 2035 2044 2062 2064 2069 2090 2081 2096 2107 2118 2063 2120 2089 2111 2128 2145 2150 2077 2077 2056 2074 2087 2077 2058 2037 2061 2096 2116 2078 2047 2060 2022 1981 1963 1945 1940 1932 1981 2022 1939 1966 1965 1923 1893 1971 1995 1973 2033 1984 1987 1961 1957 1949 1965 1899 1973 2000 1946 1940 1941 1930 1992 1942 1885 1907 1927 1906 1879 1908 1890 1879 1943 1896 1851 1872 1869 1884 1857 1853 1937 1919 1957 1909 1927 1880 1884 1887 1878 1806 1804 1842 1833 1850 1821 1832 1883 1863 1866 1907 1899 1876 1829 1857 1833 1812 1865 1848 1838 1849 1837 1773 1772 1838 1855 1820 1799 1789 1808 1797 1767 1728 1758 1778 1761 1760 1757 1777 1744 1724 1641 1713 1752 1783 1783 1705 1704 1762 1753 1737 1736 1712 1702 1657 1678 1676 1614 1637 1644 1656 1643 1633 1651 1688 1642 1640 1559 1604 1675 1640 1655 1638 1665 1664 1665 1591 1621 1614 1590 1614 1568 1615 1610 1630 1588 1613 1665 1610 1566 1562 1596 1578 1605 1618 1637 1663 1662 1624 1644 1619 1593 1591 1575 1584 1617 1584 1622 1582 1562 1493 1528 1533 1571 1603 1573 1556 1561 1494 1501 1614 1643 1576 1542 1555 1545 1582 1576 1564 1589 1563 1529 1530 1535 1521 1510 1496 1511 1538 1514 1530 1528 1512 1494 1532 1452 1485 1525 1484 1487 1498 1519 1473 1488 1469 1518 1543 1519 1484 1462 1432 1470 1443 1450 1461 1445 1514 1477 1494 1449 1518 1484 1460 1409 1382 1392 1417 1408 1394 1339 1420 1431 1429 1429 1435 1419 1465 1406 1457 1436 1450 1453 1428 1423 1410 1456 1434 1436 1414 1443 1423 1452 1409 1434 1429 1440 1386 1425 1412 1419 1460 1448 1377 1443 1406 1407 1362 1369 1400 1381 1360 1361 1324 1358 1336 1363 1324 1346 1378 1355 1349 1354 1375 1380 1339 1316 1356 1306 1340 1330 1348 1307 1303 1289 1316 1327 1319 1281 1286 1295 1261 1283 1300 1312 1338 1328 1360 1286 1340 1362 1351 1339 1378 1376 1441 1423 1398 1480 1496 1472 1501 1430 1481 1466 1518 1564 1552 1571 1607 1632 1597 1615 1650 1677 1667 1709 1773 1715 1676 1716 1745 1720 1728 1791 1810 1720 1719 1740 1798 1834 1829 1832 1843 1843 1859 1851 1846 1831 1855 1868 1887 1886 1936 1936 1938 2004 2034 2029 1986 1992 2018 2028 2030 2015 2040 2008 2080 2122 2065 2039 2011 2051 2042 2098 2064 2142 2088 2127 2119 2161 2160 2165 2084 2229 2141 2139 2105 2122 2108 2091 2067 2123 2123 2107 2145 2125 2167 2135 2135 2144 2108 2168 2206 2193 2206 2177 2098 2121 2183 2201 2157 2119 2176 2104 2133 2132 2145 2210 2149 2156 2159 2180 2121 2054 2067 2125 2135 2130 2121 2167 2157 2147 2177 2177 2209 2203 2240 2199 2204 2126 2209 2210 2182 2188 2212 2223 2230 2230 2226 2223 2180 2167 2173 2155 2146 2096 2103 2126 2139 2137 2051 2094 2082 2089 2100 2060 2058 2057 2125 2168 2160 2115 2123 2091 2059 2046 2015 1988 2033 1985 2048 2021 1983 2003 2023 2057 2058 2067 1985 2013 2065 1990 2060 2058 2044 2014 1989 2036 2061 2052 2029 2021 2036 1999 2051 1987 1993 2059 2003 1961 1993 2007 1973 1969 1998 1999 2020 2018 1965 1989 1979 1918 1940 1949 1970 1900 1922 1956 1942 1970 1955 1953 1952 1964 1938 1954 1971 1980 1986 1938 1980 2008 1944 1951 1938 1877 1840 1843 1822 1790 1824 1842 1835 1845 1795 1807 1828 1831 1850 1887 1803 1785 1822 1823 1812 1791 1848 1823 1790 1791 1803 1777 1744 1807 1823 1776 1851 1854 1837 1865 1859 1838 1820 1851 1746 1722 1697 1754 1740 1826 1805 1789 1814 1821 1772 1726 1745 1729 1734 1692 1723 1680 1645 1686 1664 1669 1703 1697 1710 1684 1710 1684 1736 1720 1653 1712 1689 1700 1637 1603 1666 1671 1687 1674 1684 1665 1619 1620 1571 1565 1611 1615 1687 1692 1662 1633 1675 1619 1683 1627 1660 1639 1618 1632 1601 1603 1624 1612 1586 1589 1584 1574 1579 1569 1536 1589 1557 1557 1547 1540 1557 1532 1532 1600 1537 1621 1631 1610 1605 1578 1580 1604 1626 1580 1614 1606 1572 1574 1585 1582 1542 1524 1543 1509 1587 1532 1557 1517 1537 1463 1437 1522 1507 1473 1521 1520 1534 1601 1592 1547 1559 1547 1492 1442 1472 1478 1505 1527 1441 1450 1456 1477 1478 1438 1438 1443 1424 1362 1372 1388 1438 1454 1459 1499 1512 1495 1473 1475 1436 1414 1386 1382 1415 1420 1431 1431 1460 1402 1433 1392 1381 1383 1382 1385 1373 1379 1412 1410 1446 1418 1444 1448 1408 1491 1423 1498 1492 1510 1522 1506 1569 1559 1564 1581 1614 1613 1624 1592 1640 1674 1671 1672 1685 1667 1701 1742 1772 1703 1740 1716 1792 1831 1790 1847 1821 1798 1807 1829 1819 1791 1854 1847 1910 1935 1970 1927 1967 1985 2032 1971 2019 2047 2059 2066 2061 2034 2049 2051 2028 2089 2080 2141 2114 2134 2134 2080 2103 2119 2154 2138 2168 2183 2185 2209 2211 2218 2180 2187 2173 2165 2170 2169 2188 2203 2187 2125 2169 2238 2227 2183 2179 2244 2202 2165 2204 2175 2196 2195 2313 2212 2232 2227 2217 2187 2239 2199 2202 2232 2210 2237 2245 2262 2234 2233 2240 2261 2266 2284 2255 2244 2255 2188 2219 2185 2254 2267 2264 2329 2296 2262 2225 2277 2274 2255 2250 2276 2207 2208 2204 2234 2239 2184 2206 2234 2275 2234 2239 2206 2248 2199 2208 2245 2219 2301 2281 2332 2374 2408 2354 2341 2356 2335 2307 2370 2349 2322 2346 2333 2360 2387 2384 2422 2380 2410 2452 2461 2411 2509 2508 2572 2504 2473 2527 2584 2571 2537 2567 2556 2659 2675 2643 2665 2639 2679 2676 2626 2684 2772 2772 2765 2750 2762 2793 2812 2871 2788 2771 2773 2739 2782 2852 2783 2827 2831 2849 2871 2904 2815 2899 2863 2850 2929 2870 2911 2791 2860 2841 2938 2941 2947 2983 2981 2961 2944 2887 2922 2911 2980 2966 2971 2982 2938 2948 2953 2902 2984 2919 2901 2940 2980 2982 2984 2895 2891 2894 2948 2905 3016 2973 2972 2926 2891 2918 2961 2983 2929 2933 3009 3028 3030 3006 2967 2923 2973 2881 2870 2947 2979 2859 2806 2883 2814 2906 2864 2865 2795 2752 2798 2854 2907 2856 2824 2901 2879 2856 2874 2845 2903 2879 2906 2890 2854 2840 2844 2860 2817 2840 2828 2775 2843 2895 2779 2799 2714 2792 2817 2834 2824 2829 2814 2679 2708 2662 2698 2648 2660 2674 2695 2682 2743 2790 2783 2738 2691 2742 2747 2766 2755 2794 2709 2670 2702 2658 2644 2674 2671 2680 2635 2649 2626 2630 2607 2647 2634 2624 2618 2676 2696 2615 2646 2613 2570 2643 2588 2561 2575 2579 2599 2527 2505 2545 2513 2523 2499 2472 2481 2504 2493 2528 2523 2506 2508 2507 2544 2514 2458 2504 2505 2488 2518 2428 2476 2463 2446 2506 2462 2455 2410 2363 2489 2411 2396 2372 2371 2443 2376 2425 2448 2436 2454 2421 2398 2465 2451 2405 2378 2414 2401 2369 2347 2333 2391 2392 2332 2353 2350 2332 2296 2265 2301 2346 2348 2334 2276 2297 2270 2201 2254 2327 2272 2245 2212 2259 2237 2206 2324 2290 2253 2252 2235 2260 2272 2327 2316 2372 2292 2268 2280 2317 2314 2262 2310 2317 2411 2444 2432 2387 2395 2399 2442 2404 2416 2488 2536 2489 2496 2482 2545 2449 2480 2551 2621 2578 2575 2616 2653 2651 2620 2643 2706 2638 2708 2697 2755 2682 2666 2704 2753 2719 2758 2702 2732 2669 2703 2741 2719 2736 2709 2786 2810 2851 2819 2819 2890 2914 2936 2902 2880 2847 2886 2937 2890 2971 2954 2894 2802 2793 2810 2754 2773 2771 2802 2832 2863 2839 2836 2831 2825 2893 2843 2864 2788 2808 2954 2914 2967 2962 2947 2908 2948 2997 2942 2973 2922 2932 2917 2924 2877 2828 2822 2931 2966 2962 2939 2893 2941 2935 2827 2876 2947 2969 2907 2896 2937 2967 2943 2885 2887 2870 2874 2883 2921 2882 2872 2853 2905 2911 2948 2874 2817 2820 2860 2814 2833 2824 2805 2831 2735 2843 2806 2850 2864 2838 2881 2807 2906 2899 2940 2953 2929 2898 2920 2969 3037 2980 3002 3101 3074 3024 3001 3081 3090 3109 3152 3103 3103 3084 3103 3154 3176 3100 3111 3126 3145 3129 3161 3235 3216 3198 3254 3211 3267 3212 3259 3194 3248 3262 3242 3213 3184 3265 3261 3224 3335 3346 3296 3423 3423 3362 3330 3387 3355 3404 3429 3413 3449 3344 3367 3412 3421 3447 3408 3413 3433 3475 3423 3412 3387 3429 3445 3450 3430 3446 3434 3436 3399 3431 3388 3371 3459 3392 3406 3389 3435 3410 3354 3377 3351 3375 3438 3381 3362 3335 3305 3279 3296 3351 3334 3329 3370 3425 3390 3394 3442 3422 3412 3447 3472 3456 3420 3372 3318 3357 3400 3424 3401 3382 3377 3356 3294 3324 3365 3358 3349 3309 3392 3386 3364 3312 3358 3411 3333 3334 3324 3202 3247 3153 3221 3272 3292 3263 3287 3257 3191 3242 3221 3247 3236 3172 3230 3219 3121 3212 3242 3284 3130 3202 3274 3230 3252 3145 3146 3131 3182 3120 3110 3079 3175 3172 3153 3170 3077 3141 3077 3095 3059 3086 3204 3240 3140 3151 3158 3211 3113 3043 3005 3014 3002 3004 2915 3010 2976 2961 3012 2959 2986 3033 3023 3041 2983 2995 3005 2880 2898 2922 2936 2918 2873 2892 2948 3076 2905 3006 2897 2927 2994 2978 3030 2927 2927 2890 2955 2876 2885 2802 2803 2854 2829 2793 2809 2827 2837 2941 2933 2925 2868 2806 2795 2777 2714 2696 2685 2710 2816 2738 2776 2765 2796 2748 2723 2738 2693 2694 2635 2575 2659 2596 2633 2638 2638 2638 2677 2663 2608 2684 2625 2678 2688 2744 2660 2628 2659 2584 2674 2635 2602 2656 2626 2663 2666 2708 2735 2650 2667 2695 2671 2610 2699 2601 2538 2589 2627 2636 2609 2570 2572 2499 2485 2596 2567 2584 2596 2555 2515 2585 2521 2540 2556 2477 2487 2468 2444 2468 2463 2429 2424 2448 2465 2400 2416 2340 2382 2448 2376 2408 2382 2390 2447 2377 2377 2353 2347 2429 2385 2432 2454 2379 2395 2353 2309 2396 2392 2399 2385 2405 2364 2334 2369 2318 2299 2303 2384 2335 2353 2307 2305 2262 2317 2312 2329 2285 2245 2234 2235 2300 2277 2284 2242 2266 2244 2310 2262 2260 2242 2175 2272 2239 2215 2243 2300 2257 2269 2241 2234 2284 2277 2267 2281 2235 2244 2218 2229 2209 2234 2247 2216 2209 2194 2157 2159 2084 2113 2122 2136 2127 2111 2117 2110 2081 2069 2076 2088 2092 2152 2131 2173 2140 2137 2038 2101 2100 2030 2086 2108 2124 2154 2110 2113 2086 2131 2200 2116 2188 2099 2122 2095 2122 2104 2136 2091 2109 2073 2047 2028 2019 1972 1951 1998 1953 1985 2004 1974 1952 1954 2006 1972 1981 1951 1992 1964 1967 2028 2007 1977 2033 1971 2013 1922 1898 1945 1979 1943 1974 1938 1962 2026 1997 1982 1978 1906 1923 1916 1923 1938 1961 1968 1941 1930 1978 1975 1962 2005 1914 1945 1962 1959 1955 1926 1970 2025 1934 1950 1947 1854 1911 1916 1852 1886 1907 1875 1916 1912 1894 1929 1911 1887 1928 1913 1912 1874 1919 1881 1934 1931 1871 1871 1837 1834 1830 1884 1898 1821 1801 1781 1798 1844 1912 1887 1856 1869 1829 1855 1843 1806 1846 1827 1815 1814 1842 1818 1829 1766 1784 1802 1749 1734 1771 1836 1745 1805 1784 1749 1787 1776 1806 1825 1770 1757 1738 1772 1709 1709 1683 1679 1682 1695 1695 1703 1682 1685 1683 1723 1699 1697 1729 1693 1741 1750 1736 1775 1769 1750 1797 1750 1725 1764 1726 1759 1761 1763 1791 1777 1802 1820 1846 1872 1935 1947 1937 1992 1951 1986 1939 1972 1993 1978 2015 2031 1996 2077 2069 2080 2100 2106 2074 2138 2173 2179 2195 2134 2142 2180 2162 2179 2160 2201 2203 2212 2233 2294 2226 2303 2242 2310 2298 2274 2268 2331 2303 2284 2318 2362 2327 2407 2399 2397 2372 2410 2378 2342 2420 2411 2435 2452 2511 2464 2536 2568 2532 2483 2484 2485 2486 2490 2513 2454 2491 2502 2434 2430 2453 2465 2490 2428 2450 2476 2454 2528 2483 2539 2611 2513 2546 2534 2557 2560 2513 2513 2495 2550 2538 2471 2459 2457 2494 2473 2483 2520 2569 2532 2550 2545 2554 2539 2478 2560 2470 2501 2433 2492 2472 2492 2527 2513 2526 2541 2504 2568 2579 2554 2538 2578 2543 2510 2576 2537 2559 2525 2528 2525 2505 2489 2548 2549 2478 2472 2443 2519 2479 2547 2532 2484 2472 2466 2467 2465 2466 2482 2445 2460 2442 2469 2418 2418 2471 2457 2408 2386 2388 2424 2383 2429 2375 2449 2399 2379 2375 2373 2353 2355 2350 2356 2327 2336 2386 2396 2402 2329 2405 2400 2392 2346 2348 2352 2364 2338 2293 2341 2343 2310 2268 2211 2216 2248 2275 2262 2247 2239 2268 2243 2236 2324 2277 2267 2266 2218 2284 2223 2209 2221 2224 2269 2244 2242 2263 2233 2204 2189 2220 2141 2204 2216 2235 2215 2213 2207 2209 2206 2158 2150 2136 2149 2130 2113 2044 2124 2127 2204 2196 2167 2155 2155 2083 2050 2049 2062 2027 2026 2033 2086 2050 2088 2054 2043 2092 2062 2064 2074 2087 2114 2097 2038 2041 2062 2021 1981 2025 2061 2085 2053 1965 2004 1982 2013 1997 2020 2038 2012 2026 2047 2083 2026 2016 1994 2031 1997 2033 2067 2037 2064 2039 1985 2033 2009 2007 1963 1913 1913 1936 1978 1999 1935 1893 1883 1914 1907 

