Realization 0:
	ActiveActor 0:
		1 
	PassiveActor 1:
		MolID 0:
			Count:
				0 3 3 5 5 6 1 3 6 3 7 1 1 3 1 0 5 5 5 2 4 5 3 7 3 2 5 3 4 4 3 1 2 5 1 2 1 2 1 2 6 5 5 1 3 5 3 2 2 3 3 3 0 1 2 1 5 2 4 1 1 0 0 3 0 3 2 1 4 1 1 3 1 1 4 2 1 2 4 3 3 2 3 2 4 2 3 4 1 2 2 1 0 3 1 0 3 1 4 0 
		MolID 1:
			Count:
				0 0 0 2 3 4 4 4 4 4 4 5 5 5 5 5 5 5 6 8 9 9 9 10 10 12 12 12 12 12 12 12 13 13 13 13 13 14 14 14 14 14 14 14 14 15 15 15 15 15 17 19 20 20 21 21 22 22 22 22 22 22 22 22 22 22 22 22 22 23 23 23 24 24 24 24 24 24 24 24 24 24 24 24 24 25 25 25 25 25 25 25 25 26 26 26 26 26 26 26 
	PassiveActor 2:
		MolID 0:
			Count:
				50 5 7 2 4 5 2 3 2 3 6 4 5 4 7 3 3 2 4 6 3 3 3 7 6 2 6 3 5 2 3 6 2 3 2 2 3 5 4 7 3 3 1 2 6 2 3 3 6 3 1 1 2 3 3 1 2 4 2 4 7 1 7 1 3 2 3 3 1 1 3 1 2 6 3 1 2 3 2 4 2 2 3 1 2 1 1 1 2 2 2 0 3 0 2 3 4 2 1 4 
	PassiveActor 3:
		MolID 0:
			Count:
				50 50 50 48 47 46 46 46 46 46 46 45 45 45 45 45 45 45 44 42 41 41 41 40 40 38 38 38 38 38 38 38 37 37 37 37 37 36 36 36 36 36 36 36 36 35 35 35 35 35 33 31 30 30 29 29 28 28 28 28 28 28 28 28 28 28 28 28 28 27 27 27 26 26 26 26 26 26 26 26 26 26 26 26 26 25 25 25 25 25 25 25 25 24 24 24 24 24 24 24 
		MolID 1:
			Count:
				0 0 0 2 3 4 4 4 4 4 4 5 5 5 5 5 5 5 6 8 9 9 9 10 10 12 12 12 12 12 12 12 13 13 13 13 13 14 14 14 14 14 14 14 14 15 15 15 15 15 17 19 20 20 21 21 22 22 22 22 22 22 22 22 22 22 22 22 22 23 23 23 24 24 24 24 24 24 24 24 24 24 24 24 24 25 25 25 25 25 25 25 25 26 26 26 26 26 26 26 

