Realization 0:
	ActiveActor 9:
		1 
	ActiveActor 10:
		1 
	PassiveActor 0:
		MolID 0:
			Count:
				2500 2500 2500 2500 2500 2500 2500 2500 2500 2500 2500 2500 2500 2500 2500 2500 2500 2500 2500 2500 2500 2500 2500 2500 2500 2500 2500 2500 2500 2500 2500 2500 2500 2500 2500 2500 2500 2500 2500 2500 2500 2500 2500 2500 2500 2500 2500 2500 2500 2500 2500 2500 2500 2500 2500 2500 2500 2500 2500 2500 2500 2500 2500 2500 2500 2500 2500 2500 2500 2500 2500 2500 2500 2500 2500 2500 2500 2500 2500 2500 2500 2500 2500 2500 2500 2500 2500 2500 2500 2500 2500 2500 2500 2500 2500 2500 2500 2500 2500 2500 
		MolID 1:
			Count:
				1000 1000 1000 1000 1000 1000 1000 1000 1000 1000 1000 1000 1000 1000 1000 1000 1000 1000 1000 1000 1000 1000 1000 1000 1000 1000 1000 1000 1000 1000 1000 1000 1000 1000 1000 1000 1000 1000 1000 1000 1000 1000 1000 1000 1000 1000 1000 1000 1000 1000 1000 1000 1000 1000 1000 1000 1000 1000 1000 1000 1000 1000 1000 1000 1000 1000 1000 1000 1000 1000 1000 1000 1000 1000 1000 1000 1000 1000 1000 1000 1000 1000 1000 1000 1000 1000 1000 1000 1000 1000 1000 1000 1000 1000 1000 1000 1000 1000 1000 1000 
	PassiveActor 1:
		MolID 0:
			Count:
				762 696 734 734 715 718 710 693 693 707 710 719 718 702 699 742 740 733 746 758 730 733 696 695 690 692 705 694 713 730 743 747 738 731 705 742 711 704 692 728 723 703 711 721 698 704 756 736 734 756 754 770 766 761 728 757 755 744 766 756 747 764 747 732 743 734 744 729 718 729 714 716 690 740 734 733 705 706 734 715 713 709 719 783 742 731 733 745 710 724 727 722 708 725 735 698 740 704 697 734 
		MolID 1:
			Count:
				281 284 262 297 283 285 286 311 289 324 300 304 276 288 286 270 285 293 310 302 316 308 300 266 293 298 306 314 272 313 299 302 301 311 285 304 306 300 293 297 285 290 269 291 271 286 293 294 284 282 307 298 310 276 306 291 293 304 302 287 303 294 309 299 311 295 308 299 305 296 291 294 300 320 299 277 265 285 301 321 320 323 308 311 330 302 316 284 303 293 264 270 304 307 304 291 303 307 309 303 
	PassiveActor 2:
		MolID 0:
			Count:
				151 162 172 171 174 176 175 181 173 172 178 158 158 173 161 153 184 182 169 186 160 156 171 173 178 185 174 168 168 175 167 165 180 164 160 182 160 171 173 155 167 184 148 160 165 182 177 193 198 172 181 178 167 174 176 186 185 180 171 175 159 184 165 175 168 159 163 161 159 153 167 177 163 159 151 156 149 168 165 169 187 168 176 168 160 169 163 162 171 176 172 186 187 170 152 170 177 200 177 184 
		MolID 1:
			Count:
				86 82 64 64 69 57 67 65 58 65 66 72 64 66 74 67 53 73 75 79 63 66 68 78 74 60 59 68 63 57 58 72 69 67 76 67 75 69 65 74 58 71 59 70 80 63 61 54 62 78 76 68 72 63 44 54 82 72 62 58 53 62 58 72 60 57 62 78 74 66 62 79 73 76 73 72 67 77 63 53 61 63 63 61 61 63 68 73 67 56 56 69 64 62 60 63 56 63 50 69 
	PassiveActor 3:
		MolID 0:
			Count:
				12 11 11 10 12 15 9 6 9 7 10 7 5 5 12 11 10 8 5 11 7 6 7 6 4 6 6 8 10 12 14 13 10 12 10 15 5 7 3 10 10 4 8 9 12 9 9 10 13 12 9 14 10 13 10 13 14 6 14 5 5 11 11 8 11 9 9 9 10 10 5 8 8 9 7 6 10 6 9 9 5 11 11 9 11 7 9 13 12 9 7 6 15 9 10 11 12 10 11 5 
		MolID 1:
			Count:
				5 7 5 5 5 4 7 1 3 3 5 5 3 5 6 2 2 3 4 3 8 5 4 1 3 2 2 4 7 6 7 3 7 5 9 2 8 1 3 3 3 2 1 2 6 9 2 0 2 7 2 3 1 3 9 2 2 2 2 3 5 1 3 3 2 1 2 3 3 4 4 4 6 1 3 5 5 6 4 3 5 6 7 4 3 8 5 4 4 4 2 4 1 1 4 3 5 5 5 1 
	PassiveActor 4:
		MolID 0:
			Count:
				7 12 14 10 16 12 9 12 15 11 15 13 15 11 10 11 10 9 16 11 15 13 8 9 23 14 13 12 16 16 12 16 10 12 15 11 10 14 13 18 19 13 21 16 15 21 21 24 22 11 15 9 13 12 12 15 11 10 10 13 11 10 12 10 18 11 21 15 15 11 13 20 17 16 14 11 12 17 12 13 12 15 11 15 18 13 11 11 14 13 11 22 6 14 9 11 15 11 6 14 
		MolID 1:
			Count:
				3 5 4 5 3 4 5 6 6 5 9 2 4 5 6 5 3 7 10 13 7 5 8 1 9 10 7 6 4 9 4 4 5 7 10 9 7 4 12 7 5 9 4 6 4 11 8 9 7 5 13 6 17 2 3 10 3 7 3 2 5 10 5 9 5 9 8 3 5 7 4 7 8 4 4 9 7 7 5 4 4 4 7 5 5 9 3 3 12 6 9 10 5 9 4 9 4 6 7 8 
	PassiveActor 5:
		MolID 0:
			Count:
				91 89 83 95 105 103 93 99 86 78 98 78 85 75 81 90 83 74 90 71 73 82 77 79 72 73 89 86 87 74 85 86 74 74 79 80 94 81 85 76 79 86 82 81 81 77 74 71 87 94 86 91 104 108 88 100 91 100 97 95 84 81 94 87 83 85 99 79 83 82 88 86 88 90 78 72 80 79 90 85 84 81 90 97 86 95 77 81 76 90 92 94 86 84 85 86 75 71 76 78 
		MolID 1:
			Count:
				37 41 38 27 43 33 39 42 45 34 34 26 27 25 33 30 30 35 35 41 37 34 41 27 35 38 36 31 31 43 33 33 34 31 33 37 34 35 35 36 35 33 40 34 34 31 36 39 50 45 42 26 25 27 30 31 30 42 39 41 41 29 35 36 39 33 43 39 43 34 31 34 35 34 38 43 39 41 36 29 31 37 32 32 48 52 50 41 29 34 39 32 36 34 28 30 28 41 40 36 
	PassiveActor 6:
		MolID 0:
			Count:
				6 3 1 6 4 10 6 2 6 5 4 4 5 9 6 6 6 4 6 3 3 1 6 4 3 2 3 8 6 3 4 8 4 5 5 6 4 5 5 4 2 3 6 6 5 3 3 3 6 3 5 8 5 5 3 4 4 7 7 4 2 4 6 6 4 4 3 6 6 1 5 8 0 2 3 2 4 4 3 4 4 7 2 1 4 3 4 2 3 2 6 5 10 0 5 7 3 3 5 7 
		MolID 1:
			Count:
				2 1 2 1 4 4 2 4 2 5 3 3 1 1 1 1 0 0 0 4 4 2 3 1 1 4 4 0 2 3 1 1 2 1 0 2 2 1 1 4 2 4 1 5 5 1 2 3 2 4 1 1 1 2 0 0 0 3 3 2 1 1 4 3 1 1 2 3 2 4 4 2 1 2 2 2 6 1 3 2 0 4 4 3 2 4 1 1 1 2 2 1 3 3 1 3 2 2 4 1 
	PassiveActor 7:
		MolID 0:
			Count:
				0 9 4 3 7 7 5 7 6 8 8 8 8 7 9 9 4 6 9 6 3 6 9 8 6 5 9 7 7 3 4 7 8 5 6 8 7 6 4 5 7 10 7 5 4 6 3 2 6 8 4 6 6 14 5 5 2 3 6 12 9 9 11 4 6 6 4 3 4 3 3 5 9 6 6 7 3 4 10 2 7 5 8 11 9 4 7 2 5 4 3 8 4 10 10 4 2 4 8 2 
		MolID 1:
			Count:
				1 4 3 5 2 2 6 3 8 4 4 3 4 1 7 3 3 6 2 4 3 3 4 4 3 5 2 4 3 3 4 4 1 2 4 4 8 3 2 2 1 6 6 3 1 4 2 9 4 4 6 5 3 3 1 3 3 6 5 3 3 3 8 2 6 6 7 4 5 3 2 3 5 7 3 6 5 7 3 5 2 3 4 4 5 5 5 6 3 7 6 4 2 2 0 1 4 5 3 5 
	PassiveActor 8:
		MolID 0:
			Count:
				2 3 2 3 2 5 5 1 5 3 8 3 2 2 1 4 3 6 2 2 0 5 3 4 1 2 3 3 6 4 2 3 1 3 2 4 7 4 5 2 2 3 1 3 4 0 4 2 1 2 5 3 0 3 7 2 2 4 9 2 2 2 4 6 3 4 5 3 3 4 3 2 2 3 4 5 4 1 2 2 7 4 1 4 4 1 3 4 1 3 3 2 5 0 2 0 1 0 1 7 
		MolID 1:
			Count:
				0 1 0 0 2 1 0 1 0 0 0 0 1 2 0 0 2 0 1 1 2 1 3 0 2 1 0 1 1 0 0 2 1 1 2 2 1 1 0 3 1 1 1 1 2 3 3 4 3 0 1 0 2 1 2 2 0 1 1 2 1 3 1 1 0 1 2 1 1 1 1 3 1 0 3 0 1 0 2 2 0 3 1 0 0 2 1 2 1 0 2 0 0 1 1 0 1 5 1 0 

