Realization 0:
	ActiveActor 0:
		1 
	PassiveActor 1:
		MolID 1:
			Count:
				0 142 288 401 467 524 574 611 635 649 674 693 704 718 732 743 747 759 771 780 787 796 801 815 820 826 831 836 841 843 845 847 851 851 854 858 860 860 862 863 865 867 871 871 871 871 873 874 876 877 878 879 879 881 882 882 884 886 887 888 892 893 894 896 896 897 897 897 898 899 900 900 901 902 902 903 905 906 906 907 909 910 911 913 913 913 914 914 915 915 916 918 918 920 922 922 922 923 924 925 
	PassiveActor 2:
		MolID 0:
			Count:
				10000 9858 9712 9599 9533 9476 9426 9389 9365 9351 9326 9307 9296 9282 9268 9257 9253 9241 9229 9220 9213 9204 9199 9185 9180 9174 9169 9164 9159 9157 9155 9153 9149 9149 9146 9142 9140 9140 9138 9137 9135 9133 9129 9129 9129 9129 9127 9126 9124 9123 9122 9121 9121 9119 9118 9118 9116 9114 9113 9112 9108 9107 9106 9104 9104 9103 9103 9103 9102 9101 9100 9100 9099 9098 9098 9097 9095 9094 9094 9093 9091 9090 9089 9087 9087 9087 9086 9086 9085 9085 9084 9082 9082 9080 9078 9078 9078 9077 9076 9075 

