Realization 0:
	ActiveActor 0:
		1 
	PassiveActor 1:
		MolID 0:
			Count:
				0 6 1 3 2 2 5 0 2 3 3 5 3 4 6 2 2 4 6 5 1 1 2 2 3 5 6 8 3 5 2 6 3 6 4 2 5 4 3 2 3 4 1 3 6 6 2 3 3 1 2 2 3 4 1 2 2 3 2 2 2 1 0 4 2 3 2 2 1 1 0 2 3 3 4 2 3 2 1 1 2 2 0 1 2 2 2 0 2 5 2 2 1 0 6 2 1 0 3 2 
		MolID 1:
			Count:
				0 0 0 0 1 1 1 1 2 3 4 4 4 5 5 6 6 6 6 6 6 7 7 8 9 9 9 9 10 11 11 11 12 12 12 12 12 13 13 15 15 15 16 17 17 18 18 19 20 21 21 21 21 21 21 21 21 22 22 23 24 24 24 24 26 26 26 27 27 27 27 28 28 28 28 28 28 28 28 29 29 29 29 29 29 29 29 29 29 29 29 29 29 29 29 29 29 29 29 29 
	PassiveActor 2:
		MolID 0:
			Count:
				50 3 0 2 4 4 3 2 3 0 5 3 9 2 6 8 3 3 5 5 3 4 4 5 4 5 6 2 3 3 3 1 2 4 1 3 0 3 3 6 2 2 4 1 5 1 3 0 3 5 1 3 3 2 1 4 0 4 1 1 4 1 3 1 3 3 0 2 2 5 5 1 3 1 5 2 0 2 5 3 1 3 4 3 3 1 2 3 2 1 1 3 4 2 0 3 2 0 1 3 
	PassiveActor 3:
		MolID 0:
			Count:
				50 50 50 50 49 49 49 49 48 47 46 46 46 45 45 44 44 44 44 44 44 43 43 42 41 41 41 41 40 39 39 39 38 38 38 38 38 37 37 35 35 35 34 33 33 32 32 31 30 29 29 29 29 29 29 29 29 28 28 27 26 26 26 26 24 24 24 23 23 23 23 22 22 22 22 22 22 22 22 21 21 21 21 21 21 21 21 21 21 21 21 21 21 21 21 21 21 21 21 21 
		MolID 1:
			Count:
				0 0 0 0 1 1 1 1 2 3 4 4 4 5 5 6 6 6 6 6 6 7 7 8 9 9 9 9 10 11 11 11 12 12 12 12 12 13 13 15 15 15 16 17 17 18 18 19 20 21 21 21 21 21 21 21 21 22 22 23 24 24 24 24 26 26 26 27 27 27 27 28 28 28 28 28 28 28 28 29 29 29 29 29 29 29 29 29 29 29 29 29 29 29 29 29 29 29 29 29 

