Realization 0:
	ActiveActor 0:
		1 
	PassiveActor 1:
		MolID 0:
			Count:
				2 2 2 2 2 2 2 2 2 2 2 2 2 2 2 2 2 2 2 2 2 2 2 2 2 2 2 2 2 2 2 2 2 2 2 2 2 2 2 2 2 2 2 2 2 2 2 2 2 2 2 2 2 2 2 2 2 2 2 2 2 2 2 2 2 2 2 2 2 2 2 2 2 2 2 2 2 2 2 2 2 2 2 2 2 2 2 2 2 2 2 2 2 2 2 2 2 2 2 2 2 2 2 2 2 2 2 2 2 2 2 2 2 2 2 2 2 2 2 2 2 2 2 2 2 2 2 2 2 2 2 2 2 2 2 2 2 2 2 2 2 2 2 2 2 2 2 2 2 2 2 2 2 2 2 2 2 2 2 2 2 2 2 2 2 2 2 2 2 2 2 2 2 2 2 2 2 2 2 2 2 2 2 2 2 2 2 2 2 2 2 2 2 2 2 2 2 2 2 2 2 2 2 2 2 2 2 2 2 2 2 2 2 2 2 2 2 2 2 2 2 2 2 2 2 2 2 2 2 2 2 2 2 2 2 2 2 2 2 2 2 2 2 2 2 2 2 2 2 2 2 2 2 2 2 2 2 2 2 2 2 2 2 2 2 2 2 2 2 2 2 2 2 2 2 2 2 2 2 2 2 2 2 2 2 2 2 2 2 2 2 2 2 2 2 2 2 2 2 2 2 2 2 2 2 2 2 2 2 2 2 2 2 2 2 2 2 2 2 2 2 2 2 2 2 2 2 2 2 2 2 2 2 2 2 2 2 2 2 2 2 2 2 2 2 2 2 2 2 2 2 2 2 2 2 2 2 2 2 2 2 2 2 2 2 2 2 2 2 2 2 2 2 2 2 2 2 2 2 2 2 2 2 2 2 2 2 2 2 2 2 2 2 2 2 2 2 2 2 2 2 2 2 2 2 2 2 2 2 2 2 2 2 2 2 2 2 2 2 2 2 2 2 2 2 2 2 2 2 2 2 2 2 2 2 2 2 2 2 2 2 2 2 2 2 2 2 2 2 2 2 2 2 2 2 2 2 2 2 2 2 2 2 2 2 2 2 2 2 2 2 2 2 2 2 2 2 2 2 2 2 2 2 2 2 2 2 2 2 2 2 2 2 2 2 2 2 2 2 2 2 2 2 2 2 2 2 2 2 2 2 2 2 2 2 2 2 2 2 2 2 2 2 2 2 2 2 2 2 2 2 2 2 2 2 2 2 2 2 2 2 2 2 2 2 2 2 2 2 2 2 2 2 2 2 2 2 2 2 2 2 2 2 2 2 2 2 2 2 2 2 2 2 2 2 2 2 2 2 2 2 2 2 2 2 2 2 2 2 2 2 2 2 2 2 2 2 2 2 2 2 2 2 2 2 2 2 2 2 2 2 2 2 2 2 2 2 2 2 2 2 2 2 2 2 2 2 2 2 2 2 2 2 2 2 2 2 2 2 2 2 2 2 2 2 2 2 2 2 2 2 2 2 2 2 2 2 2 2 2 2 2 2 2 2 2 2 2 2 2 2 2 2 2 2 2 2 2 2 2 2 2 2 2 2 2 2 2 2 2 2 2 2 2 2 2 2 2 2 2 2 2 2 2 2 2 2 2 2 2 2 2 2 2 2 2 2 2 2 2 2 2 2 2 2 2 2 2 2 2 2 2 2 2 2 2 2 2 2 2 2 2 2 2 2 2 2 2 2 2 2 2 2 2 2 2 2 2 2 2 2 2 2 2 2 2 2 2 2 2 2 2 2 2 2 2 2 2 2 2 2 2 2 2 2 2 2 2 2 2 2 2 2 2 2 2 2 2 2 2 2 2 2 2 2 2 2 2 2 2 2 2 2 2 2 2 2 2 2 2 2 2 2 2 2 2 2 2 2 2 2 2 2 2 2 2 2 2 2 2 2 2 2 2 2 2 2 2 2 2 2 2 2 2 2 2 2 2 2 2 2 2 2 2 2 2 2 2 2 2 2 2 2 2 2 2 2 2 2 2 2 2 2 2 2 2 2 2 2 2 2 2 2 2 2 2 2 2 2 2 2 2 2 2 2 2 2 2 2 2 2 2 2 2 2 2 2 2 2 2 2 2 2 2 2 2 2 2 2 2 2 2 2 2 2 2 2 2 2 2 2 2 2 2 2 2 2 2 2 2 2 2 2 2 2 2 2 2 2 2 2 2 2 2 2 2 2 2 2 2 2 2 2 2 2 2 2 2 2 2 2 2 2 2 2 2 2 2 2 2 2 2 2 2 2 2 2 2 2 2 
			Position:
				((5.790794e-06, 1.072673e-06, 6.869878e-06) (4.763772e-07, 8.070064e-06, 5.084841e-06) )
				((4.823469e-07, 7.132820e-06, 5.175081e-06) (5.949683e-06, 8.729409e-07, 6.635833e-06) )
				((3.619938e-07, 7.801985e-06, 4.945169e-06) (5.832084e-06, 1.075557e-06, 6.588233e-06) )
				((2.633189e-08, 7.371644e-06, 4.713517e-06) (5.731570e-06, 2.698986e-07, 7.160025e-06) )
				((1.151098e-07, 8.318902e-06, 5.314688e-06) (6.309191e-06, 4.357735e-07, 7.481337e-06) )
				((5.865652e-08, 8.406670e-06, 5.803792e-06) (5.796769e-06, 1.233872e-06, 7.165900e-06) )
				((1.375085e-07, 8.131058e-06, 5.424202e-06) (5.905788e-06, 5.986850e-07, 7.314632e-06) )
				((3.309115e-08, 8.280580e-06, 4.902479e-06) (5.917426e-06, 1.097686e-07, 8.021317e-06) )
				((4.475464e-07, 7.811167e-06, 4.987363e-06) (5.660854e-06, 5.144240e-07, 7.463009e-06) )
				((1.342337e-07, 7.451027e-06, 5.168974e-06) (6.327486e-06, 6.743476e-07, 7.047356e-06) )
				((5.339823e-07, 7.331692e-06, 4.801498e-06) (6.585172e-06, 1.065738e-06, 6.859865e-06) )
				((7.199356e-07, 7.422740e-06, 4.263060e-06) (7.285209e-06, 1.030675e-06, 7.291651e-06) )
				((9.247889e-07, 6.677893e-06, 4.407700e-06) (7.883757e-06, 1.365209e-06, 6.868716e-06) )
				((1.156044e-06, 6.242621e-06, 4.513086e-06) (7.354759e-06, 1.727728e-06, 7.147009e-06) )
				((1.155532e-06, 6.989778e-06, 3.536083e-06) (7.694948e-06, 1.953857e-06, 7.114068e-06) )
				((2.627130e-07, 6.596153e-06, 3.545970e-06) (7.681092e-06, 2.453929e-06, 6.315686e-06) )
				((2.301293e-07, 6.259270e-06, 3.385354e-06) (7.131257e-06, 1.368671e-06, 5.779011e-06) )
				((2.834613e-07, 6.571101e-06, 3.895447e-06) (7.168170e-06, 1.352449e-06, 7.040799e-06) )
				((2.162129e-07, 6.072704e-06, 4.505503e-06) (6.302288e-06, 1.100278e-06, 7.743993e-06) )
				((2.061011e-07, 6.342447e-06, 4.651280e-06) (6.466122e-06, 8.524576e-07, 8.174889e-06) )
				((2.731622e-07, 7.576154e-06, 4.056413e-06) (6.716185e-06, 1.143282e-07, 8.449410e-06) )
				((2.037478e-07, 7.649976e-06, 3.684505e-06) (5.832513e-06, 6.392804e-07, 7.882982e-06) )
				((7.444662e-07, 7.644507e-06, 4.164940e-06) (5.390048e-06, 5.309177e-07, 7.441839e-06) )
				((3.538889e-07, 7.564499e-06, 3.570664e-06) (5.062612e-06, 2.330516e-07, 7.545201e-06) )
				((4.457539e-08, 7.254744e-06, 3.193480e-06) (4.484781e-06, 1.883176e-07, 6.838157e-06) )
				((2.857824e-07, 7.087058e-06, 3.580113e-06) (4.864722e-06, 1.909792e-07, 5.639204e-06) )
				((3.550883e-07, 7.033277e-06, 3.839899e-06) (3.384437e-06, 1.484403e-06, 5.743404e-06) )
				((7.659431e-07, 7.461018e-06, 3.452779e-06) (3.405208e-06, 1.176670e-06, 6.046710e-06) )
				((1.009688e-06, 7.801719e-06, 3.304537e-06) (3.214124e-06, 8.305106e-07, 6.237117e-06) )
				((1.313116e-06, 7.597806e-06, 3.937927e-06) (3.343215e-06, 3.772263e-07, 5.400034e-06) )
				((1.793424e-06, 6.797733e-06, 3.482696e-06) (3.198893e-06, 1.500816e-07, 4.975873e-06) )
				((1.625310e-06, 7.052440e-06, 3.620962e-06) (3.257820e-06, 3.421520e-07, 4.797756e-06) )
				((2.436276e-06, 6.992123e-06, 4.247817e-06) (3.383719e-06, 4.642578e-08, 5.057806e-06) )
				((2.906516e-06, 7.054549e-06, 4.207570e-06) (3.694414e-06, 4.175863e-07, 5.382325e-06) )
				((2.746358e-06, 6.647008e-06, 4.786193e-06) (3.864394e-06, 7.443290e-07, 6.273417e-06) )
				((2.194233e-06, 6.239120e-06, 5.111143e-06) (4.195941e-06, 4.945906e-07, 5.446453e-06) )
				((1.914490e-06, 6.211723e-06, 5.296834e-06) (4.532954e-06, 3.974742e-07, 5.501162e-06) )
				((2.121592e-06, 6.250174e-06, 5.025302e-06) (4.641648e-06, 1.318013e-07, 5.840869e-06) )
				((2.588755e-06, 6.352744e-06, 5.057510e-06) (3.986788e-06, 5.038374e-08, 5.594714e-06) )
				((1.905572e-06, 6.701391e-06, 5.446546e-06) (3.529042e-06, 3.429469e-07, 5.248463e-06) )
				((1.605253e-06, 6.511599e-06, 5.294532e-06) (2.856718e-06, 8.909541e-07, 5.740080e-06) )
				((9.449832e-07, 5.991305e-06, 4.723482e-06) (2.160309e-06, 7.147719e-07, 6.288311e-06) )
				((1.046375e-06, 5.826215e-06, 4.894616e-06) (2.958140e-06, 2.930732e-07, 7.618678e-06) )
				((1.258956e-06, 6.791895e-06, 5.201608e-06) (3.599228e-06, 2.199268e-07, 7.372432e-06) )
				((1.732859e-06, 7.229439e-06, 5.470160e-06) (3.695797e-06, 9.936524e-07, 6.705307e-06) )
				((1.032321e-06, 7.213686e-06, 5.904707e-06) (3.334694e-06, 1.112624e-06, 6.400216e-06) )
				((1.355852e-06, 7.942048e-06, 6.437657e-06) (3.596103e-06, 7.498753e-07, 6.986264e-06) )
				((1.732707e-06, 7.594344e-06, 6.030620e-06) (4.290199e-06, 5.890486e-07, 6.383095e-06) )
				((1.556343e-06, 7.226378e-06, 5.343699e-06) (5.024361e-06, 4.790890e-07, 6.798279e-06) )
				((1.943784e-06, 7.536918e-06, 5.829266e-06) (4.559700e-06, 4.966886e-07, 7.194144e-06) )
				((1.936284e-06, 7.568426e-06, 4.747973e-06) (4.685827e-06, 8.640797e-07, 8.012797e-06) )
				((1.736449e-06, 8.210554e-06, 4.595608e-06) (5.203693e-06, 1.023260e-06, 7.962981e-06) )
				((1.981410e-06, 8.090036e-06, 4.713788e-06) (4.804281e-06, 8.529560e-07, 8.178938e-06) )
				((1.656866e-06, 8.245138e-06, 5.015567e-06) (5.225447e-06, 7.795702e-07, 7.643095e-06) )
				((2.130257e-06, 8.343096e-06, 4.850295e-06) (5.601946e-06, 5.745943e-07, 6.910970e-06) )
				((2.044025e-06, 8.345011e-06, 4.695872e-06) (6.305880e-06, 5.145437e-07, 7.025447e-06) )
				((3.534511e-06, 7.785923e-06, 4.088792e-06) (6.249713e-06, 3.408796e-07, 6.360040e-06) )
				((2.802478e-06, 7.499857e-06, 4.692436e-06) (6.233958e-06, 4.130280e-07, 6.045524e-06) )
				((3.051520e-06, 6.580065e-06, 4.286527e-06) (5.705902e-06, 4.883157e-08, 6.080493e-06) )
				((3.052699e-06, 6.938619e-06, 4.671562e-06) (5.788990e-06, 4.748624e-07, 6.777483e-06) )
				((2.929302e-06, 7.143207e-06, 4.393800e-06) (6.373176e-06, 5.488854e-07, 7.225438e-06) )
				((2.394588e-06, 6.614960e-06, 4.072588e-06) (6.362609e-06, 1.612886e-07, 8.018667e-06) )
				((2.648362e-06, 7.118151e-06, 3.645121e-06) (6.745110e-06, 3.511542e-07, 7.611373e-06) )
				((2.354590e-06, 7.121763e-06, 2.912639e-06) (6.711845e-06, 5.425670e-07, 7.953867e-06) )
				((2.365533e-06, 7.754588e-06, 3.421629e-06) (7.005949e-06, 3.146117e-07, 8.082067e-06) )
				((2.863838e-06, 8.166269e-06, 2.772244e-06) (7.607966e-06, 1.063303e-06, 7.965957e-06) )
				((2.391776e-06, 8.298369e-06, 2.048801e-06) (6.572858e-06, 1.340828e-06, 7.863506e-06) )
				((2.466355e-06, 8.189033e-06, 2.229576e-06) (6.966090e-06, 1.422872e-06, 7.574850e-06) )
				((3.041021e-06, 7.589546e-06, 2.926823e-06) (7.041938e-06, 1.145542e-06, 8.598235e-06) )
				((4.077666e-06, 7.573404e-06, 2.689908e-06) (6.579911e-06, 1.451178e-06, 8.465005e-06) )
				((3.984959e-06, 7.541207e-06, 2.730265e-06) (6.071417e-06, 1.487971e-06, 9.017449e-06) )
				((4.752835e-06, 7.330576e-06, 2.399258e-06) (6.958394e-06, 1.561923e-06, 8.424876e-06) )
				((4.646600e-06, 7.869264e-06, 2.453686e-06) (6.750668e-06, 1.705566e-06, 8.466951e-06) )
				((4.331681e-06, 7.381252e-06, 2.540871e-06) (6.420456e-06, 1.290631e-06, 8.262735e-06) )
				((4.170426e-06, 7.569551e-06, 1.805723e-06) (6.396617e-06, 1.656682e-06, 7.814674e-06) )
				((4.188525e-06, 7.246598e-06, 2.064850e-06) (6.382756e-06, 2.218470e-06, 7.531370e-06) )
				((3.811839e-06, 7.152732e-06, 2.013646e-06) (6.278640e-06, 1.865667e-06, 8.350309e-06) )
				((3.215288e-06, 7.624107e-06, 2.185534e-06) (5.301765e-06, 3.451694e-06, 8.875683e-06) )
				((2.480231e-06, 7.781518e-06, 2.388073e-06) (5.373473e-06, 3.650954e-06, 8.951045e-06) )
				((2.777317e-06, 7.645709e-06, 2.282685e-06) (5.108037e-06, 3.886651e-06, 9.963333e-06) )
				((3.098580e-06, 7.168757e-06, 2.544869e-06) (5.785972e-06, 4.037678e-06, 9.568389e-06) )
				((3.430473e-06, 7.227608e-06, 2.502210e-06) (5.985970e-06, 4.581658e-06, 9.157198e-06) )
				((2.864866e-06, 6.655169e-06, 1.858005e-06) (5.988336e-06, 4.111998e-06, 8.981706e-06) )
				((2.491895e-06, 6.218334e-06, 2.348864e-06) (5.834232e-06, 3.654596e-06, 8.589916e-06) )
				((2.772416e-06, 6.255807e-06, 2.686133e-06) (4.745901e-06, 3.165628e-06, 7.356870e-06) )
				((3.069792e-06, 6.961616e-06, 2.573016e-06) (5.216000e-06, 3.674284e-06, 7.267059e-06) )
				((3.284417e-06, 6.582964e-06, 2.408973e-06) (5.044627e-06, 3.735618e-06, 7.374212e-06) )
				((3.408651e-06, 6.541000e-06, 2.279701e-06) (4.939292e-06, 3.370579e-06, 7.395286e-06) )
				((3.321043e-06, 6.561830e-06, 2.049670e-06) (4.857437e-06, 3.353502e-06, 6.985510e-06) )
				((3.489580e-06, 6.510769e-06, 1.644855e-06) (4.894077e-06, 3.629410e-06, 6.720765e-06) )
				((3.956509e-06, 6.450192e-06, 1.693102e-06) (4.017237e-06, 3.587217e-06, 6.191960e-06) )
				((4.431593e-06, 6.466596e-06, 2.046437e-06) (4.474731e-06, 3.104965e-06, 5.927556e-06) )
				((4.460667e-06, 7.123961e-06, 2.465132e-06) (4.349713e-06, 3.245824e-06, 6.423636e-06) )
				((4.548006e-06, 7.328054e-06, 2.068814e-06) (4.094955e-06, 2.415785e-06, 7.120243e-06) )
				((4.830660e-06, 6.793254e-06, 1.889471e-06) (4.160887e-06, 2.353038e-06, 7.019853e-06) )
				((3.953568e-06, 6.505785e-06, 1.315680e-06) (3.810286e-06, 2.545207e-06, 6.272029e-06) )
				((2.938651e-06, 5.794349e-06, 1.757877e-06) (3.512821e-06, 2.263557e-06, 5.657325e-06) )
				((2.381144e-06, 5.591527e-06, 1.436387e-06) (3.428338e-06, 2.461909e-06, 4.978369e-06) )
				((2.139721e-06, 6.198108e-06, 1.338941e-06) (4.348161e-06, 2.701355e-06, 5.287819e-06) )
				((2.174611e-06, 5.922697e-06, 3.932944e-07) (4.356349e-06, 3.080947e-06, 5.154354e-06) )
				((2.164507e-06, 6.026015e-06, 3.925310e-07) (3.986826e-06, 3.076987e-06, 5.031225e-06) )
				((1.895953e-06, 5.304160e-06, 4.636122e-07) (3.591120e-06, 2.679155e-06, 5.390040e-06) )
				((2.793199e-06, 5.154421e-06, 6.554561e-07) (3.285571e-06, 2.880213e-06, 4.793021e-06) )
				((3.275872e-06, 4.237200e-06, 1.221193e-06) (2.486477e-06, 3.197984e-06, 4.270658e-06) )
				((3.721177e-06, 3.677650e-06, 8.822954e-07) (1.957273e-06, 3.428143e-06, 4.216638e-06) )
				((2.942618e-06, 3.740102e-06, 5.470290e-07) (1.866370e-06, 3.108951e-06, 4.462473e-06) )
				((4.256436e-06, 2.982490e-06, 3.786124e-07) (1.687719e-06, 3.840006e-06, 4.792361e-06) )
				((3.915914e-06, 2.728085e-06, 3.210334e-07) (1.843814e-06, 3.970180e-06, 5.100303e-06) )
				((3.998625e-06, 3.043056e-06, 9.113398e-08) (2.145810e-06, 4.350030e-06, 4.797027e-06) )
				((3.240831e-06, 2.559386e-06, 3.938028e-07) (2.832834e-06, 4.311137e-06, 4.665605e-06) )
				((3.495880e-06, 3.571475e-06, 1.191868e-06) (2.602919e-06, 4.298964e-06, 4.494588e-06) )
				((3.677518e-06, 3.643166e-06, 1.363222e-06) (2.593458e-06, 4.046518e-06, 4.284269e-06) )
				((3.458380e-06, 3.157035e-06, 1.784499e-06) (2.884240e-06, 3.659749e-06, 3.981269e-06) )
				((3.477126e-06, 2.560383e-06, 2.188411e-06) (2.648282e-06, 3.537556e-06, 4.241268e-06) )
				((3.845606e-06, 2.204319e-06, 2.200217e-06) (1.980990e-06, 3.409122e-06, 3.868970e-06) )
				((3.701563e-06, 2.551513e-06, 1.920413e-06) (2.354947e-06, 3.769493e-06, 4.089043e-06) )
				((2.704721e-06, 2.481082e-06, 1.646980e-06) (2.327328e-06, 3.867161e-06, 4.391828e-06) )
				((2.204495e-06, 2.732328e-06, 1.141532e-06) (2.579236e-06, 3.881746e-06, 3.490830e-06) )
				((2.237791e-06, 3.090924e-06, 1.113064e-06) (3.451733e-06, 3.757932e-06, 3.566466e-06) )
				((2.235555e-06, 3.419177e-06, 9.305436e-07) (3.494668e-06, 3.840539e-06, 3.937390e-06) )
				((1.851338e-06, 3.399458e-06, 6.465091e-07) (3.357976e-06, 3.931671e-06, 4.596041e-06) )
				((2.634371e-06, 3.321732e-06, 1.428387e-06) (3.223163e-06, 4.145298e-06, 5.261839e-06) )
				((2.258945e-06, 2.927800e-06, 2.171120e-06) (3.910335e-06, 3.393701e-06, 4.594413e-06) )
				((2.759666e-06, 3.078012e-06, 2.185400e-06) (4.462389e-06, 3.202422e-06, 5.000756e-06) )
				((2.591220e-06, 3.393321e-06, 1.885159e-06) (4.288692e-06, 2.646060e-06, 5.632795e-06) )
				((2.688903e-06, 3.390221e-06, 1.944000e-06) (4.619273e-06, 2.499497e-06, 5.183744e-06) )
				((2.301673e-06, 3.470939e-06, 2.125475e-06) (4.453625e-06, 2.597531e-06, 5.515114e-06) )
				((2.112726e-06, 3.310311e-06, 2.244752e-06) (4.064827e-06, 2.552005e-06, 5.481723e-06) )
				((2.441398e-06, 3.766457e-06, 2.764978e-06) (4.413770e-06, 2.755484e-06, 4.855044e-06) )
				((2.342751e-06, 3.746826e-06, 2.490424e-06) (4.101281e-06, 2.849766e-06, 4.948247e-06) )
				((2.282967e-06, 3.447627e-06, 1.797034e-06) (4.756303e-06, 3.142238e-06, 4.297874e-06) )
				((1.356636e-06, 3.150372e-06, 1.692537e-06) (5.171136e-06, 3.154949e-06, 3.633050e-06) )
				((1.212216e-06, 3.506672e-06, 1.506488e-06) (5.531192e-06, 2.800682e-06, 3.269822e-06) )
				((1.169603e-06, 3.601500e-06, 2.166029e-06) (5.647993e-06, 2.520414e-06, 4.230825e-06) )
				((1.129169e-06, 2.985517e-06, 1.741577e-06) (4.824439e-06, 1.799236e-06, 2.857161e-06) )
				((8.937184e-07, 3.028404e-06, 1.402954e-06) (5.203523e-06, 2.128847e-06, 3.764513e-06) )
				((6.494191e-07, 2.593204e-06, 1.405678e-06) (5.278441e-06, 1.415155e-06, 4.767970e-06) )
				((6.981553e-07, 3.046851e-06, 1.613616e-06) (5.007878e-06, 1.284205e-06, 3.964000e-06) )
				((3.799831e-07, 3.243203e-06, 1.846552e-06) (4.285237e-06, 1.261698e-06, 4.063296e-06) )
				((4.337507e-07, 3.098109e-06, 1.772409e-06) (4.230468e-06, 2.301374e-07, 4.071477e-06) )
				((2.341819e-07, 2.933382e-06, 1.385441e-06) (3.880033e-06, 1.349682e-06, 3.974045e-06) )
				((1.047134e-07, 2.711556e-06, 4.226762e-07) (4.128161e-06, 9.762150e-07, 3.663011e-06) )
				((7.720806e-07, 3.025193e-06, 8.033127e-07) (4.751052e-06, 1.184210e-06, 3.397601e-06) )
				((9.140423e-07, 2.706619e-06, 1.721835e-06) (5.235746e-06, 8.206084e-07, 2.926399e-06) )
				((1.092942e-06, 2.750391e-06, 1.751605e-06) (5.352109e-06, 1.198190e-06, 2.314526e-06) )
				((1.134474e-06, 1.868537e-06, 1.765215e-06) (5.359841e-06, 1.358615e-06, 2.000640e-06) )
				((1.616260e-06, 1.795470e-06, 9.064953e-07) (5.760997e-06, 1.186087e-06, 1.750250e-06) )
				((1.914305e-06, 2.057661e-06, 1.415227e-06) (5.311702e-06, 1.150262e-06, 1.959103e-06) )
				((2.468270e-06, 1.853047e-06, 1.710998e-06) (4.804206e-06, 6.725665e-07, 2.023762e-06) )
				((1.720207e-06, 1.575710e-06, 1.797606e-06) (4.165290e-06, 4.247102e-07, 2.394864e-06) )
				((1.788195e-06, 8.751265e-07, 2.393318e-06) (4.455756e-06, 7.370007e-07, 1.812152e-06) )
				((8.410917e-07, 1.590788e-06, 2.062169e-06) (4.364831e-06, 3.514848e-07, 1.477117e-06) )
				((6.251897e-07, 1.227109e-06, 2.236602e-06) (4.269897e-06, 3.045936e-07, 1.578065e-06) )
				((1.339474e-06, 1.142446e-06, 2.294454e-06) (3.268840e-06, 7.011269e-07, 1.507324e-06) )
				((1.499194e-06, 1.301041e-06, 2.693924e-06) (2.638067e-06, 4.705052e-07, 1.562788e-06) )
				((1.374351e-06, 1.954635e-09, 2.901998e-06) (2.566865e-06, 6.318287e-08, 2.023474e-06) )
				((1.289283e-06, 5.191734e-07, 2.959548e-06) (2.946663e-06, 8.733167e-08, 2.420361e-06) )
				((4.569319e-07, 9.071124e-07, 3.099708e-06) (2.596881e-06, 1.279060e-07, 3.103450e-06) )
				((1.063207e-06, 1.419678e-06, 2.350251e-06) (2.997259e-06, 8.250881e-07, 3.939223e-06) )
				((7.676443e-07, 2.035014e-06, 3.022602e-06) (3.092874e-06, 7.241914e-07, 4.315666e-06) )
				((3.377618e-07, 1.953587e-06, 2.486766e-06) (2.946980e-06, 5.401934e-07, 5.632142e-06) )
				((1.638843e-07, 1.785763e-06, 2.004134e-06) (2.689443e-06, 1.377589e-07, 5.293574e-06) )
				((1.585238e-07, 1.670336e-06, 2.570895e-06) (2.943966e-06, 4.980914e-07, 4.647199e-06) )
				((3.190387e-07, 1.803929e-06, 3.121711e-06) (3.150892e-06, 1.667252e-07, 4.769410e-06) )
				((3.874697e-07, 2.218995e-06, 3.184601e-06) (3.249205e-06, 1.735565e-07, 5.011552e-06) )
				((4.498035e-07, 2.527991e-06, 2.823446e-06) (1.954099e-06, 2.122476e-07, 4.632422e-06) )
				((1.033908e-06, 2.383554e-06, 2.730349e-06) (1.878482e-06, 7.021313e-07, 5.535084e-06) )
				((1.275124e-06, 2.996479e-06, 2.850884e-06) (1.923136e-06, 1.524382e-06, 4.408883e-06) )
				((1.814843e-06, 3.425650e-06, 2.876456e-06) (2.076672e-06, 1.990447e-06, 4.724173e-06) )
				((1.255692e-06, 3.912371e-06, 2.290134e-06) (2.128864e-06, 2.420179e-06, 4.110753e-06) )
				((9.903457e-07, 3.712163e-06, 2.098492e-06) (2.541109e-06, 2.125939e-06, 3.837581e-06) )
				((1.028823e-06, 3.379705e-06, 2.082739e-06) (2.228974e-06, 3.173287e-06, 3.690270e-06) )
				((1.458123e-06, 3.056251e-06, 1.622087e-06) (1.960960e-06, 3.643624e-06, 3.320654e-06) )
				((1.244001e-06, 3.421160e-06, 1.516327e-06) (1.689418e-06, 3.160816e-06, 3.043357e-06) )
				((1.050022e-06, 2.811960e-06, 1.332165e-06) (1.230911e-06, 3.706354e-06, 2.651661e-06) )
				((8.113427e-07, 3.303893e-06, 1.433059e-06) (1.314248e-06, 3.516586e-06, 2.205547e-06) )
				((1.136312e-06, 3.871642e-06, 1.145978e-06) (1.447027e-06, 3.529514e-06, 2.041775e-06) )
				((1.438839e-06, 4.241408e-06, 1.109846e-06) (1.584105e-06, 2.962612e-06, 1.915386e-06) )
				((1.400524e-06, 3.660644e-06, 1.809980e-06) (2.110980e-06, 3.849499e-06, 1.644492e-06) )
				((7.647275e-07, 3.872236e-06, 1.825170e-06) (2.696615e-06, 3.792255e-06, 2.035830e-06) )
				((3.553376e-07, 3.145674e-06, 1.575634e-06) (2.857305e-06, 3.424649e-06, 2.606690e-06) )
				((9.841245e-07, 3.245700e-06, 6.123851e-07) (1.727350e-06, 3.632544e-06, 2.572504e-06) )
				((5.184744e-07, 2.916627e-06, 8.746700e-07) (1.193836e-06, 4.142086e-06, 2.287285e-06) )
				((3.048259e-08, 3.050552e-06, 1.236855e-06) (1.987930e-06, 4.173257e-06, 2.685572e-06) )
				((1.670763e-06, 3.387612e-06, 1.485740e-06) (2.430375e-06, 4.705350e-06, 2.673771e-06) )
				((1.238021e-06, 3.622630e-06, 1.238567e-06) (3.263369e-06, 4.070738e-06, 1.574076e-06) )
				((8.484049e-07, 3.560101e-06, 1.113405e-06) (3.428772e-06, 3.708094e-06, 1.043280e-06) )
				((6.029121e-07, 4.439216e-06, 1.114271e-06) (2.403561e-06, 3.552281e-06, 1.043736e-06) )
				((1.291899e-06, 4.472911e-06, 7.429646e-07) (2.897472e-06, 4.234592e-06, 1.330958e-06) )
				((1.487011e-06, 4.710069e-06, 1.523979e-06) (2.981742e-06, 4.642116e-06, 1.330775e-06) )
				((1.857319e-06, 3.777625e-06, 1.385853e-06) (2.798591e-06, 4.950453e-06, 1.399543e-06) )
				((1.288041e-06, 3.373194e-06, 1.463206e-06) (2.880499e-06, 5.187086e-06, 9.494933e-07) )
				((1.206117e-06, 3.583040e-06, 1.791291e-06) (2.505778e-06, 4.962115e-06, 1.079251e-06) )
				((1.789791e-06, 2.815330e-06, 8.846328e-07) (2.360081e-06, 5.047714e-06, 6.230504e-07) )
				((1.594462e-06, 2.311086e-06, 6.492646e-07) (2.540754e-06, 5.352887e-06, 3.908031e-07) )
				((4.523530e-07, 2.243246e-06, 9.434245e-07) (1.505726e-06, 5.123400e-06, 5.810529e-07) )
				((2.659019e-07, 2.144247e-06, 1.573742e-06) (8.365290e-07, 5.212470e-06, 7.942527e-07) )
				((5.918783e-07, 1.548363e-06, 1.838151e-06) (6.153414e-07, 5.873778e-06, 4.577831e-07) )
				((1.261517e-06, 1.666913e-06, 1.469710e-06) (4.543999e-07, 5.261675e-06, 3.564899e-07) )
				((1.233213e-06, 1.315432e-06, 1.353308e-06) (8.321933e-07, 5.085312e-06, 3.395574e-07) )
				((1.310674e-06, 1.095602e-06, 8.373859e-07) (1.625586e-06, 5.628509e-06, 6.824488e-07) )
				((1.221938e-06, 6.765707e-07, 1.172514e-06) (1.972042e-06, 5.715396e-06, 6.660484e-07) )
				((7.096735e-07, 1.097345e-06, 1.369863e-06) (2.038984e-06, 5.828803e-06, 8.273460e-07) )
				((4.996927e-07, 1.489554e-06, 1.414122e-06) (2.338941e-06, 5.464958e-06, 1.681880e-06) )
				((8.053724e-08, 2.084671e-06, 1.606874e-06) (2.324981e-06, 5.940994e-06, 2.365524e-06) )
				((2.003687e-07, 3.108767e-06, 1.453955e-06) (2.342389e-06, 5.609308e-06, 2.270754e-06) )
				((4.670400e-07, 2.668389e-06, 1.241116e-06) (2.346597e-06, 4.941284e-06, 2.166893e-06) )
				((5.216729e-07, 2.219240e-06, 1.035724e-06) (2.756046e-06, 5.022310e-06, 2.066295e-06) )
				((1.013932e-07, 1.888155e-06, 1.843392e-06) (2.529386e-06, 5.484314e-06, 2.062858e-06) )
				((7.291211e-07, 1.472979e-06, 1.684834e-06) (2.492193e-06, 5.805637e-06, 1.339299e-06) )
				((2.092092e-07, 9.847019e-07, 8.848158e-07) (2.142000e-06, 6.075208e-06, 1.536183e-06) )
				((1.895756e-07, 1.295308e-06, 8.429615e-07) (1.724304e-06, 5.740016e-06, 1.335301e-06) )
				((7.508621e-07, 1.459030e-06, 6.117751e-07) (2.330080e-06, 5.810398e-06, 1.474039e-06) )
				((3.651022e-08, 1.737878e-06, 1.308128e-07) (2.147365e-06, 5.822486e-06, 1.264214e-06) )
				((6.412552e-07, 2.080332e-06, 4.013108e-08) (2.024193e-06, 5.398202e-06, 1.610436e-06) )
				((4.205218e-07, 1.965609e-06, 5.642873e-07) (1.256056e-06, 6.139890e-06, 1.891895e-06) )
				((2.402937e-07, 1.581323e-06, 3.078774e-07) (1.893105e-06, 6.197952e-06, 2.707385e-06) )
				((1.888539e-07, 1.361882e-06, 5.921141e-08) (2.307599e-06, 6.670812e-06, 3.334345e-06) )
				((3.917789e-07, 1.290754e-06, 2.283808e-07) (2.640281e-06, 6.410566e-06, 3.636072e-06) )
				((1.025426e-07, 1.381644e-06, 1.193926e-06) (2.848196e-06, 5.907718e-06, 3.448737e-06) )
				((3.705260e-07, 1.242628e-06, 9.232529e-07) (2.087132e-06, 5.664676e-06, 3.669809e-06) )
				((7.484690e-07, 8.589614e-07, 1.034310e-06) (2.610944e-06, 5.692466e-06, 3.791863e-06) )
				((8.086068e-07, 1.315566e-06, 1.046752e-06) (2.795728e-06, 5.966238e-06, 3.532211e-06) )
				((1.039944e-06, 3.749171e-07, 1.292532e-06) (3.304518e-06, 5.917331e-06, 4.104021e-06) )
				((1.024993e-06, 7.623935e-07, 1.948953e-06) (3.399801e-06, 6.306240e-06, 4.385182e-06) )
				((1.699154e-06, 1.031464e-07, 1.235649e-06) (2.734625e-06, 6.832893e-06, 3.749742e-06) )
				((9.665167e-07, 5.396507e-07, 1.424196e-06) (3.014602e-06, 7.328249e-06, 2.843268e-06) )
				((5.370168e-08, 4.106353e-07, 1.525843e-06) (2.836993e-06, 7.681862e-06, 2.949658e-06) )
				((6.367977e-07, 4.855738e-07, 1.838480e-06) (3.103595e-06, 8.452388e-06, 2.892914e-06) )
				((1.035029e-06, 4.718526e-07, 1.799900e-06) (3.465450e-06, 8.122756e-06, 3.728696e-06) )
				((6.439048e-07, 1.236269e-06, 3.113782e-06) (3.511670e-06, 7.893514e-06, 3.602647e-06) )
				((4.721889e-07, 9.597609e-07, 2.911283e-06) (4.433132e-06, 7.486930e-06, 3.986635e-06) )
				((2.517853e-10, 1.079118e-06, 4.068346e-06) (4.400705e-06, 7.123118e-06, 4.090721e-06) )
				((5.260653e-07, 9.914503e-07, 3.896900e-06) (3.731929e-06, 7.026764e-06, 3.890670e-06) )
				((1.099285e-06, 2.629858e-07, 3.367755e-06) (3.390743e-06, 7.136761e-06, 3.705266e-06) )
				((4.919470e-07, 5.300197e-07, 3.242579e-06) (3.020744e-06, 5.947739e-06, 4.005014e-06) )
				((6.545606e-07, 1.173988e-06, 3.489584e-06) (2.869039e-06, 6.488181e-06, 3.780410e-06) )
				((8.374990e-07, 1.151613e-06, 3.278361e-06) (2.551421e-06, 6.042528e-06, 3.191817e-06) )
				((1.251518e-06, 1.655620e-06, 3.973561e-06) (2.477288e-06, 5.060745e-06, 2.805738e-06) )
				((1.506205e-06, 1.878082e-06, 3.657240e-06) (2.144130e-06, 5.060109e-06, 2.948338e-06) )
				((9.568592e-07, 1.996746e-06, 3.505756e-06) (1.817621e-06, 4.378154e-06, 3.116284e-06) )
				((5.268446e-07, 1.966684e-06, 3.153101e-06) (1.811087e-06, 4.485411e-06, 2.414261e-06) )
				((7.617786e-07, 2.336250e-06, 3.236289e-06) (2.238888e-06, 4.301867e-06, 1.580502e-06) )
				((9.329484e-07, 3.119988e-06, 4.344172e-06) (2.687533e-06, 4.963661e-06, 1.491654e-06) )
				((5.584494e-07, 3.194667e-06, 3.618539e-06) (2.953267e-06, 5.795250e-06, 2.209485e-06) )
				((1.313557e-06, 3.270223e-06, 3.740110e-06) (3.251380e-06, 6.040698e-06, 1.977123e-06) )
				((1.348385e-06, 3.206092e-06, 3.075922e-06) (3.135778e-06, 5.603660e-06, 2.208277e-06) )
				((8.490572e-07, 3.261557e-06, 3.185350e-06) (3.035726e-06, 4.974876e-06, 2.483049e-06) )
				((9.809079e-07, 3.727178e-06, 3.565317e-06) (3.126379e-06, 5.731279e-06, 3.138130e-06) )
				((8.772249e-07, 3.210279e-06, 3.430914e-06) (3.406720e-06, 5.566913e-06, 3.869874e-06) )
				((1.129692e-06, 3.291990e-06, 3.209352e-06) (2.790931e-06, 5.646155e-06, 3.386968e-06) )
				((5.609470e-07, 3.418565e-06, 3.311796e-06) (2.300812e-06, 6.008407e-06, 3.890425e-06) )
				((7.687033e-07, 3.644644e-06, 3.080399e-06) (2.111582e-06, 5.544445e-06, 4.131611e-06) )
				((6.837519e-07, 3.613607e-06, 2.259309e-06) (1.515371e-06, 4.819108e-06, 4.134428e-06) )
				((1.005270e-06, 3.274483e-06, 1.987329e-06) (1.752113e-06, 5.136526e-06, 4.394837e-06) )
				((9.484998e-08, 2.390287e-06, 1.541646e-06) (1.381634e-06, 5.946206e-06, 4.480903e-06) )
				((3.683359e-07, 2.845766e-06, 9.518588e-07) (1.861031e-06, 6.284723e-06, 4.537016e-06) )
				((4.988421e-07, 2.921137e-06, 1.237451e-06) (2.018770e-06, 6.743187e-06, 5.202573e-06) )
				((3.585762e-07, 3.527677e-06, 1.253100e-06) (1.478559e-06, 6.228052e-06, 5.328595e-06) )
				((7.626872e-07, 3.519806e-06, 1.025775e-06) (6.231474e-07, 6.593791e-06, 5.181680e-06) )
				((1.341847e-06, 3.430307e-06, 1.032152e-06) (6.502084e-07, 5.958899e-06, 4.981205e-06) )
				((1.177869e-06, 2.841033e-06, 1.257275e-06) (6.616331e-07, 5.844477e-06, 5.842315e-06) )
				((1.432026e-06, 2.811225e-06, 9.434423e-07) (6.685223e-07, 6.172620e-06, 5.473543e-06) )
				((1.994363e-06, 3.137255e-06, 1.465176e-06) (1.740825e-07, 6.289972e-06, 5.602048e-06) )
				((2.773495e-06, 2.796112e-06, 1.017489e-06) (2.113520e-07, 6.694124e-06, 5.820618e-06) )
				((2.999147e-06, 2.609845e-06, 5.074908e-07) (7.565153e-07, 7.172872e-06, 5.633264e-06) )
				((2.872016e-06, 3.476077e-06, 3.384732e-07) (2.441315e-07, 7.422417e-06, 5.929217e-06) )
				((3.004045e-06, 3.671962e-06, 3.587208e-07) (4.083963e-07, 7.019921e-06, 5.894678e-06) )
				((3.145161e-06, 4.211379e-06, 9.226042e-07) (8.194596e-07, 7.067086e-06, 5.353274e-06) )
				((3.140241e-06, 4.760412e-06, 1.438473e-06) (9.544880e-07, 7.295478e-06, 5.589597e-06) )
				((3.304428e-06, 5.104806e-06, 2.325484e-06) (8.756168e-07, 7.320847e-06, 5.829408e-06) )
				((3.753447e-06, 5.370332e-06, 1.495436e-06) (1.044683e-06, 6.953572e-06, 6.245159e-06) )
				((3.767623e-06, 5.596552e-06, 1.385776e-06) (2.648828e-07, 7.319233e-06, 7.040536e-06) )
				((4.360603e-06, 5.674750e-06, 4.423617e-07) (5.819654e-07, 6.377389e-06, 7.643851e-06) )
				((4.281650e-06, 5.967525e-06, 5.148445e-07) (9.262777e-07, 6.654671e-06, 7.552964e-06) )
				((3.891907e-06, 6.244605e-06, 8.205789e-07) (6.240385e-09, 5.743192e-06, 7.471345e-06) )
				((3.563003e-06, 6.805946e-06, 1.234679e-06) (1.668532e-07, 5.600910e-06, 7.417656e-06) )
				((2.982898e-06, 6.233238e-06, 8.762053e-07) (2.667626e-07, 5.581723e-06, 7.958115e-06) )
				((2.603480e-06, 6.633668e-06, 4.237167e-07) (3.369519e-07, 5.921831e-06, 8.256054e-06) )
				((2.815444e-06, 7.056162e-06, 4.720077e-07) (5.156556e-07, 5.881731e-06, 8.350382e-06) )
				((2.448548e-06, 7.410921e-06, 9.626505e-07) (2.106178e-07, 5.976329e-06, 8.611004e-06) )
				((1.753987e-06, 7.620484e-06, 3.953076e-07) (1.759587e-07, 5.858230e-06, 8.535511e-06) )
				((9.851844e-07, 7.957306e-06, 5.448994e-07) (5.143079e-07, 5.901030e-06, 7.933426e-06) )
				((9.054006e-07, 7.622619e-06, 9.069195e-07) (1.412567e-07, 5.895262e-06, 7.943414e-06) )
				((5.020471e-07, 7.585200e-06, 1.421712e-06) (1.865393e-07, 6.225446e-06, 7.963924e-06) )
				((1.285534e-08, 7.728764e-06, 1.509425e-06) (1.951391e-07, 6.588066e-06, 7.106693e-06) )
				((3.155211e-07, 8.021566e-06, 1.789706e-06) (4.180817e-07, 7.200635e-06, 7.251994e-06) )
				((2.737146e-07, 8.342311e-06, 2.091274e-06) (1.265908e-07, 6.973952e-06, 7.353500e-06) )
				((3.754608e-07, 8.317896e-06, 2.185136e-06) (1.057442e-07, 6.129166e-06, 6.538262e-06) )
				((1.098089e-06, 7.860291e-06, 2.302596e-06) (3.067332e-07, 6.595612e-06, 6.822336e-06) )
				((1.311523e-06, 7.932890e-06, 2.000660e-06) (4.110504e-07, 6.029018e-06, 7.069051e-06) )
				((1.105407e-06, 8.339866e-06, 1.857190e-06) (5.465426e-07, 5.127164e-06, 7.353024e-06) )
				((1.559432e-06, 8.574443e-06, 1.221030e-06) (5.250212e-08, 5.182884e-06, 7.104013e-06) )
				((1.668438e-06, 8.577305e-06, 1.264405e-06) (1.962203e-07, 5.152258e-06, 7.175092e-06) )
				((1.479959e-06, 7.828515e-06, 1.809721e-06) (8.511134e-07, 5.004339e-06, 7.830126e-06) )
				((1.217575e-06, 7.555901e-06, 2.123273e-06) (1.075246e-06, 4.912079e-06, 8.201585e-06) )
				((1.551022e-06, 7.972782e-06, 2.521669e-06) (1.023623e-06, 5.434064e-06, 8.960542e-06) )
				((1.361244e-06, 7.053891e-06, 2.439967e-06) (9.308790e-07, 5.146640e-06, 8.576665e-06) )
				((8.136116e-07, 7.396815e-06, 2.383341e-06) (6.783406e-07, 5.792194e-06, 7.637589e-06) )
				((1.123934e-06, 7.235655e-06, 2.017421e-06) (6.228022e-08, 6.013478e-06, 7.773784e-06) )
				((1.230431e-06, 7.215393e-06, 2.715068e-06) (7.626865e-08, 6.295595e-06, 8.042042e-06) )
				((1.021913e-06, 6.760022e-06, 3.046041e-06) (4.735832e-07, 6.218001e-06, 8.930893e-06) )
				((7.427837e-07, 6.662486e-06, 3.390980e-06) (6.184036e-07, 6.012023e-06, 8.820648e-06) )
				((1.571061e-07, 6.409799e-06, 3.625658e-06) (2.176078e-07, 6.051808e-06, 8.307618e-06) )
				((4.674428e-07, 5.641745e-06, 3.305894e-06) (6.880837e-08, 5.658825e-06, 8.858777e-06) )
				((1.863328e-07, 5.807383e-06, 3.582002e-06) (8.078237e-07, 5.895631e-06, 8.353773e-06) )
				((1.458724e-07, 5.355206e-06, 3.273566e-06) (1.321580e-06, 5.675801e-06, 8.561601e-06) )
				((6.257225e-07, 5.181682e-06, 2.722016e-06) (1.148458e-06, 5.649659e-06, 8.660754e-06) )
				((7.662630e-07, 5.085052e-06, 2.019940e-06) (2.121136e-06, 5.851126e-06, 8.892748e-06) )
				((4.874517e-07, 5.447558e-06, 1.561125e-06) (3.243520e-06, 6.176146e-06, 8.675265e-06) )
				((4.877583e-07, 5.297745e-06, 2.595191e-06) (3.473277e-06, 6.277183e-06, 9.118054e-06) )
				((7.460967e-07, 5.057842e-06, 2.618053e-06) (3.944485e-06, 5.399894e-06, 9.288310e-06) )
				((1.965814e-07, 5.529368e-06, 2.095479e-06) (3.187593e-06, 5.392401e-06, 9.081688e-06) )
				((2.460647e-07, 5.813432e-06, 2.081022e-06) (3.290216e-06, 6.260713e-06, 9.242309e-06) )
				((1.150979e-07, 5.738242e-06, 2.303142e-06) (3.928093e-06, 6.430874e-06, 9.139526e-06) )
				((2.144500e-08, 6.238006e-06, 1.808677e-06) (4.075329e-06, 6.547120e-06, 9.410174e-06) )
				((3.719461e-07, 7.050381e-06, 2.121383e-06) (3.488069e-06, 7.087285e-06, 9.290399e-06) )
				((1.340098e-06, 6.903537e-06, 2.694997e-06) (3.869748e-06, 7.369368e-06, 9.155653e-06) )
				((9.250198e-07, 7.158010e-06, 2.098376e-06) (4.670374e-06, 7.096756e-06, 9.128351e-06) )
				((1.069586e-07, 6.551585e-06, 2.533568e-06) (5.223036e-06, 6.246522e-06, 9.807287e-06) )
				((3.800937e-07, 7.102834e-06, 2.131477e-06) (4.962204e-06, 6.134176e-06, 9.602808e-06) )
				((3.556956e-07, 7.278307e-06, 2.271615e-06) (4.629109e-06, 5.332224e-06, 9.816053e-06) )
				((4.002391e-07, 7.094522e-06, 2.260230e-06) (5.631540e-06, 4.898829e-06, 9.988829e-06) )
				((5.430183e-08, 7.185653e-06, 1.996823e-06) (5.563649e-06, 5.352704e-06, 9.916386e-06) )
				((8.744377e-08, 7.579865e-06, 2.048325e-06) (5.104683e-06, 5.721347e-06, 9.597210e-06) )
				((4.296396e-07, 7.496222e-06, 2.497162e-06) (4.835102e-06, 6.046897e-06, 9.567609e-06) )
				((8.829550e-07, 7.529063e-06, 2.509679e-06) (3.893673e-06, 5.687325e-06, 9.433570e-06) )
				((8.853568e-07, 7.588076e-06, 2.435544e-06) (3.641058e-06, 5.664401e-06, 9.273115e-06) )
				((7.459146e-07, 7.619867e-06, 2.600206e-06) (3.511268e-06, 5.687490e-06, 9.989856e-06) )
				((8.808820e-07, 7.392984e-06, 2.508460e-06) (3.658271e-06, 5.537723e-06, 9.914068e-06) )
				((1.786545e-06, 6.947880e-06, 2.949988e-06) (3.656773e-06, 5.330649e-06, 9.782227e-06) )
				((1.731507e-06, 6.750129e-06, 2.750924e-06) (4.464738e-06, 5.903656e-06, 9.899593e-06) )
				((1.777897e-06, 7.272953e-06, 3.391616e-06) (4.746059e-06, 5.328195e-06, 9.095283e-06) )
				((2.006295e-06, 7.550193e-06, 2.945883e-06) (4.608638e-06, 5.110122e-06, 9.416096e-06) )
				((1.536333e-06, 7.007373e-06, 3.273169e-06) (4.375678e-06, 4.932362e-06, 9.423586e-06) )
				((1.340760e-06, 6.876233e-06, 3.024341e-06) (4.469466e-06, 6.015714e-06, 8.748343e-06) )
				((1.519345e-06, 6.513979e-06, 2.998581e-06) (3.829160e-06, 6.775394e-06, 8.212375e-06) )
				((1.405723e-06, 6.710442e-06, 3.199113e-06) (3.308522e-06, 6.927229e-06, 7.625255e-06) )
				((1.341324e-06, 6.851439e-06, 3.304992e-06) (2.469189e-06, 7.830368e-06, 7.949975e-06) )
				((1.330433e-06, 6.581718e-06, 3.407994e-06) (2.606378e-06, 8.381865e-06, 7.867794e-06) )
				((1.780548e-06, 6.383737e-06, 3.122579e-06) (2.411655e-06, 8.440178e-06, 7.851646e-06) )
				((1.600741e-06, 6.460311e-06, 2.509416e-06) (2.582348e-06, 8.070163e-06, 7.613908e-06) )
				((2.451039e-06, 6.052795e-06, 1.774759e-06) (2.889418e-06, 8.280171e-06, 7.829226e-06) )
				((2.440930e-06, 5.614241e-06, 1.839560e-06) (2.639244e-06, 8.579070e-06, 6.922765e-06) )
				((2.777879e-06, 5.894858e-06, 1.924535e-06) (3.039910e-06, 8.192940e-06, 6.246621e-06) )
				((2.613672e-06, 5.964180e-06, 1.902911e-06) (3.272396e-06, 8.480481e-06, 6.129917e-06) )
				((2.809638e-06, 5.820479e-06, 1.882291e-06) (3.176519e-06, 8.890205e-06, 5.958707e-06) )
				((3.180639e-06, 5.556396e-06, 2.215780e-06) (3.489914e-06, 9.155396e-06, 5.618726e-06) )
				((2.986601e-06, 5.442072e-06, 2.468205e-06) (2.128553e-06, 8.717850e-06, 4.476468e-06) )
				((3.384449e-06, 6.236553e-06, 2.768125e-06) (2.143262e-06, 9.850560e-06, 4.628327e-06) )
				((3.205758e-06, 5.772407e-06, 2.634763e-06) (1.946921e-06, 9.624961e-06, 4.389565e-06) )
				((3.569642e-06, 5.923408e-06, 3.048880e-06) (2.226909e-06, 9.789087e-06, 4.438505e-06) )
				((3.871566e-06, 5.294041e-06, 2.927479e-06) (2.023778e-06, 9.543575e-06, 5.107141e-06) )
				((4.544225e-06, 4.856993e-06, 3.206853e-06) (2.378833e-06, 9.660356e-06, 5.358202e-06) )
				((4.826364e-06, 4.847307e-06, 2.298958e-06) (2.414889e-06, 9.764429e-06, 4.658925e-06) )
				((4.595769e-06, 5.310588e-06, 2.115018e-06) (1.856903e-06, 8.687444e-06, 4.770049e-06) )
				((5.195524e-06, 5.691943e-06, 2.232407e-06) (1.935123e-06, 8.226728e-06, 5.026673e-06) )
				((5.661088e-06, 6.225155e-06, 2.223491e-06) (3.153550e-06, 7.735637e-06, 4.343481e-06) )
				((5.036790e-06, 5.674641e-06, 1.686260e-06) (3.292457e-06, 8.510679e-06, 4.539594e-06) )
				((4.929656e-06, 5.560002e-06, 1.439368e-06) (2.479478e-06, 7.874551e-06, 4.347817e-06) )
				((4.856258e-06, 5.764919e-06, 2.142671e-06) (1.937888e-06, 7.562564e-06, 4.717270e-06) )
				((4.695542e-06, 5.634910e-06, 1.635371e-06) (2.479936e-06, 7.177654e-06, 5.275423e-06) )
				((5.239959e-06, 5.135977e-06, 1.701958e-06) (3.126914e-06, 7.379380e-06, 5.286836e-06) )
				((5.177333e-06, 5.727803e-06, 1.940859e-06) (3.194951e-06, 7.872187e-06, 5.338674e-06) )
				((4.786235e-06, 6.736094e-06, 1.505935e-06) (3.102089e-06, 7.231754e-06, 5.843852e-06) )
				((4.789411e-06, 6.374755e-06, 1.803090e-06) (3.159286e-06, 7.063100e-06, 5.586761e-06) )
				((4.213432e-06, 7.165222e-06, 2.202897e-06) (2.639086e-06, 6.665927e-06, 5.583216e-06) )
				((4.037207e-06, 7.098125e-06, 2.175786e-06) (2.550068e-06, 7.358814e-06, 5.321744e-06) )
				((3.889961e-06, 7.210676e-06, 1.502743e-06) (2.280003e-06, 7.375185e-06, 4.894691e-06) )
				((3.910779e-06, 7.287798e-06, 2.075173e-06) (1.328022e-06, 6.954516e-06, 5.157168e-06) )
				((3.553664e-06, 7.581420e-06, 1.918805e-06) (1.117503e-06, 6.878978e-06, 5.186608e-06) )
				((3.396088e-06, 7.148097e-06, 2.850336e-06) (5.593595e-07, 7.688588e-06, 4.769974e-06) )
				((3.249822e-06, 7.563729e-06, 3.417163e-06) (8.285054e-07, 7.675865e-06, 5.322605e-06) )
				((3.024893e-06, 7.524442e-06, 3.446176e-06) (3.250035e-07, 7.616884e-06, 5.227373e-06) )
				((2.654984e-06, 7.531019e-06, 3.541747e-06) (4.568854e-08, 6.911065e-06, 4.342938e-06) )
				((3.368818e-06, 7.929179e-06, 3.432066e-06) (1.986425e-07, 7.549069e-06, 4.068035e-06) )
				((3.958210e-06, 7.966288e-06, 3.693700e-06) (9.777755e-08, 7.585149e-06, 5.173892e-06) )
				((3.921014e-06, 8.117709e-06, 3.074773e-06) (2.956614e-07, 7.709364e-06, 5.521858e-06) )
				((3.993086e-06, 8.344940e-06, 3.556675e-06) (4.342693e-07, 8.320240e-06, 6.169522e-06) )
				((3.493358e-06, 8.402419e-06, 3.402413e-06) (4.841574e-07, 7.642073e-06, 6.806865e-06) )
				((3.168517e-06, 8.586036e-06, 4.241636e-06) (8.243271e-07, 8.345359e-06, 7.002158e-06) )
				((2.356116e-06, 8.386900e-06, 5.049554e-06) (4.643523e-08, 8.362354e-06, 7.370372e-06) )
				((2.555988e-06, 8.099008e-06, 5.083286e-06) (2.403523e-07, 8.590502e-06, 6.676841e-06) )
				((1.741315e-06, 7.769546e-06, 4.827043e-06) (1.442691e-07, 9.440185e-06, 6.774067e-06) )
				((5.316377e-07, 7.441359e-06, 5.082081e-06) (2.068460e-07, 8.697608e-06, 6.424100e-06) )
				((7.211175e-07, 7.733653e-06, 5.196198e-06) (1.407589e-07, 9.451809e-06, 7.039111e-06) )
				((8.029598e-08, 7.329047e-06, 6.081823e-06) (2.960235e-07, 8.966468e-06, 7.316860e-06) )
				((3.441383e-07, 6.733330e-06, 5.973682e-06) (3.319618e-07, 9.098214e-06, 7.356557e-06) )
				((8.004130e-07, 6.312579e-06, 5.583415e-06) (9.859401e-07, 9.240094e-06, 7.000339e-06) )
				((1.404936e-06, 6.133643e-06, 5.694323e-06) (9.641642e-07, 8.965940e-06, 7.519029e-06) )
				((1.251952e-06, 6.017073e-06, 5.723804e-06) (1.109968e-06, 9.666051e-06, 7.795230e-06) )
				((5.930551e-07, 6.435061e-06, 5.954736e-06) (2.200028e-06, 9.238346e-06, 7.914504e-06) )
				((2.855510e-07, 5.857429e-06, 5.772768e-06) (2.080725e-06, 9.335518e-06, 7.457866e-06) )
				((3.482654e-08, 6.302902e-06, 5.667588e-06) (2.371672e-06, 9.318761e-06, 7.987271e-06) )
				((5.002930e-07, 6.405696e-06, 5.716263e-06) (2.634990e-06, 8.927905e-06, 7.806752e-06) )
				((1.234797e-06, 6.815923e-06, 6.330874e-06) (1.810455e-06, 8.680553e-06, 7.999333e-06) )
				((1.870645e-06, 6.655877e-06, 5.997163e-06) (1.988740e-06, 8.695784e-06, 8.621649e-06) )
				((1.397198e-06, 6.491201e-06, 6.532614e-06) (1.623670e-06, 8.141392e-06, 8.482501e-06) )
				((1.143121e-06, 5.832285e-06, 5.728905e-06) (1.124182e-06, 8.502660e-06, 9.174773e-06) )
				((9.732937e-07, 6.078176e-06, 5.782042e-06) (1.049951e-06, 8.196329e-06, 9.017550e-06) )
				((1.080966e-06, 5.626069e-06, 5.622669e-06) (1.601470e-06, 8.398381e-06, 8.804921e-06) )
				((7.987793e-07, 5.421956e-06, 6.088395e-06) (1.766868e-06, 8.519911e-06, 9.276945e-06) )
				((1.153222e-06, 5.464917e-06, 5.928257e-06) (1.539366e-06, 7.897196e-06, 9.569799e-06) )
				((1.660589e-06, 5.893920e-06, 5.714048e-06) (1.503012e-06, 7.589058e-06, 8.971044e-06) )
				((1.573231e-06, 6.161811e-06, 5.824378e-06) (1.895688e-06, 7.506435e-06, 8.760135e-06) )
				((1.482675e-06, 6.435541e-06, 5.823615e-06) (2.230470e-06, 7.377752e-06, 8.174983e-06) )
				((1.701090e-06, 6.765512e-06, 6.909748e-06) (1.959442e-06, 7.248396e-06, 9.099783e-06) )
				((1.571136e-06, 6.532487e-06, 7.422383e-06) (1.766703e-06, 7.099442e-06, 8.346609e-06) )
				((1.924903e-06, 6.388730e-06, 7.206043e-06) (1.095894e-06, 7.071710e-06, 8.874967e-06) )
				((2.350783e-06, 6.143160e-06, 6.817561e-06) (1.465868e-06, 7.592476e-06, 9.158123e-06) )
				((2.656120e-06, 5.787774e-06, 6.545065e-06) (1.423942e-06, 7.775220e-06, 9.246251e-06) )
				((3.465236e-06, 5.669982e-06, 7.029770e-06) (2.267332e-06, 8.512636e-06, 8.942636e-06) )
				((3.524994e-06, 6.683840e-06, 7.188340e-06) (2.477323e-06, 8.549850e-06, 8.798558e-06) )
				((3.559332e-06, 7.366697e-06, 7.105707e-06) (2.482606e-06, 8.398633e-06, 8.965422e-06) )
				((3.735542e-06, 7.904628e-06, 6.546472e-06) (2.326081e-06, 8.729642e-06, 8.822394e-06) )
				((3.501480e-06, 8.193986e-06, 7.266274e-06) (2.302792e-06, 8.548175e-06, 9.303890e-06) )
				((3.497110e-06, 7.834085e-06, 7.130462e-06) (2.377241e-06, 8.537901e-06, 9.769918e-06) )
				((2.782834e-06, 7.657573e-06, 7.137372e-06) (2.511305e-06, 9.136842e-06, 9.364834e-06) )
				((2.267420e-06, 7.722682e-06, 6.502339e-06) (1.762814e-06, 9.848911e-06, 9.338065e-06) )
				((1.259203e-06, 8.160237e-06, 5.993863e-06) (1.382986e-06, 9.624816e-06, 9.459689e-06) )
				((9.467338e-07, 8.285221e-06, 5.696102e-06) (2.280919e-06, 9.656588e-06, 9.714099e-06) )
				((1.591653e-06, 8.347145e-06, 5.462445e-06) (2.281783e-06, 9.528238e-06, 9.997631e-06) )
				((2.485746e-06, 8.397656e-06, 5.375749e-06) (2.160503e-06, 8.720208e-06, 9.936256e-06) )
				((2.026720e-06, 7.806467e-06, 3.867763e-06) (1.917028e-06, 9.323137e-06, 9.321979e-06) )
				((2.133141e-06, 7.109315e-06, 4.234912e-06) (1.572689e-06, 9.279376e-06, 9.154563e-06) )
				((2.148019e-06, 7.234694e-06, 4.811221e-06) (9.730933e-07, 9.145119e-06, 9.207740e-06) )
				((2.773870e-06, 7.538892e-06, 4.376256e-06) (1.120772e-06, 9.533463e-06, 9.438117e-06) )
				((3.149570e-06, 8.013413e-06, 5.588347e-06) (8.465529e-07, 9.540736e-06, 9.786118e-06) )
				((3.841895e-06, 8.295419e-06, 6.468592e-06) (5.569411e-07, 9.139948e-06, 9.543032e-06) )
				((4.009849e-06, 8.600278e-06, 6.452545e-06) (3.798920e-07, 8.821921e-06, 9.297918e-06) )
				((4.727780e-06, 7.593258e-06, 5.636128e-06) (2.262450e-07, 9.659630e-06, 9.355870e-06) )
				((4.771834e-06, 8.037433e-06, 5.618917e-06) (1.124887e-07, 9.662535e-06, 9.760963e-06) )
				((5.128226e-06, 7.600189e-06, 4.663143e-06) (5.213442e-07, 9.224857e-06, 9.959942e-06) )
				((5.419599e-06, 7.141834e-06, 5.855424e-06) (8.732409e-07, 9.915525e-06, 9.683087e-06) )
				((5.581936e-06, 7.274359e-06, 5.762266e-06) (9.937925e-07, 9.964917e-06, 9.841788e-06) )
				((5.311601e-06, 6.810079e-06, 5.962365e-06) (9.626458e-07, 9.597420e-06, 9.402603e-06) )
				((5.214341e-06, 7.643857e-06, 5.088688e-06) (1.664387e-06, 8.609223e-06, 8.782054e-06) )
				((4.842699e-06, 7.422701e-06, 5.440610e-06) (1.213005e-06, 8.467591e-06, 8.732680e-06) )
				((4.375738e-06, 7.897252e-06, 5.684283e-06) (1.399241e-06, 8.093006e-06, 8.452169e-06) )
				((5.114154e-06, 7.968586e-06, 6.117914e-06) (1.321106e-06, 8.472285e-06, 7.714621e-06) )
				((4.614727e-06, 7.838185e-06, 5.878472e-06) (1.462167e-06, 9.516907e-06, 7.829633e-06) )
				((4.215699e-06, 8.676561e-06, 6.405018e-06) (1.710095e-06, 9.656882e-06, 8.527368e-06) )
				((4.129852e-06, 8.984039e-06, 6.686921e-06) (2.451778e-06, 9.446243e-06, 9.018415e-06) )
				((4.206536e-06, 9.001499e-06, 7.329786e-06) (2.079698e-06, 9.581964e-06, 9.521330e-06) )
				((4.419911e-06, 7.993753e-06, 8.443474e-06) (2.879390e-06, 8.507379e-06, 9.949340e-06) )
				((5.081732e-06, 7.949749e-06, 8.628089e-06) (2.400575e-06, 9.502667e-06, 9.554583e-06) )
				((5.581337e-06, 7.673251e-06, 8.321066e-06) (1.920801e-06, 9.871130e-06, 9.815492e-06) )
				((5.698060e-06, 7.825711e-06, 8.956913e-06) (1.743037e-06, 9.434850e-06, 9.814530e-06) )
				((5.595346e-06, 7.618150e-06, 9.583194e-06) (1.338302e-06, 8.974472e-06, 9.955686e-06) )
				((4.761355e-06, 7.344101e-06, 9.424334e-06) (1.703308e-06, 8.627756e-06, 9.545414e-06) )
				((5.202461e-06, 7.103953e-06, 9.903656e-06) (1.457736e-06, 8.232977e-06, 9.480000e-06) )
				((5.236081e-06, 7.193929e-06, 9.826376e-06) (1.582293e-06, 8.555096e-06, 9.227431e-06) )
				((5.446535e-06, 7.932276e-06, 9.889862e-06) (2.009333e-06, 8.311801e-06, 9.015535e-06) )
				((4.637951e-06, 8.153713e-06, 9.715809e-06) (2.156706e-06, 8.010090e-06, 9.021720e-06) )
				((4.540475e-06, 8.469584e-06, 9.363868e-06) (2.667247e-06, 8.029023e-06, 8.791380e-06) )
				((4.503022e-06, 8.430946e-06, 9.145557e-06) (2.170083e-06, 7.472232e-06, 9.292489e-06) )
				((4.696299e-06, 7.737053e-06, 9.249278e-06) (2.739893e-06, 7.133771e-06, 9.820410e-06) )
				((4.593258e-06, 7.955731e-06, 9.192851e-06) (2.366610e-06, 7.685896e-06, 9.536586e-06) )
				((4.870023e-06, 7.227384e-06, 8.750504e-06) (2.869489e-06, 7.568755e-06, 8.745729e-06) )
				((4.811369e-06, 7.653642e-06, 8.591477e-06) (3.235146e-06, 7.817235e-06, 9.157106e-06) )
				((4.649889e-06, 8.425271e-06, 8.376924e-06) (2.686563e-06, 7.841914e-06, 9.324066e-06) )
				((4.772514e-06, 7.463135e-06, 8.587208e-06) (2.662296e-06, 7.671966e-06, 8.595378e-06) )
				((4.939932e-06, 6.787789e-06, 8.497091e-06) (2.425562e-06, 7.316919e-06, 9.017472e-06) )
				((5.185052e-06, 6.819603e-06, 8.268422e-06) (2.888474e-06, 7.228723e-06, 8.536229e-06) )
				((5.612274e-06, 6.720249e-06, 8.959870e-06) (2.718389e-06, 6.890627e-06, 8.318552e-06) )
				((5.648111e-06, 6.916002e-06, 9.207855e-06) (2.475574e-06, 6.767156e-06, 7.306440e-06) )
				((5.258920e-06, 7.359532e-06, 8.677259e-06) (2.488560e-06, 6.463055e-06, 6.800705e-06) )
				((4.818997e-06, 7.184141e-06, 8.804453e-06) (1.613255e-06, 5.824614e-06, 7.403310e-06) )
				((4.899530e-06, 7.335066e-06, 8.816829e-06) (1.483341e-06, 5.554347e-06, 7.785988e-06) )
				((4.951562e-06, 7.265894e-06, 8.707309e-06) (1.330156e-06, 6.116635e-06, 6.770290e-06) )
				((5.190750e-06, 6.920576e-06, 8.579751e-06) (1.981403e-06, 6.312500e-06, 6.822718e-06) )
				((5.594006e-06, 6.622785e-06, 8.240348e-06) (1.225998e-06, 6.874906e-06, 7.458139e-06) )
				((5.595795e-06, 6.854716e-06, 8.281908e-06) (8.614717e-07, 6.849815e-06, 7.211152e-06) )
				((5.560129e-06, 6.732547e-06, 8.094347e-06) (1.201777e-06, 7.040417e-06, 6.999648e-06) )
				((5.594662e-06, 6.578117e-06, 8.459782e-06) (1.529081e-06, 7.472946e-06, 7.256402e-06) )
				((5.680709e-06, 6.917770e-06, 8.859084e-06) (1.238998e-06, 7.227170e-06, 7.226096e-06) )
				((5.462374e-06, 6.264662e-06, 8.511131e-06) (1.120616e-06, 7.092243e-06, 8.151584e-06) )
				((5.564051e-06, 6.241039e-06, 8.832393e-06) (1.026562e-06, 7.966336e-06, 7.434956e-06) )
				((5.360051e-06, 6.161138e-06, 8.597744e-06) (1.400521e-06, 7.772088e-06, 7.165092e-06) )
				((5.295780e-06, 5.892243e-06, 9.889376e-06) (2.145900e-06, 8.079469e-06, 7.561887e-06) )
				((4.909964e-06, 5.341864e-06, 9.871721e-06) (2.407144e-06, 7.427218e-06, 7.926862e-06) )
				((5.823659e-06, 5.397393e-06, 9.973008e-06) (2.347522e-06, 6.769337e-06, 8.205822e-06) )
				((4.754925e-06, 4.652741e-06, 8.998661e-06) (1.521374e-06, 6.296220e-06, 8.412171e-06) )
				((4.913583e-06, 4.781481e-06, 9.426053e-06) (1.597601e-06, 6.844011e-06, 7.914674e-06) )
				((5.067728e-06, 4.737761e-06, 9.623473e-06) (7.744054e-07, 6.327011e-06, 8.072962e-06) )
				((4.560979e-06, 5.552448e-06, 7.961912e-06) (1.304353e-06, 6.170549e-06, 8.429451e-06) )
				((4.815703e-06, 4.561037e-06, 7.286796e-06) (1.488835e-06, 7.171594e-06, 8.438373e-06) )
				((4.888454e-06, 3.457597e-06, 7.083746e-06) (1.783898e-06, 7.098248e-06, 7.933320e-06) )
				((4.895682e-06, 3.394427e-06, 6.387792e-06) (1.989161e-06, 6.597315e-06, 7.553955e-06) )
				((4.939211e-06, 3.283797e-06, 6.390167e-06) (2.581817e-06, 6.849164e-06, 7.205344e-06) )
				((4.753085e-06, 2.813642e-06, 6.337495e-06) (2.726397e-06, 6.790457e-06, 6.519807e-06) )
				((4.916291e-06, 3.025660e-06, 5.986918e-06) (3.348588e-06, 6.634453e-06, 6.297472e-06) )
				((5.383287e-06, 3.275877e-06, 5.855004e-06) (3.059131e-06, 6.485835e-06, 5.972851e-06) )
				((6.282307e-06, 2.918060e-06, 5.650845e-06) (2.996299e-06, 6.701589e-06, 5.667352e-06) )
				((6.369005e-06, 2.781939e-06, 5.244026e-06) (2.384621e-06, 6.186231e-06, 6.138232e-06) )
				((5.728155e-06, 2.546231e-06, 5.286676e-06) (2.706478e-06, 6.469153e-06, 6.250047e-06) )
				((4.991857e-06, 3.474298e-06, 5.858558e-06) (3.178496e-06, 6.504545e-06, 5.566369e-06) )
				((4.499577e-06, 3.277532e-06, 5.609460e-06) (2.940397e-06, 6.186154e-06, 5.631472e-06) )
				((4.916758e-06, 2.392967e-06, 5.802585e-06) (3.426883e-06, 5.679499e-06, 5.590442e-06) )
				((5.044656e-06, 2.830463e-06, 5.682743e-06) (3.077227e-06, 6.184871e-06, 4.778986e-06) )
				((5.462392e-06, 2.944263e-06, 6.061539e-06) (2.816659e-06, 6.661113e-06, 4.173694e-06) )
				((5.155711e-06, 2.125153e-06, 5.127062e-06) (3.316942e-06, 7.154199e-06, 4.716274e-06) )
				((4.824792e-06, 1.931168e-06, 5.015906e-06) (2.980092e-06, 7.984814e-06, 4.679396e-06) )
				((4.940914e-06, 1.671999e-06, 5.377050e-06) (2.877274e-06, 7.743191e-06, 5.102403e-06) )
				((4.692672e-06, 1.413420e-06, 5.114787e-06) (2.966907e-06, 7.867776e-06, 5.139091e-06) )
				((4.578852e-06, 2.061250e-06, 4.010523e-06) (3.671160e-06, 8.214321e-06, 4.636667e-06) )
				((4.363170e-06, 1.837137e-06, 4.565111e-06) (3.758850e-06, 7.545385e-06, 4.296797e-06) )
				((4.801467e-06, 1.256850e-06, 5.356589e-06) (3.745914e-06, 8.027167e-06, 4.163830e-06) )
				((5.249200e-06, 1.442861e-06, 4.969638e-06) (3.486685e-06, 7.729835e-06, 3.706137e-06) )
				((5.193856e-06, 7.340972e-07, 5.166442e-06) (4.033140e-06, 8.750761e-06, 3.133156e-06) )
				((5.254412e-06, 1.012650e-06, 5.262983e-06) (4.133081e-06, 8.825735e-06, 3.089391e-06) )
				((5.341921e-06, 1.081012e-06, 4.824162e-06) (4.825458e-06, 9.336613e-06, 3.380492e-06) )
				((4.658290e-06, 8.628007e-07, 5.236918e-06) (4.244542e-06, 9.202984e-06, 3.061709e-06) )
				((4.894925e-06, 1.503419e-06, 4.956148e-06) (5.450239e-06, 9.149825e-06, 3.076843e-06) )
				((4.833968e-06, 2.036927e-06, 4.281802e-06) (4.982242e-06, 9.260090e-06, 2.740893e-06) )
				((4.508016e-06, 2.485102e-06, 3.999570e-06) (5.956805e-06, 9.716277e-06, 3.278781e-06) )
				((4.077779e-06, 1.854055e-06, 3.902815e-06) (5.741965e-06, 9.166547e-06, 3.342074e-06) )
				((3.972502e-06, 1.594891e-06, 3.653504e-06) (5.829730e-06, 9.084476e-06, 3.415142e-06) )
				((4.045386e-06, 9.796211e-07, 4.183681e-06) (5.301100e-06, 9.735831e-06, 3.425097e-06) )
				((4.297349e-06, 4.162950e-07, 4.955402e-06) (6.048308e-06, 9.219073e-06, 3.419084e-06) )
				((4.123067e-06, 7.804304e-07, 4.866045e-06) (5.554070e-06, 8.755333e-06, 3.795843e-06) )
				((4.128648e-06, 5.838124e-07, 4.431035e-06) (5.718787e-06, 8.740342e-06, 4.513766e-06) )
				((4.163995e-06, 8.803374e-07, 4.560788e-06) (6.607638e-06, 8.420664e-06, 5.000390e-06) )
				((4.222872e-06, 1.832913e-06, 4.804304e-06) (6.170862e-06, 8.692464e-06, 5.450655e-06) )
				((3.871002e-06, 1.899534e-06, 4.766790e-06) (5.921264e-06, 7.976858e-06, 5.411603e-06) )
				((4.176544e-06, 1.203714e-06, 3.391473e-06) (6.549954e-06, 8.217404e-06, 6.095920e-06) )
				((3.200966e-06, 6.904772e-07, 3.259590e-06) (6.762424e-06, 8.052588e-06, 5.702337e-06) )
				((2.714579e-06, 4.976748e-07, 2.389613e-06) (5.807663e-06, 8.153416e-06, 6.393700e-06) )
				((2.541102e-06, 5.207990e-07, 2.346710e-06) (6.499558e-06, 8.316101e-06, 7.112123e-06) )
				((2.310146e-06, 1.005969e-06, 2.077885e-06) (7.006445e-06, 8.424856e-06, 6.610531e-06) )
				((1.813321e-06, 2.489880e-07, 1.709163e-06) (7.291474e-06, 8.053693e-06, 7.229975e-06) )
				((1.473223e-06, 8.643635e-08, 2.431259e-06) (7.636928e-06, 8.051191e-06, 7.269664e-06) )
				((1.073954e-06, 3.109007e-07, 2.264440e-06) (7.783232e-06, 8.027535e-06, 7.587689e-06) )
				((1.530108e-06, 9.265313e-07, 1.644757e-06) (8.554205e-06, 8.328103e-06, 7.841561e-06) )
				((1.400596e-06, 1.374859e-06, 1.396258e-06) (7.842184e-06, 8.527564e-06, 7.349148e-06) )
				((1.249816e-06, 1.079261e-06, 1.317673e-06) (7.097811e-06, 8.175675e-06, 7.734729e-06) )
				((1.577128e-06, 1.986289e-06, 1.074890e-06) (7.755397e-06, 8.720445e-06, 7.144505e-06) )
				((1.216835e-06, 2.612954e-06, 8.423055e-07) (8.031651e-06, 8.744881e-06, 7.068777e-06) )
				((1.672294e-06, 2.874827e-06, 3.408682e-07) (7.943416e-06, 8.403885e-06, 6.903963e-06) )
				((1.548034e-06, 2.453683e-06, 5.715055e-08) (8.071919e-06, 7.805300e-06, 6.482007e-06) )
				((1.819690e-06, 2.387416e-06, 8.783461e-08) (7.860524e-06, 7.953339e-06, 6.022537e-06) )
				((1.902395e-06, 1.695541e-06, 5.806598e-07) (7.585109e-06, 8.412208e-06, 6.399504e-06) )
				((2.292827e-06, 2.214974e-06, 5.111182e-07) (7.422683e-06, 7.595891e-06, 5.708114e-06) )
				((2.422575e-06, 1.934444e-06, 3.814253e-07) (7.993192e-06, 7.672043e-06, 5.110688e-06) )
				((2.637157e-06, 1.399647e-06, 4.759353e-07) (8.094359e-06, 8.144889e-06, 5.185458e-06) )
				((1.694261e-06, 1.754963e-06, 1.172883e-07) (8.021550e-06, 7.749344e-06, 4.855222e-06) )
				((1.797090e-06, 1.964515e-06, 9.029877e-08) (7.385619e-06, 6.817328e-06, 5.723044e-06) )
				((1.991570e-06, 1.978883e-06, 3.095300e-07) (6.934211e-06, 6.955036e-06, 5.620511e-06) )
				((1.383523e-06, 1.925331e-06, 6.907143e-07) (6.618357e-06, 7.088682e-06, 6.274872e-06) )
				((1.997320e-06, 2.565948e-06, 4.339099e-07) (6.902062e-06, 7.168359e-06, 5.993391e-06) )
				((1.236166e-06, 2.385853e-06, 3.280050e-08) (7.370144e-06, 7.170021e-06, 6.571352e-06) )
				((5.249758e-07, 2.009112e-06, 3.013055e-08) (6.989824e-06, 7.201212e-06, 7.415179e-06) )
				((8.560357e-07, 2.357911e-06, 2.900785e-07) (7.142025e-06, 7.159842e-06, 8.608092e-06) )
				((1.197498e-07, 1.735208e-06, 7.496489e-10) (6.741244e-06, 6.540492e-06, 8.518552e-06) )
				((7.163335e-07, 2.030422e-06, 8.511114e-08) (6.891391e-06, 6.724392e-06, 8.318656e-06) )
				((1.207643e-06, 1.374695e-06, 7.597645e-07) (6.352698e-06, 6.893974e-06, 8.661647e-06) )
				((2.227999e-06, 1.369136e-06, 6.705599e-07) (6.541019e-06, 7.195411e-06, 8.728253e-06) )
				((2.595083e-06, 1.258374e-06, 1.331445e-06) (6.929557e-06, 7.600309e-06, 8.924571e-06) )
				((2.636260e-06, 1.037087e-06, 1.546585e-06) (6.735114e-06, 7.412445e-06, 8.716495e-06) )
				((2.180019e-06, 1.287739e-06, 1.931158e-06) (6.673784e-06, 7.321519e-06, 8.439089e-06) )
				((2.517606e-06, 3.035109e-07, 2.099112e-06) (7.077033e-06, 7.200657e-06, 7.820242e-06) )
				((2.778608e-06, 3.324496e-08, 2.446688e-06) (7.059940e-06, 7.533283e-06, 7.403995e-06) )
				((2.447046e-06, 7.074441e-07, 2.023961e-06) (7.101910e-06, 7.264689e-06, 7.802642e-06) )
				((2.518957e-06, 5.991533e-07, 2.355671e-06) (7.428991e-06, 7.467924e-06, 8.217753e-06) )
				((2.369615e-06, 1.825617e-06, 1.640518e-06) (7.174482e-06, 7.700224e-06, 8.218958e-06) )
				((2.936457e-06, 1.969566e-06, 1.312235e-06) (7.543818e-06, 7.425792e-06, 8.467149e-06) )
				((3.093364e-06, 2.371443e-06, 1.697244e-06) (8.063950e-06, 6.636281e-06, 8.321994e-06) )
				((3.507369e-06, 3.025499e-06, 1.781595e-06) (7.927243e-06, 6.218864e-06, 7.872569e-06) )
				((3.442126e-06, 2.151575e-06, 2.551794e-06) (8.138576e-06, 5.854824e-06, 8.129820e-06) )
				((3.591816e-06, 2.154087e-06, 2.563357e-06) (7.797207e-06, 5.787082e-06, 8.741349e-06) )
				((4.230134e-06, 1.976509e-06, 2.461087e-06) (7.566987e-06, 4.746657e-06, 9.174034e-06) )
				((4.435247e-06, 1.535897e-06, 2.765551e-06) (7.515043e-06, 3.989572e-06, 8.951685e-06) )
				((4.172388e-06, 1.137477e-06, 2.329526e-06) (6.932658e-06, 3.807472e-06, 8.968261e-06) )
				((3.390522e-06, 8.099392e-07, 1.657516e-06) (7.059345e-06, 4.039065e-06, 9.797193e-06) )
				((2.962711e-06, 7.965948e-07, 2.001582e-06) (7.560484e-06, 4.376354e-06, 9.979939e-06) )
				((2.008793e-06, 6.455426e-07, 2.234925e-06) (7.773515e-06, 4.459413e-06, 9.843182e-06) )
				((2.507764e-06, 8.764940e-07, 1.111562e-06) (7.266798e-06, 4.374762e-06, 9.784583e-06) )
				((2.949687e-06, 1.040311e-06, 9.008779e-07) (6.473653e-06, 4.535997e-06, 9.258003e-06) )
				((2.347889e-06, 1.014842e-06, 1.142708e-06) (6.328204e-06, 3.554904e-06, 8.682330e-06) )
				((3.036520e-06, 9.581587e-07, 1.299332e-06) (6.683403e-06, 3.429029e-06, 9.457147e-06) )
				((2.993275e-06, 6.815337e-07, 1.473449e-06) (6.603523e-06, 3.591543e-06, 9.500532e-06) )
				((3.060853e-06, 9.394270e-07, 1.415752e-06) (5.839569e-06, 3.783915e-06, 9.583262e-06) )
				((2.945306e-06, 1.238853e-06, 1.274175e-06) (6.121243e-06, 4.393969e-06, 9.791875e-06) )
				((2.626699e-06, 8.494652e-07, 1.565520e-06) (6.133227e-06, 4.986633e-06, 9.584488e-06) )
				((2.026249e-06, 1.068848e-06, 1.133481e-06) (6.317995e-06, 4.626935e-06, 9.277105e-06) )
				((2.447316e-06, 1.363759e-06, 1.442156e-06) (6.448866e-06, 4.694618e-06, 8.854606e-06) )
				((3.003078e-06, 1.150571e-06, 1.145652e-06) (6.877059e-06, 5.137866e-06, 9.392267e-06) )
				((3.460479e-06, 1.478859e-06, 1.762320e-06) (7.058901e-06, 5.065813e-06, 9.883027e-06) )
				((2.651568e-06, 9.506001e-07, 1.316788e-06) (7.075273e-06, 4.754082e-06, 9.856758e-06) )
				((2.433403e-06, 1.075377e-06, 1.047141e-06) (7.053122e-06, 5.458291e-06, 9.930842e-06) )
				((2.651844e-06, 1.566788e-06, 1.071367e-06) (6.581317e-06, 4.973574e-06, 9.151482e-06) )
				((2.502665e-06, 1.027023e-06, 6.807208e-07) (6.916455e-06, 4.585671e-06, 9.155353e-06) )
				((2.540814e-06, 3.798644e-07, 3.953314e-07) (7.397594e-06, 5.390767e-06, 8.153658e-06) )
				((2.762898e-06, 1.124318e-07, 3.562577e-07) (7.186318e-06, 5.397103e-06, 8.293734e-06) )
				((2.684126e-06, 6.792815e-07, 1.003898e-07) (6.720776e-06, 4.782287e-06, 7.599145e-06) )
				((3.515240e-06, 1.460263e-07, 2.918358e-07) (6.951515e-06, 5.590321e-06, 7.140066e-06) )
				((2.855689e-06, 4.185814e-07, 4.023423e-07) (7.296195e-06, 5.358147e-06, 7.249180e-06) )
				((2.521565e-06, 4.209452e-07, 9.816219e-07) (7.565707e-06, 5.537976e-06, 6.798881e-06) )
				((2.823130e-06, 6.157140e-07, 1.168279e-06) (7.927203e-06, 5.728308e-06, 6.610960e-06) )
				((2.971466e-06, 2.932982e-07, 1.196362e-06) (8.440435e-06, 6.086848e-06, 6.427519e-06) )
				((3.469640e-06, 3.150114e-08, 1.388076e-06) (7.939946e-06, 6.472417e-06, 6.284118e-06) )
				((3.524971e-06, 1.305910e-07, 1.631490e-06) (7.867960e-06, 5.968775e-06, 6.967768e-06) )
				((3.303046e-06, 7.628478e-08, 1.333348e-06) (7.932274e-06, 6.272189e-06, 6.884628e-06) )
				((4.224908e-06, 1.123354e-07, 1.144141e-06) (7.626798e-06, 6.448584e-06, 6.649716e-06) )
				((4.030027e-06, 1.499481e-07, 4.800524e-07) (7.635733e-06, 6.152660e-06, 6.622695e-06) )
				((3.988456e-06, 7.205826e-08, 2.489432e-07) (7.443725e-06, 6.185111e-06, 6.783428e-06) )
				((4.162677e-06, 8.147414e-07, 5.486204e-08) (7.660458e-06, 6.879017e-06, 7.130800e-06) )
				((3.789363e-06, 1.431155e-06, 4.472077e-07) (7.328980e-06, 6.584058e-06, 6.494714e-06) )
				((4.511622e-06, 1.897931e-06, 2.661517e-08) (7.081739e-06, 6.554078e-06, 7.203681e-06) )
				((3.948232e-06, 2.646036e-06, 1.380181e-06) (6.772557e-06, 6.171688e-06, 7.613354e-06) )
				((2.896858e-06, 3.053423e-06, 8.251954e-07) (6.634544e-06, 5.988755e-06, 7.893835e-06) )
				((2.332755e-06, 2.426433e-06, 1.044684e-06) (6.650498e-06, 5.988140e-06, 7.253789e-06) )
				((1.513277e-06, 2.874441e-06, 8.806735e-07) (6.045910e-06, 5.135518e-06, 7.308914e-06) )
				((1.039952e-06, 2.638425e-06, 3.933319e-07) (6.736952e-06, 5.142018e-06, 6.986739e-06) )
				((1.324615e-06, 2.522717e-06, 1.804604e-07) (6.657082e-06, 4.660570e-06, 6.939711e-06) )
				((1.532779e-06, 2.335707e-06, 9.581459e-07) (7.292145e-06, 5.191653e-06, 6.802298e-06) )
				((1.374722e-06, 2.871106e-06, 1.487970e-06) (7.186878e-06, 5.132411e-06, 7.678492e-06) )
				((1.176599e-06, 2.948850e-06, 1.611012e-06) (6.912926e-06, 5.681694e-06, 8.011078e-06) )
				((6.982175e-07, 3.336269e-06, 1.337552e-06) (5.814674e-06, 5.823537e-06, 8.959692e-06) )
				((6.296602e-07, 3.899117e-06, 4.199178e-07) (5.188271e-06, 5.467942e-06, 9.322800e-06) )
				((1.297391e-06, 3.606295e-06, 2.157688e-07) (5.478750e-06, 5.895965e-06, 9.870704e-06) )
				((1.670147e-06, 3.184543e-06, 7.135229e-07) (5.727282e-06, 5.892119e-06, 9.620685e-06) )
				((1.649020e-06, 3.360574e-06, 1.091308e-06) (6.277516e-06, 6.495071e-06, 9.711600e-06) )
				((1.689600e-06, 2.948702e-06, 6.680114e-07) (6.054855e-06, 6.536869e-06, 8.825306e-06) )
				((2.568789e-06, 2.896041e-06, 9.478579e-07) (5.824282e-06, 6.592859e-06, 9.216734e-06) )
				((2.718957e-06, 2.711425e-06, 1.237890e-06) (6.028391e-06, 5.831316e-06, 9.065168e-06) )
				((2.887371e-06, 2.937648e-06, 1.666684e-06) (5.682795e-06, 5.402353e-06, 8.234151e-06) )
				((2.985098e-06, 2.924364e-06, 1.821266e-06) (6.098712e-06, 5.195475e-06, 8.938076e-06) )
				((2.821751e-06, 3.681408e-06, 1.487334e-06) (5.408939e-06, 5.424633e-06, 9.523007e-06) )
				((2.264991e-06, 3.598216e-06, 1.348439e-06) (5.793603e-06, 5.148612e-06, 9.167782e-06) )
				((2.287700e-06, 3.495382e-06, 1.560347e-06) (5.765140e-06, 5.335994e-06, 9.502233e-06) )
				((2.399420e-06, 4.112618e-06, 8.094423e-07) (5.354765e-06, 5.296526e-06, 9.652713e-06) )
				((2.163301e-06, 3.962982e-06, 1.247015e-06) (6.034963e-06, 5.127565e-06, 8.955856e-06) )
				((2.099520e-06, 3.662750e-06, 1.491657e-06) (6.682859e-06, 4.925819e-06, 8.580252e-06) )
				((1.807595e-06, 3.534463e-06, 1.182830e-06) (6.658806e-06, 5.202058e-06, 8.385710e-06) )
				((1.793919e-06, 3.575201e-06, 1.891448e-06) (6.100935e-06, 4.173445e-06, 7.716386e-06) )
				((1.542283e-06, 2.619487e-06, 2.158373e-06) (6.186593e-06, 4.542544e-06, 7.371435e-06) )
				((1.400688e-06, 2.788723e-06, 2.673824e-06) (6.350593e-06, 4.539805e-06, 7.343409e-06) )
				((2.203172e-06, 2.655820e-06, 2.746248e-06) (5.760804e-06, 4.356035e-06, 7.641995e-06) )
				((1.621700e-06, 3.246717e-06, 2.445668e-06) (5.457123e-06, 4.578987e-06, 7.110693e-06) )
				((2.017460e-06, 4.130321e-06, 2.576495e-06) (5.290508e-06, 4.876979e-06, 6.942243e-06) )
				((1.846047e-06, 4.628725e-06, 2.514979e-06) (5.624431e-06, 4.289157e-06, 7.311735e-06) )
				((2.313546e-06, 5.247942e-06, 2.117714e-06) (5.880873e-06, 4.194193e-06, 7.733021e-06) )
				((2.590495e-06, 5.268538e-06, 2.132204e-06) (5.756846e-06, 4.129944e-06, 7.576153e-06) )
				((2.292227e-06, 5.425353e-06, 2.216022e-06) (6.033688e-06, 4.044340e-06, 8.042386e-06) )
				((2.370487e-06, 5.559210e-06, 1.929887e-06) (6.381486e-06, 3.781982e-06, 7.892960e-06) )
				((2.165493e-06, 5.927648e-06, 1.652198e-06) (5.425053e-06, 3.830632e-06, 7.747728e-06) )
				((2.185594e-06, 6.074551e-06, 2.557637e-06) (5.203593e-06, 4.598421e-06, 7.423232e-06) )
				((2.116894e-06, 6.287792e-06, 2.189847e-06) (4.316104e-06, 4.607719e-06, 7.028864e-06) )
				((1.919383e-06, 7.184719e-06, 2.445771e-06) (4.373940e-06, 4.617891e-06, 6.739397e-06) )
				((7.866672e-07, 7.219248e-06, 1.790048e-06) (4.851744e-06, 4.931418e-06, 7.660966e-06) )
				((6.256200e-07, 7.508193e-06, 2.163050e-06) (4.883559e-06, 5.173026e-06, 7.812291e-06) )
				((6.700798e-07, 7.187428e-06, 1.980484e-06) (5.243673e-06, 4.952046e-06, 7.914878e-06) )
				((8.635545e-08, 7.283292e-06, 1.857550e-06) (5.334310e-06, 5.035394e-06, 8.027351e-06) )
				((1.056247e-07, 6.861883e-06, 1.697253e-06) (5.232689e-06, 4.822857e-06, 7.747720e-06) )
				((3.834906e-07, 6.610556e-06, 1.617817e-06) (5.812869e-06, 5.474241e-06, 8.387959e-06) )
				((5.589970e-07, 6.933515e-06, 1.495962e-06) (5.894125e-06, 6.097288e-06, 8.344152e-06) )
				((3.403775e-07, 7.030174e-06, 1.876125e-06) (5.692153e-06, 6.043311e-06, 8.549365e-06) )
				((1.706293e-07, 6.892441e-06, 1.017536e-06) (6.127932e-06, 5.706955e-06, 8.335987e-06) )
				((3.090441e-07, 7.297823e-06, 1.627937e-06) (6.737546e-06, 5.851635e-06, 8.183207e-06) )
				((3.224454e-07, 7.380660e-06, 1.642401e-06) (6.989700e-06, 6.010364e-06, 8.471362e-06) )
				((4.736194e-07, 7.683173e-06, 1.010119e-06) (7.661486e-06, 5.341787e-06, 8.590801e-06) )
				((1.218202e-06, 7.522616e-06, 8.914697e-07) (7.281339e-06, 5.113576e-06, 7.544255e-06) )
				((1.762332e-06, 7.661821e-06, 3.776783e-07) (6.803698e-06, 5.781489e-06, 7.557528e-06) )
				((2.417420e-06, 7.309262e-06, 7.513954e-07) (7.270644e-06, 5.429290e-06, 7.672103e-06) )
				((3.100302e-06, 8.356993e-06, 9.034653e-07) (7.456571e-06, 5.544143e-06, 8.458041e-06) )
				((2.592353e-06, 8.033279e-06, 1.233152e-06) (7.347426e-06, 5.612811e-06, 9.263057e-06) )
				((2.509893e-06, 7.747665e-06, 8.967082e-07) (7.097712e-06, 5.295218e-06, 9.247529e-06) )
				((2.905259e-06, 7.823876e-06, 1.282695e-06) (7.561833e-06, 5.592010e-06, 9.276678e-06) )
				((3.560985e-06, 8.567447e-06, 1.680155e-06) (7.340655e-06, 6.772570e-06, 9.487358e-06) )
				((3.826574e-06, 8.233949e-06, 1.836433e-06) (7.014935e-06, 7.248868e-06, 9.263589e-06) )
				((3.715254e-06, 8.254987e-06, 1.305065e-06) (6.575039e-06, 7.292558e-06, 9.290482e-06) )
				((4.345547e-06, 7.479246e-06, 7.273744e-07) (5.636666e-06, 7.684305e-06, 9.443982e-06) )
				((3.473500e-06, 7.118432e-06, 5.840980e-07) (5.818045e-06, 8.305374e-06, 8.990452e-06) )
				((2.975035e-06, 7.513976e-06, 2.880533e-07) (5.591028e-06, 8.342079e-06, 8.464618e-06) )
				((2.291006e-06, 7.944595e-06, 1.897859e-07) (4.913973e-06, 8.364816e-06, 8.151947e-06) )
				((2.889188e-06, 7.338538e-06, 3.290744e-07) (4.752460e-06, 8.347663e-06, 8.410644e-06) )
				((3.235979e-06, 8.098354e-06, 5.547568e-07) (3.961536e-06, 8.132702e-06, 8.783892e-06) )
				((2.915615e-06, 8.169370e-06, 9.084293e-07) (3.855373e-06, 7.955791e-06, 8.915843e-06) )
				((3.020139e-06, 9.042192e-06, 8.719910e-07) (4.144349e-06, 8.035122e-06, 9.028906e-06) )
				((2.892474e-06, 9.902796e-06, 5.752909e-07) (4.203048e-06, 8.382912e-06, 9.499019e-06) )
				((2.719829e-06, 9.851457e-06, 4.673659e-07) (3.610976e-06, 8.009260e-06, 9.676361e-06) )
				((2.489185e-06, 9.516463e-06, 1.036129e-06) (2.736909e-06, 7.648814e-06, 9.254851e-06) )
				((2.824368e-06, 9.986319e-06, 1.602510e-06) (2.696486e-06, 7.989857e-06, 9.412420e-06) )
				((2.012280e-06, 9.576102e-06, 1.865336e-06) (3.096027e-06, 7.335438e-06, 9.655054e-06) )
				((1.797521e-06, 9.549829e-06, 1.745959e-06) (3.407813e-06, 7.428473e-06, 9.933676e-06) )
				((1.471636e-06, 9.732171e-06, 1.768372e-06) (3.252146e-06, 7.102582e-06, 9.783771e-06) )
				((1.545615e-06, 9.766529e-06, 1.427585e-06) (3.194108e-06, 6.754912e-06, 9.888050e-06) )
				((1.925835e-06, 9.996998e-06, 1.704653e-06) (3.837913e-06, 5.896836e-06, 9.804129e-06) )
				((1.439232e-06, 9.701091e-06, 1.855322e-06) (4.817774e-06, 6.036233e-06, 9.017091e-06) )
				((1.526977e-06, 9.711059e-06, 1.263090e-06) (4.714637e-06, 5.452137e-06, 9.678214e-06) )
				((1.162241e-06, 9.410401e-06, 1.154634e-06) (4.649271e-06, 5.446334e-06, 8.691912e-06) )
				((9.382073e-07, 9.541515e-06, 1.003376e-06) (3.491988e-06, 6.080927e-06, 9.705422e-06) )
				((6.197126e-07, 9.721564e-06, 1.128051e-06) (4.089395e-06, 5.995386e-06, 9.360405e-06) )
				((3.827161e-07, 9.211575e-06, 1.447178e-06) (4.613999e-06, 5.748052e-06, 9.355501e-06) )
				((1.433172e-07, 9.124286e-06, 1.807118e-06) (5.381246e-06, 6.163998e-06, 9.619221e-06) )
				((1.852646e-07, 9.189995e-06, 1.711918e-06) (4.744656e-06, 5.425435e-06, 9.839084e-06) )
				((3.376730e-07, 9.771897e-06, 1.615828e-06) (5.051033e-06, 4.775247e-06, 9.381196e-06) )
				((3.643960e-07, 9.893333e-06, 1.628826e-06) (5.045315e-06, 4.643083e-06, 9.630640e-06) )
				((4.071972e-07, 9.884411e-06, 1.439440e-06) (5.179221e-06, 3.890010e-06, 9.771021e-06) )
				((4.121891e-07, 9.343927e-06, 1.075357e-06) (5.021308e-06, 3.760415e-06, 9.532215e-06) )
				((2.488088e-07, 9.419330e-06, 1.083750e-06) (5.346326e-06, 3.723941e-06, 9.902612e-06) )
				((5.949063e-07, 9.050490e-06, 1.035821e-06) (4.325271e-06, 4.491044e-06, 9.740345e-06) )
				((1.103617e-06, 8.251178e-06, 1.498045e-06) (4.455822e-06, 4.614981e-06, 9.626078e-06) )
				((1.317505e-06, 8.258565e-06, 6.763681e-07) (3.997178e-06, 4.711524e-06, 9.088658e-06) )
				((1.200376e-06, 8.031844e-06, 8.674275e-07) (4.030928e-06, 4.447198e-06, 9.287086e-06) )
				((5.981444e-07, 8.394461e-06, 7.786989e-07) (4.993919e-06, 4.525030e-06, 9.839834e-06) )
				((4.319566e-08, 8.877189e-06, 8.018005e-07) (4.813873e-06, 4.060441e-06, 9.599890e-06) )
				((4.043808e-09, 8.982156e-06, 7.558787e-07) (4.656918e-06, 4.265491e-06, 9.353486e-06) )
				((4.638632e-07, 8.873546e-06, 1.268243e-06) (4.368087e-06, 4.034684e-06, 9.991628e-06) )
				((3.366070e-07, 8.759643e-06, 1.244386e-06) (4.878141e-06, 5.020074e-06, 9.821765e-06) )
				((9.112247e-07, 8.889310e-06, 9.253413e-07) (4.491527e-06, 5.258653e-06, 9.239746e-06) )
				((8.218847e-07, 9.648584e-06, 1.466590e-06) (4.916963e-06, 4.405759e-06, 9.124397e-06) )
				((1.024542e-06, 9.988482e-06, 1.502674e-06) (5.583741e-06, 4.847878e-06, 9.199433e-06) )
				((1.012541e-06, 9.038741e-06, 1.815124e-06) (5.873527e-06, 6.045843e-06, 9.393381e-06) )
				((1.367809e-06, 8.552466e-06, 2.334841e-06) (5.646437e-06, 5.355208e-06, 9.653071e-06) )
				((1.419736e-06, 8.785349e-06, 2.413055e-06) (4.973457e-06, 5.654483e-06, 9.388814e-06) )
				((2.024303e-06, 8.969663e-06, 1.571128e-06) (4.944129e-06, 5.634657e-06, 9.539528e-06) )
				((1.636973e-06, 8.679070e-06, 8.792741e-07) (4.530649e-06, 5.789839e-06, 9.557323e-06) )
				((2.041705e-06, 8.410100e-06, 1.541572e-06) (4.579256e-06, 5.631785e-06, 9.120857e-06) )
				((2.140209e-06, 8.450972e-06, 1.608515e-06) (4.857108e-06, 6.479934e-06, 9.893245e-06) )
				((1.796275e-06, 7.945376e-06, 1.369252e-06) (4.736355e-06, 6.375334e-06, 9.535020e-06) )
				((2.277070e-06, 8.933402e-06, 1.108536e-06) (4.823163e-06, 6.353579e-06, 9.315072e-06) )
				((3.078207e-06, 9.398101e-06, 1.038199e-06) (4.207916e-06, 6.536760e-06, 9.513050e-06) )
				((3.531509e-06, 8.783575e-06, 1.471984e-06) (4.854925e-06, 6.807159e-06, 9.940606e-06) )
				((3.528448e-06, 9.116251e-06, 1.122018e-06) (4.121493e-06, 6.494812e-06, 9.659181e-06) )
				((3.940885e-06, 8.806466e-06, 1.112833e-06) (3.809814e-06, 6.603994e-06, 9.785048e-06) )
				((3.397162e-06, 9.089264e-06, 6.362895e-07) (4.139673e-06, 7.389246e-06, 9.449860e-06) )
				((3.504876e-06, 9.086047e-06, 1.314187e-07) (3.222370e-06, 7.194401e-06, 9.048143e-06) )
				((3.459900e-06, 9.426735e-06, 7.976584e-08) (2.959220e-06, 6.475216e-06, 9.690616e-06) )
				((4.159425e-06, 9.365095e-06, 5.989332e-08) (3.097266e-06, 6.877871e-06, 9.914301e-06) )
				((4.157039e-06, 8.466157e-06, 1.348019e-06) (2.686123e-06, 6.570780e-06, 9.876407e-06) )
				((3.665709e-06, 8.274863e-06, 1.894186e-06) (3.429588e-06, 6.554673e-06, 9.797096e-06) )
				((3.609912e-06, 9.082542e-06, 1.777499e-06) (2.465425e-06, 7.216173e-06, 9.929140e-06) )
				((3.745928e-06, 8.619463e-06, 2.000672e-06) (2.904718e-06, 7.165293e-06, 9.794047e-06) )
				((3.402292e-06, 8.844200e-06, 2.126859e-06) (3.081692e-06, 6.444796e-06, 9.802166e-06) )
				((3.632986e-06, 8.908285e-06, 1.829357e-06) (1.897291e-06, 6.702421e-06, 9.966566e-06) )
				((3.532888e-06, 8.388994e-06, 1.573071e-06) (1.362743e-06, 7.334470e-06, 9.858951e-06) )
				((3.215973e-06, 8.372398e-06, 2.091554e-06) (9.881601e-07, 8.334071e-06, 9.928103e-06) )
				((2.945036e-06, 8.299627e-06, 2.286569e-06) (5.310380e-07, 9.051189e-06, 9.866344e-06) )
				((2.691812e-06, 8.103971e-06, 1.758077e-06) (4.854048e-07, 9.918648e-06, 9.983268e-06) )
				((2.940193e-06, 7.859527e-06, 2.295142e-06) (1.130768e-06, 8.940603e-06, 9.282520e-06) )
				((2.625291e-06, 7.867733e-06, 3.068637e-06) (8.185322e-07, 9.607918e-06, 8.864317e-06) )
				((2.598156e-06, 6.843562e-06, 3.422229e-06) (3.445300e-07, 9.201251e-06, 8.392899e-06) )
				((2.655454e-06, 6.203784e-06, 2.384235e-06) (6.852873e-07, 9.636350e-06, 8.299576e-06) )
				((3.110184e-06, 5.694318e-06, 1.820521e-06) (4.946174e-07, 9.396633e-06, 8.215257e-06) )
				((3.399399e-06, 5.479474e-06, 2.322475e-06) (7.289163e-08, 8.982157e-06, 8.572434e-06) )
				((4.080777e-06, 5.643300e-06, 1.757548e-06) (3.092112e-07, 8.611398e-06, 9.066107e-06) )
				((2.983748e-06, 5.391496e-06, 1.966497e-06) (5.288189e-07, 8.291082e-06, 8.813846e-06) )
				((3.412096e-06, 4.722935e-06, 2.363339e-06) (5.359486e-07, 7.985336e-06, 8.553762e-06) )
				((3.608201e-06, 5.093329e-06, 1.739782e-06) (7.261213e-07, 7.850909e-06, 8.576768e-06) )
				((3.867409e-06, 4.489351e-06, 1.649694e-06) (1.038874e-07, 8.685955e-06, 9.339561e-06) )
				((4.405969e-06, 4.369379e-06, 1.332832e-06) (5.488831e-08, 8.478150e-06, 8.981980e-06) )
				((4.653949e-06, 3.265483e-06, 1.332360e-06) (8.858523e-07, 8.863232e-06, 8.653670e-06) )
				((5.112625e-06, 2.709770e-06, 1.639733e-06) (1.482422e-06, 9.013552e-06, 8.119583e-06) )
				((5.364715e-06, 3.556756e-06, 1.808520e-06) (1.328235e-06, 8.465979e-06, 7.849967e-06) )
				((5.391326e-06, 4.011541e-06, 1.624260e-06) (1.017511e-06, 8.432917e-06, 8.604633e-06) )
				((5.390907e-06, 4.170187e-06, 7.754688e-07) (1.650151e-06, 7.762667e-06, 8.660053e-06) )
				((6.264607e-06, 4.206284e-06, 2.746594e-07) (1.857015e-06, 8.128424e-06, 9.026569e-06) )
				((6.165881e-06, 4.656365e-06, 2.240337e-07) (1.900551e-06, 8.264056e-06, 8.634698e-06) )
				((5.581076e-06, 4.733017e-06, 1.444035e-07) (1.820353e-06, 8.045832e-06, 9.169108e-06) )
				((6.153780e-06, 4.995648e-06, 1.266298e-06) (1.711172e-06, 7.823296e-06, 8.966272e-06) )
				((6.607665e-06, 4.981457e-06, 1.432170e-06) (2.195703e-06, 8.210699e-06, 8.466363e-06) )
				((7.306177e-06, 4.680769e-06, 1.341958e-06) (2.316377e-06, 8.964989e-06, 8.999095e-06) )
				((7.093332e-06, 4.397284e-06, 1.661573e-06) (2.347184e-06, 8.087701e-06, 9.450542e-06) )
				((6.574611e-06, 3.829854e-06, 1.873358e-06) (3.197313e-06, 8.127643e-06, 9.946979e-06) )
				((6.088981e-06, 4.088292e-06, 1.396877e-06) (3.118629e-06, 8.453092e-06, 9.994125e-06) )
				((6.413654e-06, 4.265460e-06, 1.795127e-06) (3.253561e-06, 8.330148e-06, 9.776189e-06) )
				((6.595343e-06, 4.053361e-06, 1.492257e-06) (2.526378e-06, 8.032190e-06, 9.876057e-06) )
				((7.212600e-06, 4.629277e-06, 1.180846e-06) (2.406824e-06, 7.858801e-06, 9.986055e-06) )
				((6.922487e-06, 4.099089e-06, 7.516432e-07) (2.253902e-06, 7.763924e-06, 9.828883e-06) )
				((6.476374e-06, 3.788046e-06, 1.404708e-06) (2.116188e-06, 6.701510e-06, 9.927977e-06) )
				((6.544975e-06, 4.345911e-06, 9.074185e-07) (1.351657e-06, 6.454774e-06, 9.969136e-06) )
				((6.890320e-06, 3.870532e-06, 1.175870e-06) (1.040796e-06, 6.082311e-06, 9.105833e-06) )
				((6.450678e-06, 3.028273e-06, 1.245915e-06) (1.849238e-06, 5.347534e-06, 8.678865e-06) )
				((6.006268e-06, 3.116048e-06, 8.821202e-07) (1.826766e-06, 5.765009e-06, 8.898733e-06) )
				((5.409570e-06, 3.287006e-06, 5.991769e-07) (1.997358e-06, 6.135263e-06, 9.193834e-06) )
				((5.125857e-06, 2.928524e-06, 1.119544e-06) (2.155932e-06, 6.605486e-06, 9.128123e-06) )
				((5.348858e-06, 3.216521e-06, 1.485835e-06) (2.319304e-06, 7.052295e-06, 9.070586e-06) )
				((4.928903e-06, 3.110438e-06, 9.123519e-07) (2.222992e-06, 6.534287e-06, 9.326704e-06) )
				((4.961522e-06, 2.975303e-06, 9.194896e-07) (2.010979e-06, 7.273212e-06, 8.958660e-06) )
				((4.868877e-06, 3.015901e-06, 1.212832e-06) (1.289462e-06, 6.946397e-06, 8.818230e-06) )
				((4.425236e-06, 3.393192e-06, 6.247457e-07) (7.099112e-07, 7.109121e-06, 8.129024e-06) )
				((4.118662e-06, 4.062587e-06, 1.156324e-06) (9.092624e-07, 7.972146e-06, 7.806075e-06) )
				((3.422123e-06, 4.036275e-06, 8.666716e-07) (8.230098e-07, 7.753937e-06, 7.114279e-06) )
				((3.954569e-06, 3.640141e-06, 8.963754e-07) (9.123306e-08, 7.842259e-06, 6.173281e-06) )
				((4.726681e-06, 3.460257e-06, 7.037829e-07) (1.171750e-07, 8.343192e-06, 6.468932e-06) )
				((4.803103e-06, 3.130101e-06, 4.600721e-07) (6.565914e-07, 7.643015e-06, 7.230269e-06) )
				((5.084557e-06, 4.184574e-06, 1.167911e-07) (1.673360e-07, 8.007013e-06, 7.989416e-06) )
				((5.452365e-06, 4.038029e-06, 6.922242e-07) (3.999474e-07, 8.307856e-06, 7.833962e-06) )
				((5.468685e-06, 4.230716e-06, 9.483515e-07) (6.257785e-07, 8.506163e-06, 8.265955e-06) )
				((5.229918e-06, 4.333885e-06, 1.425136e-06) (8.705580e-07, 8.673120e-06, 8.126121e-06) )
				((5.410744e-06, 4.489128e-06, 1.333102e-06) (1.143089e-06, 9.384444e-06, 8.408526e-06) )
				((5.291474e-06, 4.707124e-06, 1.067821e-06) (6.700568e-07, 9.721282e-06, 7.934246e-06) )
				((5.522221e-06, 4.382419e-06, 1.718577e-06) (2.545427e-07, 9.457477e-06, 8.034755e-06) )
				((6.483993e-06, 3.272375e-06, 1.984496e-06) (5.373434e-07, 9.327282e-06, 8.214018e-06) )
				((6.805715e-06, 2.368426e-06, 1.413771e-06) (5.950355e-07, 9.559724e-06, 7.979445e-06) )
				((6.965607e-06, 2.141700e-06, 1.193968e-06) (9.248748e-07, 9.103685e-06, 7.446820e-06) )
				((6.057832e-06, 3.270809e-06, 1.301392e-06) (3.337007e-07, 9.175877e-06, 7.575224e-06) )
				((6.213257e-06, 3.578996e-06, 8.744462e-07) (5.597474e-07, 9.079321e-06, 7.657675e-06) )
				((6.898692e-06, 3.636522e-06, 9.201425e-07) (4.359477e-07, 8.780738e-06, 7.820048e-06) )
				((6.351607e-06, 2.955264e-06, 4.558074e-07) (5.869439e-07, 8.628568e-06, 7.628967e-06) )
				((6.863950e-06, 2.539015e-06, 1.304787e-06) (6.398547e-07, 9.128620e-06, 7.757276e-06) )
				((6.772436e-06, 2.569380e-06, 1.356157e-06) (1.391082e-06, 9.497969e-06, 8.041986e-06) )
				((7.001404e-06, 1.819775e-06, 1.842796e-06) (4.982566e-07, 9.859302e-06, 8.014582e-06) )
				((6.700728e-06, 2.029546e-06, 2.398036e-06) (2.969773e-07, 9.165337e-06, 8.536434e-06) )
				((5.587597e-06, 1.939046e-06, 2.731666e-06) (1.763425e-07, 9.197672e-06, 8.237041e-06) )
				((5.631980e-06, 2.320720e-06, 2.060697e-06) (1.637891e-07, 9.943610e-06, 8.819708e-06) )
				((5.243078e-06, 2.547566e-06, 1.429124e-06) (2.174255e-07, 9.457704e-06, 8.683500e-06) )
				((5.912584e-06, 2.520378e-06, 1.370100e-06) (2.193137e-07, 9.592128e-06, 8.158245e-06) )
				((5.675884e-06, 2.600425e-06, 2.071718e-06) (9.686409e-07, 9.755513e-06, 8.896168e-06) )
				((5.233016e-06, 1.688501e-06, 1.385672e-06) (4.884663e-07, 9.804104e-06, 8.622580e-06) )
				((4.825252e-06, 1.769953e-06, 9.684061e-07) (5.184495e-07, 9.391870e-06, 8.119885e-06) )
				((4.960741e-06, 2.096387e-06, 1.411751e-06) (5.793652e-07, 9.894231e-06, 7.817936e-06) )
				((4.285696e-06, 2.562774e-06, 1.212186e-06) (6.806593e-07, 9.974886e-06, 7.730900e-06) )
				((3.958831e-06, 2.506277e-06, 1.153744e-06) (9.187676e-07, 9.806751e-06, 7.736486e-06) )
				((3.152502e-06, 2.255333e-06, 5.192449e-07) (1.165133e-06, 9.264208e-06, 7.501582e-06) )
				((3.362920e-06, 2.781300e-06, 1.022770e-06) (2.061667e-06, 9.485363e-06, 7.632547e-06) )
				((3.684668e-06, 3.384329e-06, 1.097704e-06) (2.052438e-06, 9.844809e-06, 8.165031e-06) )
				((3.443730e-06, 3.369064e-06, 6.303635e-08) (2.354560e-06, 9.511068e-06, 7.536993e-06) )
				((3.588973e-06, 3.173198e-06, 4.239580e-07) (2.365898e-06, 9.857390e-06, 7.669862e-06) )
				((3.087449e-06, 2.923517e-06, 1.011326e-06) (2.115623e-06, 9.539838e-06, 7.992137e-06) )
				((3.065956e-06, 2.652501e-06, 8.115686e-07) (2.791793e-06, 9.446744e-06, 8.981761e-06) )
				((2.499208e-06, 3.463501e-06, 8.563542e-08) (3.244662e-06, 9.163455e-06, 9.184598e-06) )
				((2.785373e-06, 3.293152e-06, 4.056358e-07) (3.344696e-06, 9.208271e-06, 9.285017e-06) )
				((3.283329e-06, 2.859153e-06, 5.447672e-07) (4.120734e-06, 8.822713e-06, 8.621229e-06) )
				((3.296079e-06, 2.870425e-06, 1.155515e-06) (4.754776e-06, 8.087228e-06, 9.348382e-06) )
				((3.669163e-06, 2.480340e-06, 1.731861e-06) (4.626059e-06, 8.912504e-06, 9.711644e-06) )
				((2.694638e-06, 2.285826e-06, 1.174577e-06) (4.663134e-06, 8.517486e-06, 9.754204e-06) )
				((2.238606e-06, 2.319515e-06, 1.478885e-06) (4.254170e-06, 9.052450e-06, 9.757299e-06) )
				((2.233029e-06, 2.748677e-06, 1.608617e-06) (4.441000e-06, 8.532877e-06, 9.918651e-06) )
				((1.984052e-06, 2.086220e-06, 1.729154e-06) (4.362371e-06, 8.396854e-06, 9.630733e-06) )
				((2.181215e-06, 2.178991e-06, 1.641992e-06) (4.006073e-06, 8.977613e-06, 9.059240e-06) )
				((1.860827e-06, 1.981222e-06, 1.111440e-06) (4.196705e-06, 8.910795e-06, 9.153251e-06) )
				((1.674961e-06, 1.445740e-06, 4.721398e-07) (4.164504e-06, 8.594535e-06, 9.448077e-06) )
				((1.701217e-06, 1.598035e-06, 3.340294e-07) (4.379234e-06, 8.384967e-06, 9.139618e-06) )
				((1.731430e-06, 1.387218e-06, 3.624950e-07) (4.126785e-06, 9.186737e-06, 9.855658e-06) )
				((9.607936e-07, 1.823173e-06, 1.704467e-06) (4.758904e-06, 9.178226e-06, 9.229720e-06) )
				((2.118337e-06, 2.346868e-06, 2.009291e-06) (4.776918e-06, 9.033400e-06, 9.249987e-06) )
				((2.585504e-06, 2.954742e-06, 1.396296e-06) (5.167530e-06, 9.648205e-06, 9.398050e-06) )
				((3.151533e-06, 2.973432e-06, 1.258812e-06) (5.822230e-06, 8.770677e-06, 9.934178e-06) )
				((2.810562e-06, 2.832411e-06, 8.708559e-07) (5.426254e-06, 9.727027e-06, 9.756516e-06) )
				((2.403477e-06, 2.676213e-06, 7.020760e-07) (5.698344e-06, 9.709926e-06, 9.462234e-06) )
				((1.721714e-06, 2.496678e-06, 4.303892e-07) (6.389019e-06, 8.972817e-06, 9.478752e-06) )
				((1.616020e-06, 2.991711e-06, 1.317735e-07) (5.730216e-06, 9.463130e-06, 9.650414e-06) )
				((1.313129e-06, 2.600117e-06, 2.725018e-07) (6.721010e-06, 9.327708e-06, 9.742061e-06) )
				((2.131546e-06, 2.211511e-06, 8.355194e-07) (6.881879e-06, 9.222858e-06, 9.679183e-06) )
				((2.270429e-06, 2.117988e-06, 6.197050e-07) (6.029499e-06, 9.336924e-06, 9.469008e-06) )
				((2.415623e-06, 2.336822e-06, 3.180976e-07) (5.987859e-06, 9.747671e-06, 9.845261e-06) )
				((2.615770e-06, 2.611001e-06, 6.844797e-07) (5.073148e-06, 9.906264e-06, 9.757053e-06) )
				((2.483454e-06, 2.574035e-06, 7.556253e-08) (5.349911e-06, 9.532058e-06, 9.386447e-06) )
				((2.898672e-06, 2.072309e-06, 2.877784e-07) (4.699842e-06, 9.741288e-06, 9.930812e-06) )
				((3.088227e-06, 2.500513e-06, 3.416695e-07) (4.537215e-06, 9.100695e-06, 8.393497e-06) )
				((2.921259e-06, 2.234608e-06, 1.243895e-06) (4.664069e-06, 8.746748e-06, 8.542957e-06) )
				((2.741973e-06, 2.171680e-06, 8.104292e-07) (5.027302e-06, 8.883724e-06, 8.709468e-06) )
				((2.533140e-06, 2.114185e-06, 1.363092e-06) (5.861558e-06, 8.661686e-06, 8.524884e-06) )
				((1.731494e-06, 2.086370e-06, 7.126243e-07) (5.846380e-06, 8.327062e-06, 8.504716e-06) )
				((1.356651e-06, 1.391425e-06, 5.302929e-07) (6.546982e-06, 8.605781e-06, 8.322495e-06) )
				((1.174461e-06, 1.102037e-06, 1.666319e-07) (6.826374e-06, 8.985393e-06, 8.857737e-06) )
				((1.089838e-06, 1.533102e-06, 4.904730e-08) (6.112503e-06, 8.686548e-06, 9.203323e-06) )
				((2.255011e-07, 1.527434e-06, 4.982959e-09) (5.442829e-06, 7.975661e-06, 9.823022e-06) )
				((5.526224e-07, 1.406902e-06, 2.986542e-07) (5.997514e-06, 7.593949e-06, 9.982630e-06) )
				((2.522415e-07, 1.167377e-06, 6.545369e-08) (5.091392e-06, 7.442026e-06, 9.863532e-06) )
				((2.707368e-07, 7.496112e-07, 2.425217e-08) (4.827044e-06, 6.813015e-06, 9.943145e-06) )
				((5.862497e-07, 1.450711e-06, 1.491415e-07) (3.920395e-06, 6.605109e-06, 9.998542e-06) )
				((1.002383e-06, 5.926160e-07, 4.577894e-08) (3.274153e-06, 6.651255e-06, 9.697041e-06) )
				((1.391864e-06, 7.810678e-07, 6.534128e-07) (2.613957e-06, 6.412549e-06, 9.078686e-06) )
				((2.251309e-06, 9.971869e-07, 1.494439e-06) (3.235641e-06, 6.478906e-06, 9.082137e-06) )
				((1.704878e-06, 4.509701e-07, 1.847677e-06) (3.176717e-06, 7.122422e-06, 8.733703e-06) )
				((2.288737e-06, 9.670200e-07, 2.284612e-06) (2.900205e-06, 7.850479e-06, 8.622132e-06) )
				((2.257437e-06, 6.138831e-07, 2.411186e-06) (3.156728e-06, 8.471378e-06, 8.467212e-06) )
				((2.763815e-06, 4.439935e-07, 2.267162e-06) (3.634031e-06, 8.927210e-06, 8.006418e-06) )
				((2.943618e-06, 4.961529e-07, 1.851363e-06) (3.733682e-06, 8.385157e-06, 8.360959e-06) )
				((2.417649e-06, 4.938011e-08, 1.560364e-06) (3.391060e-06, 8.765966e-06, 8.624715e-06) )
				((2.599634e-06, 3.581216e-07, 1.721126e-06) (3.197490e-06, 9.266995e-06, 8.358453e-06) )
				((3.103104e-06, 2.577095e-07, 2.598415e-06) (3.494782e-06, 9.396145e-06, 8.270353e-06) )
				((3.182875e-06, 8.352084e-07, 2.941365e-06) (3.671442e-06, 9.439447e-06, 8.317058e-06) )
				((3.254982e-06, 6.558527e-07, 3.545818e-06) (3.782784e-06, 9.721642e-06, 7.891044e-06) )
				((3.386913e-06, 4.957485e-07, 3.978875e-06) (4.649932e-06, 9.982381e-06, 8.617403e-06) )
				((2.628368e-06, 2.641886e-07, 4.021738e-06) (4.529885e-06, 9.835915e-06, 7.925885e-06) )
				((2.529094e-06, 5.574061e-07, 3.447470e-06) (4.930835e-06, 9.755936e-06, 7.597216e-06) )
				((2.403324e-06, 1.193375e-06, 3.937261e-06) (5.068211e-06, 9.771098e-06, 8.651531e-06) )
				((2.237842e-06, 1.932307e-06, 3.992229e-06) (4.364177e-06, 9.899296e-06, 8.877064e-06) )
				((2.889219e-06, 1.860226e-06, 3.789539e-06) (3.804455e-06, 9.722061e-06, 9.343080e-06) )
				((2.524370e-06, 2.477741e-06, 3.822139e-06) (3.986600e-06, 9.694220e-06, 9.009337e-06) )
				((2.334145e-06, 2.521352e-06, 4.021435e-06) (3.420082e-06, 9.124296e-06, 9.043451e-06) )
				((2.497270e-06, 2.675006e-06, 4.249551e-06) (3.318701e-06, 9.381740e-06, 9.335296e-06) )
				((2.077308e-06, 3.438683e-06, 4.148149e-06) (2.925694e-06, 9.593881e-06, 9.715647e-06) )
				((2.441090e-06, 3.425662e-06, 5.033834e-06) (3.109214e-06, 9.305340e-06, 9.459636e-06) )
				((2.723188e-06, 2.870346e-06, 5.031232e-06) (3.640618e-06, 9.959096e-06, 9.722709e-06) )
				((2.708640e-06, 3.569423e-06, 5.210999e-06) (3.898967e-06, 9.612498e-06, 8.643760e-06) )
				((2.926719e-06, 3.391359e-06, 5.624885e-06) (3.533418e-06, 9.431701e-06, 9.188440e-06) )
				((2.252358e-06, 3.869444e-06, 5.696524e-06) (2.681980e-06, 9.891997e-06, 8.671842e-06) )
				((1.771499e-06, 3.485574e-06, 5.058008e-06) (1.999102e-06, 9.069882e-06, 8.764863e-06) )
				((2.129527e-06, 3.409942e-06, 5.285851e-06) (2.235138e-06, 8.741164e-06, 8.261035e-06) )
				((9.163776e-07, 3.160969e-06, 4.850237e-06) (2.196550e-06, 8.238339e-06, 8.628939e-06) )
				((1.045467e-06, 2.745220e-06, 5.156995e-06) (1.932133e-06, 7.969824e-06, 8.856990e-06) )
				((1.338929e-06, 3.019032e-06, 4.997372e-06) (2.140654e-06, 8.125868e-06, 9.438098e-06) )
				((1.529970e-06, 3.098823e-06, 5.193410e-06) (2.506277e-06, 8.768387e-06, 9.764456e-06) )
				((2.113333e-06, 3.110728e-06, 5.180096e-06) (3.289190e-06, 8.849015e-06, 9.755841e-06) )
				((2.801950e-06, 3.608422e-06, 4.868697e-06) (3.607984e-06, 8.548604e-06, 9.468917e-06) )
				((3.238717e-06, 3.754900e-06, 5.221776e-06) (3.216202e-06, 7.794798e-06, 9.186252e-06) )
				((2.730177e-06, 3.527562e-06, 4.988596e-06) (4.012420e-06, 8.089316e-06, 9.202544e-06) )
				((2.901733e-06, 3.383393e-06, 4.926974e-06) (4.770821e-06, 7.000540e-06, 9.211571e-06) )
				((2.519760e-06, 3.168285e-06, 4.867289e-06) (5.324104e-06, 6.495241e-06, 9.499902e-06) )
				((2.358839e-06, 3.136746e-06, 5.422118e-06) (5.024146e-06, 6.687134e-06, 9.613691e-06) )
				((1.855252e-06, 3.931786e-06, 5.254680e-06) (5.115521e-06, 6.494654e-06, 9.971458e-06) )
				((1.958228e-06, 4.097481e-06, 5.572015e-06) (5.273544e-06, 6.762515e-06, 9.776878e-06) )
				((1.853967e-06, 4.622423e-06, 5.681083e-06) (5.166447e-06, 6.564727e-06, 9.854746e-06) )
				((2.189337e-06, 4.256549e-06, 5.646622e-06) (5.888477e-06, 7.047568e-06, 9.860354e-06) )
				((2.167961e-06, 3.782475e-06, 5.057700e-06) (5.670061e-06, 7.466737e-06, 9.603612e-06) )
				((2.431622e-06, 3.379845e-06, 5.265598e-06) (5.239690e-06, 7.497983e-06, 9.978384e-06) )
				((1.926210e-06, 2.640908e-06, 5.027617e-06) (5.128273e-06, 7.296197e-06, 9.682919e-06) )
				((1.824236e-06, 3.624126e-06, 4.880416e-06) (4.610004e-06, 7.409827e-06, 9.664664e-06) )
				((9.862818e-07, 3.388766e-06, 5.001479e-06) (4.531872e-06, 7.210795e-06, 9.605140e-06) )
				((7.930701e-07, 3.531750e-06, 5.173114e-06) (3.578107e-06, 7.328937e-06, 9.801261e-06) )
				((3.262247e-07, 3.745767e-06, 5.194722e-06) (4.121394e-06, 6.866936e-06, 9.347520e-06) )
				((1.588013e-07, 3.501636e-06, 5.352941e-06) (4.982727e-06, 7.158534e-06, 9.396718e-06) )
				((1.390350e-07, 3.689789e-06, 5.481886e-06) (5.775019e-06, 7.601705e-06, 9.739801e-06) )
				((2.074539e-07, 3.124795e-06, 4.936706e-06) (5.938553e-06, 7.641958e-06, 9.961052e-06) )
				((4.246242e-07, 3.776660e-06, 4.176732e-06) (5.650163e-06, 7.405105e-06, 9.675266e-06) )
				((1.238590e-07, 3.407298e-06, 4.450756e-06) (4.901939e-06, 7.842896e-06, 9.817278e-06) )
				((2.495923e-07, 4.464083e-06, 4.314108e-06) (5.123542e-06, 8.423053e-06, 9.879326e-06) )
				((5.769186e-07, 4.205639e-06, 4.131261e-06) (5.150551e-06, 8.985411e-06, 9.988775e-06) )
				((6.619148e-08, 4.413545e-06, 3.875372e-06) (4.610727e-06, 8.671474e-06, 9.927495e-06) )
				((3.931784e-07, 4.768864e-06, 3.418380e-06) (4.837863e-06, 7.679199e-06, 9.574422e-06) )
				((1.735764e-07, 4.775353e-06, 3.100036e-06) (5.203942e-06, 7.780834e-06, 9.167994e-06) )
				((7.464060e-09, 4.875803e-06, 2.577452e-06) (5.033814e-06, 7.748051e-06, 9.636298e-06) )
				((2.973946e-07, 5.185262e-06, 2.464221e-06) (5.019689e-06, 8.111360e-06, 9.541406e-06) )
				((4.430007e-07, 4.544895e-06, 2.782203e-06) (5.118731e-06, 8.689420e-06, 9.873746e-06) )
				((6.519362e-07, 4.750667e-06, 2.762475e-06) (6.684158e-06, 9.512906e-06, 9.078252e-06) )
				((1.047944e-06, 4.732840e-06, 2.772641e-06) (6.650031e-06, 8.732675e-06, 8.792966e-06) )
				((4.447876e-07, 4.531349e-06, 3.172943e-06) (6.292485e-06, 7.997042e-06, 9.419544e-06) )
				((6.328834e-07, 4.508349e-06, 3.416673e-06) (5.574741e-06, 7.619741e-06, 9.281649e-06) )
				((4.245128e-07, 4.683818e-06, 3.191758e-06) (5.719708e-06, 7.324462e-06, 8.897470e-06) )
				((1.553635e-07, 4.859464e-06, 3.101753e-06) (5.639978e-06, 7.159610e-06, 8.723399e-06) )
				((2.558222e-07, 5.045305e-06, 3.197941e-06) (5.943544e-06, 6.667358e-06, 8.388972e-06) )
				((4.123338e-07, 4.874497e-06, 2.853210e-06) (5.920471e-06, 6.741192e-06, 8.513453e-06) )
				((5.125408e-07, 4.574495e-06, 3.006798e-06) (6.039148e-06, 7.018158e-06, 8.790705e-06) )
				((6.958448e-07, 4.235555e-06, 2.788654e-06) (6.749594e-06, 6.863213e-06, 8.674209e-06) )
				((1.160595e-06, 4.833000e-06, 3.258587e-06) (7.099710e-06, 7.276066e-06, 8.977218e-06) )
				((9.461207e-07, 4.979919e-06, 3.294826e-06) (6.963757e-06, 7.087450e-06, 9.432131e-06) )
				((2.986883e-07, 5.323609e-06, 3.004480e-06) (7.047055e-06, 7.759819e-06, 9.138817e-06) )
				((6.686761e-07, 5.095997e-06, 3.099549e-06) (7.027464e-06, 7.163553e-06, 9.270328e-06) )
				((6.308991e-07, 5.838062e-06, 2.470984e-06) (7.742634e-06, 6.644886e-06, 9.440438e-06) )
				((1.237342e-06, 6.123028e-06, 2.292149e-06) (8.405522e-06, 7.227838e-06, 8.945013e-06) )
				((1.507514e-06, 5.545697e-06, 2.592568e-06) (9.159151e-06, 7.338797e-06, 9.006760e-06) )
				((1.266859e-06, 5.705483e-06, 2.403746e-06) (9.840319e-06, 6.992823e-06, 8.462035e-06) )
				((7.707303e-07, 6.171551e-06, 1.927229e-06) (9.998367e-06, 5.887527e-06, 8.733059e-06) )
				((1.113443e-06, 6.414415e-06, 1.321060e-06) (9.611982e-06, 5.694488e-06, 8.834065e-06) )
				((1.199363e-06, 5.883390e-06, 1.156235e-06) (8.764112e-06, 5.891275e-06, 8.832750e-06) )
				((9.757274e-07, 5.486803e-06, 1.601714e-06) (8.662930e-06, 5.634504e-06, 8.391536e-06) )
				((5.513449e-07, 5.076588e-06, 1.881301e-06) (8.965879e-06, 5.580256e-06, 7.807313e-06) )
				((3.245283e-07, 4.392143e-06, 2.473025e-06) (8.879082e-06, 5.438634e-06, 6.838018e-06) )
				((4.409080e-07, 4.882438e-06, 1.751306e-06) (8.432072e-06, 5.717599e-06, 7.251524e-06) )
				((5.548362e-07, 4.866945e-06, 1.202801e-06) (7.909562e-06, 5.058075e-06, 7.245244e-06) )
				((5.712410e-07, 5.017212e-06, 4.446853e-07) (8.199673e-06, 5.513306e-06, 7.353386e-06) )
				((3.629441e-08, 4.612469e-06, 6.428228e-07) (9.047716e-06, 5.393630e-06, 6.546738e-06) )
				((4.749661e-07, 5.035822e-06, 2.456832e-07) (8.885247e-06, 6.358893e-06, 5.469452e-06) )
				((2.489557e-08, 4.916081e-06, 6.792266e-07) (9.034798e-06, 6.008435e-06, 5.004791e-06) )
				((3.126544e-07, 4.712136e-06, 1.090933e-06) (9.386896e-06, 6.210864e-06, 4.555635e-06) )
				((3.269265e-07, 4.714089e-06, 7.051808e-07) (9.175995e-06, 6.649736e-06, 4.251000e-06) )
				((4.388880e-07, 4.709210e-06, 1.139651e-08) (9.217413e-06, 7.333298e-06, 4.435924e-06) )
				((6.109258e-07, 4.676580e-06, 8.418989e-07) (9.989431e-06, 7.506007e-06, 4.455354e-06) )
				((2.454567e-07, 4.667468e-06, 1.636148e-06) (9.896037e-06, 7.852089e-06, 4.264915e-06) )
				((2.623014e-07, 4.790800e-06, 1.632506e-06) (9.939295e-06, 7.996242e-06, 3.818231e-06) )
				((1.489949e-07, 5.188935e-06, 1.016634e-06) (9.617484e-06, 7.614063e-06, 3.999874e-06) )
				((5.085329e-11, 4.792384e-06, 1.241768e-06) (9.432727e-06, 7.161966e-06, 4.037204e-06) )
				((6.125811e-07, 4.363075e-06, 1.870901e-06) (9.847201e-06, 7.291782e-06, 3.365817e-06) )
				((8.546361e-07, 4.188785e-06, 2.417494e-06) (9.407532e-06, 7.831543e-06, 4.392870e-06) )
				((1.273608e-06, 4.188889e-06, 2.035291e-06) (9.541392e-06, 7.286571e-06, 4.886036e-06) )
				((1.232022e-06, 3.609714e-06, 2.466484e-06) (9.950078e-06, 6.967705e-06, 4.562019e-06) )
				((1.063364e-06, 3.044869e-06, 2.136401e-06) (9.413843e-06, 6.495806e-06, 4.822897e-06) )
				((7.740578e-07, 3.421646e-06, 2.192996e-06) (9.760307e-06, 6.539210e-06, 5.521894e-06) )
				((6.657682e-07, 3.489666e-06, 1.555951e-06) (9.943199e-06, 6.397833e-06, 5.367331e-06) )
				((3.226433e-07, 3.537650e-06, 1.700621e-06) (9.485958e-06, 6.695153e-06, 6.112474e-06) )
				((6.361141e-07, 3.903274e-06, 1.316384e-06) (9.793103e-06, 6.069913e-06, 5.968063e-06) )
				((8.056830e-07, 4.253039e-06, 1.323151e-06) (9.548104e-06, 6.465309e-06, 5.469886e-06) )
				((8.127853e-07, 4.758046e-06, 1.586451e-06) (9.057439e-06, 6.741305e-06, 5.680304e-06) )
				((5.206949e-07, 4.639876e-06, 1.089025e-06) (8.940269e-06, 6.081717e-06, 5.942275e-06) )
				((6.223175e-07, 4.197388e-06, 8.158145e-07) (9.160277e-06, 6.023795e-06, 5.868286e-06) )
				((1.186137e-06, 4.582689e-06, 5.072689e-07) (9.437394e-06, 6.174873e-06, 6.402380e-06) )
				((1.267778e-06, 4.629304e-06, 4.195995e-07) (9.560273e-06, 5.828135e-06, 6.434184e-06) )
				((1.276629e-06, 4.481120e-06, 6.534159e-09) (9.741673e-06, 5.870558e-06, 5.719729e-06) )
				((1.330223e-06, 4.078763e-06, 1.028358e-07) (9.341967e-06, 5.686306e-06, 6.047129e-06) )
				((1.399965e-06, 4.315370e-06, 1.340271e-07) (8.873681e-06, 5.894190e-06, 6.440628e-06) )
				((1.150258e-06, 4.339152e-06, 1.643901e-07) (8.570421e-06, 6.401907e-06, 6.217580e-06) )
				((8.623284e-07, 4.199752e-06, 4.658338e-07) (8.289971e-06, 6.240560e-06, 5.894300e-06) )
				((9.419120e-07, 4.434430e-06, 1.057605e-06) (8.662327e-06, 6.072088e-06, 5.404426e-06) )
				((9.270789e-07, 4.656715e-06, 1.194976e-06) (8.390881e-06, 6.047960e-06, 5.637367e-06) )
				((7.454712e-07, 4.630818e-06, 6.357633e-07) (8.714704e-06, 5.958162e-06, 5.634315e-06) )
				((1.210689e-06, 4.372006e-06, 2.749048e-07) (7.843799e-06, 5.722154e-06, 4.846146e-06) )
				((1.421615e-06, 4.937437e-06, 5.364968e-08) (9.157649e-06, 5.674564e-06, 5.257728e-06) )
				((2.295428e-06, 4.620262e-06, 3.968816e-08) (9.385127e-06, 6.287432e-06, 5.943480e-06) )
				((1.922217e-06, 4.909558e-06, 5.466298e-08) (8.512920e-06, 6.486408e-06, 5.679072e-06) )
				((1.496050e-06, 5.067123e-06, 5.824127e-07) (8.630667e-06, 7.298153e-06, 5.876946e-06) )
				((1.480721e-06, 5.321525e-06, 1.418667e-06) (8.229508e-06, 6.740304e-06, 6.138367e-06) )
				((1.633232e-06, 4.783591e-06, 1.323057e-06) (8.628133e-06, 7.524311e-06, 5.702514e-06) )
				((1.387454e-06, 4.277061e-06, 1.077001e-06) (8.392008e-06, 7.170914e-06, 5.720377e-06) )
				((1.082558e-06, 3.739120e-06, 6.625699e-07) (8.030623e-06, 6.605939e-06, 5.821174e-06) )

