Realization 0:
	ActiveActor 9:
		1 
	ActiveActor 10:
		1 
	PassiveActor 0:
		MolID 0:
			Count:
				2500 2500 2500 2500 2500 2500 2500 2500 2500 2500 2500 2500 2500 2500 2500 2500 2500 2500 2500 2500 2500 2500 2500 2500 2500 2500 2500 2500 2500 2500 2500 2500 2500 2500 2500 2500 2500 2500 2500 2500 2500 2500 2500 2500 2500 2500 2500 2500 2500 2500 2500 2500 2500 2500 2500 2500 2500 2500 2500 2500 2500 2500 2500 2500 2500 2500 2500 2500 2500 2500 2500 2500 2500 2500 2500 2500 2500 2500 2500 2500 2500 2500 2500 2500 2500 2500 2500 2500 2500 2500 2500 2500 2500 2500 2500 2500 2500 2500 2500 2500 
		MolID 1:
			Count:
				1000 1000 1000 1000 1000 1000 1000 1000 1000 1000 1000 1000 1000 1000 1000 1000 1000 1000 1000 1000 1000 1000 1000 1000 1000 1000 1000 1000 1000 1000 1000 1000 1000 1000 1000 1000 1000 1000 1000 1000 1000 1000 1000 1000 1000 1000 1000 1000 1000 1000 1000 1000 1000 1000 1000 1000 1000 1000 1000 1000 1000 1000 1000 1000 1000 1000 1000 1000 1000 1000 1000 1000 1000 1000 1000 1000 1000 1000 1000 1000 1000 1000 1000 1000 1000 1000 1000 1000 1000 1000 1000 1000 1000 1000 1000 1000 1000 1000 1000 1000 
	PassiveActor 1:
		MolID 0:
			Count:
				737 757 730 729 714 710 715 747 738 763 727 735 722 732 752 742 755 769 748 741 714 718 708 731 737 749 750 760 790 750 744 760 738 745 748 768 728 736 755 746 729 730 778 778 758 746 770 754 758 746 754 773 751 772 776 781 757 735 756 733 694 728 711 759 759 768 781 737 750 738 714 733 711 711 717 758 733 756 706 726 713 717 687 702 712 710 690 711 695 713 665 711 703 713 721 728 728 732 724 734 
		MolID 1:
			Count:
				299 281 289 281 272 299 306 289 297 294 289 293 282 298 290 278 307 310 288 312 296 295 307 289 268 303 296 307 296 286 295 285 307 273 293 262 281 299 292 282 287 294 277 269 273 279 288 305 279 302 307 303 277 288 270 258 258 281 290 263 297 289 315 303 314 314 297 288 297 288 279 300 312 307 298 308 309 297 313 316 309 300 294 298 280 285 287 281 292 292 299 274 306 276 266 255 275 290 302 284 
	PassiveActor 2:
		MolID 0:
			Count:
				186 186 183 191 188 201 167 171 192 186 196 198 202 198 185 186 216 214 187 214 195 185 188 216 202 189 189 179 179 204 192 188 174 184 162 167 182 170 165 179 171 181 169 176 184 182 181 196 191 178 172 177 171 164 158 168 164 163 168 167 176 172 190 166 190 184 168 187 187 189 197 208 209 184 197 189 181 169 181 183 172 175 177 182 174 182 161 175 192 180 195 188 191 205 170 184 195 187 190 189 
		MolID 1:
			Count:
				68 70 74 73 70 80 79 72 69 72 71 70 81 74 83 70 64 79 78 64 70 68 63 72 78 66 74 73 86 95 88 89 71 80 76 80 88 64 74 80 91 90 79 79 76 86 68 77 71 81 82 77 76 56 64 85 83 76 77 76 63 70 72 52 70 60 73 72 71 59 68 65 74 68 58 84 72 73 67 75 81 77 78 67 71 74 68 80 72 77 72 70 77 74 77 74 80 83 72 86 
	PassiveActor 3:
		MolID 0:
			Count:
				11 12 13 11 13 15 9 11 7 10 9 9 16 9 10 8 10 18 12 12 10 11 9 14 10 8 12 13 9 11 9 9 11 7 11 14 10 13 12 10 8 10 12 11 5 11 5 4 6 11 6 10 10 14 10 10 9 12 7 9 10 10 13 8 6 6 8 14 10 10 16 10 10 18 13 11 12 10 9 13 16 6 16 12 15 10 7 7 8 7 7 11 10 12 12 14 9 14 2 11 
		MolID 1:
			Count:
				5 3 5 5 2 4 3 2 3 9 2 2 4 2 4 2 2 2 4 3 2 2 3 5 5 6 3 6 0 0 14 3 4 2 2 5 4 3 4 4 2 6 4 7 3 4 3 3 1 1 5 8 7 1 8 2 4 5 6 2 10 3 4 5 4 2 5 2 2 3 2 3 6 2 4 4 4 6 4 7 5 5 4 9 5 2 5 2 2 2 1 2 3 4 3 5 4 3 7 3 
	PassiveActor 4:
		MolID 0:
			Count:
				10 8 9 7 11 11 2 8 10 9 5 9 9 11 7 10 10 9 6 10 11 13 5 6 3 9 10 8 10 9 13 12 9 10 9 7 10 9 7 10 10 8 7 11 12 9 10 15 14 17 9 6 10 9 11 12 8 15 13 14 13 9 7 14 10 9 6 9 10 7 8 12 8 11 9 18 9 12 11 16 9 13 8 9 12 12 10 11 9 9 7 12 14 13 12 5 8 9 6 16 
		MolID 1:
			Count:
				0 4 5 3 2 5 5 7 4 2 2 7 3 5 3 3 8 2 5 3 5 4 9 5 6 1 3 4 9 2 6 3 2 1 8 6 7 3 4 4 5 6 3 8 5 4 2 4 4 6 3 3 2 3 6 2 2 9 5 7 5 1 7 5 4 5 4 7 4 7 5 2 4 3 4 7 5 2 5 0 3 5 8 9 1 5 3 3 2 3 8 5 7 2 6 5 1 3 4 3 
	PassiveActor 5:
		MolID 0:
			Count:
				95 83 74 81 80 78 85 67 90 81 93 81 73 87 88 82 79 84 62 71 65 62 70 76 61 78 71 72 86 82 80 74 69 80 84 92 99 98 85 83 77 75 82 86 84 79 84 98 83 89 85 81 90 101 79 73 83 73 75 84 80 93 83 90 98 81 96 85 85 92 83 85 73 74 78 69 72 77 70 76 72 72 70 69 77 73 84 98 92 78 86 75 80 68 66 80 92 78 84 73 
		MolID 1:
			Count:
				30 33 32 35 25 27 21 27 36 39 35 27 34 33 37 29 28 28 24 34 37 40 39 39 30 39 36 24 27 32 38 23 31 30 33 39 34 34 29 36 39 31 33 32 26 26 36 32 20 36 27 20 27 33 31 27 22 24 28 42 33 41 37 32 27 32 30 37 31 27 30 33 33 37 31 37 29 39 28 41 30 33 40 35 27 24 35 25 39 44 36 42 28 27 35 26 18 20 33 34 
	PassiveActor 6:
		MolID 0:
			Count:
				5 5 0 1 5 2 9 3 3 5 4 4 6 5 5 2 4 3 2 5 2 3 4 6 4 1 0 6 2 3 3 2 5 5 4 3 3 2 6 3 2 2 7 3 6 4 2 5 6 2 4 7 10 2 1 5 4 2 2 3 8 6 4 6 6 6 4 6 2 5 6 5 7 2 3 3 5 5 6 2 4 1 5 1 1 1 5 1 5 5 3 5 3 4 2 3 2 4 1 6 
		MolID 1:
			Count:
				1 3 3 5 3 1 0 0 0 0 2 0 0 1 1 0 1 0 5 2 1 2 0 2 3 2 3 1 1 2 1 2 2 3 0 3 1 0 1 3 3 2 1 0 3 1 2 3 2 2 1 1 0 1 2 3 1 2 1 3 3 2 3 1 1 1 0 2 0 1 2 1 2 1 1 0 1 4 1 2 3 1 4 3 2 2 2 2 2 2 0 1 2 0 1 3 0 0 4 4 
	PassiveActor 7:
		MolID 0:
			Count:
				3 3 2 5 4 2 1 3 0 1 1 1 0 3 0 2 2 3 1 0 2 0 0 2 2 3 0 2 4 2 0 1 0 2 1 2 4 2 7 1 2 2 1 3 0 0 1 1 1 5 0 1 0 0 1 2 1 5 1 0 1 4 1 1 3 0 2 1 2 2 0 0 1 0 1 0 1 1 0 3 0 2 2 2 2 4 1 2 1 3 6 4 1 1 2 4 1 3 2 0 
		MolID 1:
			Count:
				0 0 0 2 0 0 0 1 0 1 2 1 1 0 0 1 1 1 0 2 1 0 1 2 1 0 2 0 0 0 3 0 0 1 0 0 0 0 1 1 0 0 0 2 0 0 0 1 0 0 0 1 3 1 2 0 0 0 1 1 2 1 1 1 2 1 1 0 0 0 0 1 0 2 0 3 0 1 0 0 0 1 1 1 1 1 0 2 0 0 3 1 1 0 2 0 0 2 1 0 
	PassiveActor 8:
		MolID 0:
			Count:
				3 5 2 4 4 5 2 2 0 5 1 0 1 3 7 4 5 3 1 4 6 1 3 0 2 6 4 0 3 2 4 4 1 0 3 2 6 3 4 1 5 3 3 3 6 4 6 4 2 4 2 1 6 6 1 0 7 1 1 3 1 3 2 3 6 5 2 3 1 4 2 3 1 1 3 0 4 4 1 4 2 3 1 0 2 3 1 5 5 2 2 3 2 2 2 1 4 3 2 1 
		MolID 1:
			Count:
				2 2 3 3 0 0 0 0 1 3 1 0 0 1 3 3 1 1 1 1 0 2 1 2 0 1 1 0 3 0 3 0 0 1 1 2 1 1 0 1 2 1 1 1 0 0 1 4 1 1 3 3 0 1 4 2 1 2 0 3 1 3 1 0 1 2 3 0 0 0 0 2 2 1 3 0 1 0 2 0 1 1 0 2 1 1 2 1 1 3 2 1 2 3 1 1 0 0 1 0 

