Realization 0:
	ActiveActor 5:
		1 
	ActiveActor 6:
		1 
	PassiveActor 0:
		MolID 0:
			Count:
				2500 2500 2500 2500 2500 2500 2500 2500 2500 2500 2500 2500 2500 2500 2500 2500 2500 2500 2500 2500 2500 2500 2500 2500 2500 2500 2500 2500 2500 2500 2500 2500 2500 2500 2500 2500 2500 2500 2500 2500 2500 2500 2500 2500 2500 2500 2500 2500 2500 2500 2500 2500 2500 2500 2500 2500 2500 2500 2500 2500 2500 2500 2500 2500 2500 2500 2500 2500 2500 2500 2500 2500 2500 2500 2500 2500 2500 2500 2500 2500 2500 2500 2500 2500 2500 2500 2500 2500 2500 2500 2500 2500 2500 2500 2500 2500 2500 2500 2500 2500 
		MolID 1:
			Count:
				1000 1000 1000 1000 1000 1000 1000 1000 1000 1000 1000 1000 1000 1000 1000 1000 1000 1000 1000 1000 1000 1000 1000 1000 1000 1000 1000 1000 1000 1000 1000 1000 1000 1000 1000 1000 1000 1000 1000 1000 1000 1000 1000 1000 1000 1000 1000 1000 1000 1000 1000 1000 1000 1000 1000 1000 1000 1000 1000 1000 1000 1000 1000 1000 1000 1000 1000 1000 1000 1000 1000 1000 1000 1000 1000 1000 1000 1000 1000 1000 1000 1000 1000 1000 1000 1000 1000 1000 1000 1000 1000 1000 1000 1000 1000 1000 1000 1000 1000 1000 
	PassiveActor 1:
		MolID 0:
			Count:
				749 744 746 720 756 748 729 719 722 710 712 733 733 730 725 730 695 724 689 701 720 745 722 742 736 731 744 734 735 745 729 724 714 732 717 718 698 700 712 735 708 747 757 733 721 736 717 729 726 733 746 742 726 734 733 724 698 708 709 713 738 765 722 704 728 739 731 739 744 767 771 766 795 769 771 760 737 744 741 730 728 759 756 711 713 702 716 725 701 722 727 739 707 745 734 732 748 718 740 682 
		MolID 1:
			Count:
				294 289 286 276 290 289 289 313 296 302 274 275 272 283 295 292 295 294 274 312 291 309 290 307 298 278 305 299 295 289 282 303 286 309 284 287 294 289 295 296 291 302 278 299 295 295 296 316 303 301 316 309 291 328 326 301 304 336 304 289 289 299 301 281 287 279 287 286 290 291 295 298 289 288 282 287 285 284 283 299 295 274 287 303 302 291 292 273 289 274 288 285 289 297 304 307 292 297 296 299 
	PassiveActor 2:
		MolID 0:
			Count:
				160 159 164 192 180 168 187 168 180 185 179 167 178 194 197 192 190 181 172 204 190 191 178 186 182 173 181 195 190 154 165 182 195 182 196 182 214 180 160 178 185 182 189 182 174 180 191 171 184 168 169 185 181 177 170 182 182 182 171 188 202 197 189 182 174 184 159 156 155 171 176 181 184 179 167 165 176 165 177 186 169 164 167 168 165 157 169 178 163 172 185 174 175 185 181 196 187 199 190 195 
		MolID 1:
			Count:
				83 74 67 60 74 80 83 76 77 81 79 73 74 72 65 69 74 68 73 75 71 55 73 63 64 63 58 68 66 60 87 68 64 67 71 67 62 62 59 67 57 68 82 74 88 84 78 64 70 66 68 61 53 65 69 64 74 67 56 68 68 86 82 85 74 80 66 75 58 69 78 77 68 86 66 78 74 69 70 68 76 86 72 64 72 69 63 69 78 67 76 72 66 65 67 51 74 68 60 74 
	PassiveActor 3:
		MolID 0:
			Count:
				9 8 14 7 11 9 14 6 7 6 5 8 11 7 5 8 8 12 10 7 13 16 15 6 9 9 7 11 9 16 8 9 12 7 15 6 11 9 13 8 6 6 8 8 8 7 14 18 20 16 11 10 9 11 8 7 10 9 10 13 9 15 15 5 11 11 4 11 13 11 8 10 9 11 9 12 10 13 19 13 10 10 17 15 6 6 7 8 9 14 9 13 6 6 7 10 8 8 9 10 
		MolID 1:
			Count:
				1 5 2 5 5 4 3 2 4 4 1 5 5 4 3 2 6 3 3 6 1 6 1 3 7 4 8 4 10 4 4 6 1 3 2 7 6 5 2 2 4 6 5 2 4 6 4 6 3 2 2 0 9 5 3 7 3 3 6 5 5 3 3 3 7 4 6 4 0 5 5 3 7 2 5 3 7 2 8 1 4 5 2 4 2 4 3 6 2 5 4 5 5 6 4 7 6 4 4 3 
	PassiveActor 4:
		MolID 0:
			Count:
				8 15 14 11 15 5 8 7 7 10 13 11 9 5 6 13 12 8 9 5 11 5 9 12 12 9 14 6 5 9 8 9 12 10 9 4 7 7 11 12 12 10 7 8 7 9 13 3 10 8 10 9 10 3 10 12 12 8 14 12 10 8 10 12 8 12 7 11 13 7 13 9 10 12 9 11 12 12 5 11 14 9 11 10 12 9 11 7 14 13 11 13 17 5 13 15 10 11 11 7 
		MolID 1:
			Count:
				4 4 5 2 6 4 5 4 3 3 4 2 3 4 4 5 4 6 3 4 5 8 5 4 3 5 3 1 4 6 1 4 4 7 4 3 4 1 4 4 5 1 2 1 4 3 3 5 4 5 1 5 7 3 7 5 4 4 5 2 5 6 4 5 4 5 4 4 3 5 4 2 6 3 2 3 3 7 5 6 4 2 1 5 6 1 5 5 2 2 2 4 5 6 7 4 4 4 0 5 

