Realization 0:
	ActiveActor 0:
		1 
	PassiveActor 1:
		MolID 0:
			Count:
				0 0 1 4 6 12 15 17 25 27 31 34 30 34 37 36 33 35 32 33 33 30 27 26 24 26 27 23 17 15 12 13 11 11 8 9 10 10 9 9 9 6 7 5 3 2 3 0 1 0 1 2 0 0 0 1 1 1 1 1 1 1 0 0 0 0 0 0 0 0 0 0 0 0 0 0 0 0 0 0 0 0 0 0 0 0 0 0 0 0 0 0 0 0 0 0 0 0 0 0 
			Position:
				()
				()
				((1.128975e-06, -1.818546e-07, 1.345792e-07) )
				((1.312417e-06, 5.371774e-07, 2.870105e-07) (1.129763e-06, 2.864650e-08, -6.396353e-08) (1.102736e-06, -1.584964e-07, 4.815396e-08) (1.347127e-06, -5.725013e-07, -3.318720e-08) )
				((1.205010e-06, -4.810316e-08, -1.426704e-08) (1.009305e-06, -4.534509e-08, 1.025989e-07) (1.242175e-06, 2.360514e-07, 2.695399e-07) (1.497827e-06, 5.794732e-07, 2.471253e-07) (1.112180e-06, 9.676282e-08, 1.180340e-09) (1.693795e-06, -5.418032e-07, -2.682238e-07) )
				((1.077494e-06, -1.558691e-07, -8.485503e-08) (1.188607e-06, -4.812852e-07, -2.508775e-07) (1.297207e-06, -6.469611e-07, 1.002544e-07) (1.801457e-06, -3.542921e-07, -8.517700e-07) (1.148669e-06, -2.695661e-07, -1.467107e-07) (1.375036e-06, -1.174983e-07, -4.104641e-07) (1.250951e-06, 4.694209e-07, 4.124458e-07) (1.031227e-06, -1.032249e-07, 1.706165e-07) (1.236560e-06, -2.459663e-07, 1.185724e-07) (1.370582e-06, 2.498123e-07, 3.751721e-07) (1.901776e-06, 6.247233e-07, -1.576567e-07) (1.996176e-06, -4.518120e-07, -4.576282e-07) )
				((1.197812e-06, 6.392980e-08, -3.131950e-07) (1.061567e-06, -3.272717e-08, -1.792835e-07) (1.112979e-06, -6.436359e-08, -1.875515e-07) (1.141977e-06, 1.585172e-07, -1.909117e-08) (1.402359e-06, 1.392612e-07, -1.769382e-07) (1.356586e-06, -2.651646e-07, -4.026421e-08) (1.529538e-06, -2.193184e-07, -5.285395e-07) (1.327729e-06, -2.859691e-07, -4.585673e-07) (1.599941e-06, 3.164357e-07, -5.859376e-07) (1.445926e-06, 3.179942e-07, 3.185365e-07) (1.186550e-06, 3.694590e-08, 1.386163e-07) (1.159867e-06, -1.755330e-07, 3.199825e-07) (1.587486e-06, -8.897430e-09, 8.584818e-07) (2.433960e-06, 5.109829e-07, -2.713238e-07) (1.819941e-06, -5.985370e-07, -5.472396e-07) )
				((1.274236e-06, 5.620444e-07, -1.542586e-08) (1.544875e-06, -2.860969e-07, -6.404418e-07) (1.758165e-06, 5.006173e-07, 6.464346e-07) (1.484518e-06, -4.829289e-08, -6.567241e-07) (1.440745e-06, 2.121947e-07, 4.368344e-07) (1.626876e-06, 3.844903e-07, -8.242843e-07) (1.258324e-06, 3.023101e-07, -4.968527e-07) (1.266446e-06, 4.011087e-07, 4.423968e-07) (2.421880e-06, -2.412741e-07, -4.948922e-07) (1.442503e-06, -1.678612e-08, -5.307966e-07) (1.263228e-06, -1.013362e-07, -3.199376e-08) (1.069439e-06, 2.187441e-07, 1.069550e-07) (1.705439e-06, -2.736342e-07, -2.319300e-07) (1.635786e-06, -3.664773e-07, -5.119686e-07) (1.252031e-06, -3.621493e-08, -1.209143e-07) (1.762815e-06, 5.037541e-07, -6.408260e-07) (1.465884e-06, 2.526386e-07, -1.895968e-07) )
				((1.177344e-06, 1.776949e-07, -1.325347e-07) (1.300925e-06, -3.702179e-07, 3.609096e-07) (1.304338e-06, 6.750344e-07, -1.742219e-09) (1.573966e-06, -8.537855e-07, 3.070314e-09) (1.317847e-06, 2.361838e-09, 1.964375e-07) (1.335778e-06, 1.403116e-07, 2.707349e-07) (1.229105e-06, -5.355473e-07, 2.796730e-07) (1.542162e-06, 5.477120e-08, 2.056197e-07) (1.178406e-06, 4.794393e-07, -2.504799e-07) (1.264399e-06, 4.900397e-07, 4.567006e-08) (1.414692e-06, 7.068351e-07, -3.476060e-07) (1.874323e-06, -6.523201e-07, -7.000825e-07) (1.717207e-06, 2.559381e-07, 4.711371e-07) (1.406476e-06, 4.543210e-07, 3.206508e-07) (1.866913e-06, 3.794161e-07, -4.467486e-07) (1.694849e-06, 4.631603e-08, -2.194272e-07) (1.725347e-06, 7.247596e-07, 3.688953e-07) (2.231916e-06, -8.898372e-08, -3.360771e-07) (1.447086e-06, -2.516523e-07, -9.968594e-08) (1.329722e-06, -1.807841e-08, -1.252582e-07) (1.042077e-06, -9.587940e-09, -9.305981e-09) (1.530511e-06, -2.809059e-07, -1.880335e-07) (1.790691e-06, -1.188827e-07, -3.738792e-07) (1.357158e-06, -1.074574e-08, -1.259384e-07) (1.912300e-06, 4.361593e-07, -4.150696e-07) )
				((1.395834e-06, -4.485834e-07, -1.578568e-07) (1.278797e-06, 3.336293e-07, 4.572168e-08) (1.300731e-06, 1.012512e-07, -4.694344e-07) (1.199616e-06, -3.450271e-07, 1.385064e-07) (1.784320e-06, 7.844098e-07, 2.714265e-07) (1.524066e-06, 1.916431e-07, -7.498232e-07) (1.204620e-06, -1.712747e-07, 8.599095e-08) (1.630792e-06, -2.340972e-07, -8.897537e-07) (1.207165e-06, 1.865366e-07, -1.983100e-07) (1.345365e-06, -6.533133e-07, -4.091317e-08) (1.486784e-06, 2.105967e-07, 5.932788e-08) (1.486769e-06, 3.144895e-07, 3.188383e-07) (1.207968e-06, -4.290093e-07, 1.819996e-07) (1.403975e-06, 2.612949e-07, 2.197749e-07) (1.454546e-06, 1.668896e-07, 1.843744e-07) (1.210562e-06, 2.987252e-07, -1.566757e-09) (2.019628e-06, 7.168558e-07, 6.437078e-07) (1.760786e-06, 3.159346e-07, 4.891100e-07) (1.949045e-06, 6.886122e-07, -6.472218e-07) (1.789063e-06, 2.134112e-07, -4.215774e-07) (1.925494e-06, 3.506179e-07, 6.648745e-07) (2.290555e-06, -8.215919e-09, -3.869022e-07) (1.353799e-06, 6.299840e-08, -7.106907e-08) (1.504758e-06, 2.313472e-07, -4.380657e-07) (1.923289e-06, -1.419559e-07, -1.648700e-07) (1.152330e-06, -2.949778e-07, -2.959502e-07) (2.119537e-06, 5.442328e-07, -1.251028e-07) )
				((1.537926e-06, -5.891169e-08, 3.524334e-07) (1.442178e-06, -5.342068e-07, -7.227619e-08) (2.155844e-06, 6.484001e-07, 5.477028e-07) (1.095217e-06, 1.898408e-07, 9.980458e-08) (1.284619e-06, -2.000049e-07, -4.576371e-07) (1.576852e-06, 6.275632e-07, -4.769232e-07) (1.459036e-06, 1.615254e-07, 4.057665e-07) (1.337752e-06, 1.272624e-07, -3.330276e-07) (1.414849e-06, -4.850323e-07, -4.425761e-07) (1.407309e-06, 5.355773e-07, 8.331033e-08) (1.399618e-06, 2.507000e-07, -6.722302e-08) (1.235447e-06, -3.060974e-07, -3.356032e-07) (2.005154e-06, 6.679510e-07, 7.680632e-08) (1.973147e-06, -1.367014e-07, -2.393553e-07) (1.214212e-06, -1.617043e-07, -3.831272e-07) (1.557068e-06, 2.526093e-07, -1.867993e-07) (1.211192e-06, 4.698410e-07, 2.098779e-08) (1.285480e-06, 3.542581e-07, 4.248912e-07) (1.320085e-06, 2.616732e-07, 3.936814e-07) (1.629917e-06, -1.436263e-07, -2.503467e-09) (1.046710e-06, 1.935085e-07, 1.328419e-07) (2.062671e-06, 6.357902e-07, 5.365747e-07) (1.886916e-06, 3.705334e-07, 7.045445e-07) (1.779830e-06, 2.626556e-07, -1.688426e-07) (1.697751e-06, 1.542499e-07, 6.250855e-07) (2.157967e-06, 5.967150e-08, -4.042139e-07) (1.267582e-06, -1.068740e-07, 2.250569e-07) (1.416713e-06, 3.360194e-07, -5.998128e-07) (1.917403e-06, -2.066229e-07, -4.237183e-08) (1.251392e-06, -4.087199e-07, -2.233707e-07) (2.084545e-06, 7.500534e-08, 1.552391e-07) )
				((1.542047e-06, 1.627415e-07, -8.201554e-07) (1.746122e-06, -3.627138e-07, -8.562875e-07) (1.706362e-06, 3.283480e-07, 6.916238e-07) (1.607223e-06, -7.888670e-07, -1.557267e-07) (1.169682e-06, 1.442724e-07, -5.379733e-07) (1.231460e-06, -3.020996e-07, 1.783674e-07) (1.217895e-06, -5.944748e-08, 6.000761e-07) (1.780576e-06, 2.313727e-07, -7.092896e-07) (1.428816e-06, -2.151826e-07, 4.791196e-07) (1.336224e-06, 2.465615e-07, 1.769329e-07) (1.690225e-06, -3.216424e-07, -2.987757e-07) (1.244292e-06, 4.059870e-09, 4.055201e-07) (1.302409e-06, -8.006200e-08, -4.186033e-07) (1.860403e-06, 3.806651e-07, -4.281734e-07) (1.499772e-06, 2.584148e-07, 6.716429e-07) (1.698247e-06, 3.828096e-09, -4.314716e-07) (1.384653e-06, 6.120921e-07, 3.119040e-07) (1.281683e-06, 2.713963e-08, -8.223298e-08) (2.301658e-06, 2.944729e-08, -2.683866e-07) (1.183975e-06, 9.125129e-08, -3.142643e-07) (1.483502e-06, 2.163161e-07, -2.002306e-08) (1.430607e-06, 1.623109e-07, 3.866733e-07) (1.140611e-06, -9.062433e-08, 1.782888e-07) (1.910250e-06, 1.921604e-07, -4.099216e-08) (1.211780e-06, 6.436567e-08, -1.802178e-07) (2.055480e-06, 6.495037e-07, 2.781996e-07) (1.960415e-06, 2.263028e-07, 8.607405e-07) (1.652687e-06, 5.315823e-07, 9.598413e-08) (1.977539e-06, 4.016068e-07, 4.265233e-07) (2.067875e-06, 3.074979e-08, -5.675449e-07) (1.711181e-06, -3.039769e-07, 1.896950e-07) (1.762735e-06, 3.734374e-07, -8.602172e-07) (2.068977e-06, -3.020443e-07, 6.140960e-08) (1.840792e-06, 6.832115e-08, 7.265011e-08) )
				((1.097253e-06, -3.745870e-08, -1.148995e-07) (1.153603e-06, 1.565176e-07, 1.342751e-07) (1.499863e-06, -6.743718e-07, -3.894821e-07) (1.504678e-06, 2.732304e-07, -3.586097e-07) (1.658808e-06, 2.337235e-07, 6.838327e-07) (1.743518e-06, -6.978678e-08, 1.556144e-07) (2.147086e-06, 3.869453e-07, -7.156451e-07) (1.110408e-06, 3.694144e-07, 1.175270e-07) (1.804604e-06, -2.757300e-07, -1.554761e-07) (1.420488e-06, 4.230610e-07, -2.811261e-07) (1.640803e-06, 4.520732e-07, -6.701356e-07) (1.685633e-06, -3.246685e-09, 5.239484e-07) (1.925287e-06, 1.027551e-07, -2.605933e-07) (1.857447e-06, 7.689340e-07, 2.730443e-07) (1.361347e-06, -1.655605e-07, -4.220459e-07) (2.590371e-06, 1.707445e-07, -1.021711e-07) (1.450028e-06, 2.441893e-07, -9.123143e-08) (2.013112e-06, -8.730403e-08, 1.937278e-07) (1.404001e-06, 1.169599e-07, 1.790454e-07) (1.195752e-06, -2.488717e-07, 1.591107e-07) (1.753199e-06, 1.840798e-07, 6.129391e-08) (1.190109e-06, 1.117333e-07, -8.357140e-08) (1.792564e-06, 1.731718e-07, 7.547023e-07) (1.936948e-06, 4.393016e-07, 7.830816e-08) (1.888898e-06, 2.855879e-07, 4.819510e-07) (2.214519e-06, 2.193946e-07, 2.265275e-07) (1.523116e-06, -4.431066e-07, 5.130798e-07) (1.856930e-06, 2.133449e-07, -3.979492e-07) (1.838673e-06, -3.780535e-07, -5.961060e-08) (1.896540e-06, 1.383041e-07, 6.942808e-08) )
				((1.473028e-06, -5.678791e-07, -5.616581e-07) (1.327694e-06, -2.576029e-08, 3.754547e-07) (1.456515e-06, -2.795926e-07, -5.071516e-07) (1.384527e-06, 1.972558e-07, 9.742587e-08) (1.686681e-06, 9.334462e-07, 7.240690e-08) (1.145919e-06, -2.611577e-07, 4.121444e-07) (2.448957e-06, 7.457184e-07, 2.375557e-07) (1.109670e-06, 7.636895e-08, -6.267550e-08) (1.758853e-06, -6.456707e-07, -1.573531e-07) (1.419143e-06, -2.356598e-08, -7.390731e-07) (1.639878e-06, 2.198220e-07, 9.910685e-08) (1.923709e-06, 5.538177e-07, -6.365155e-07) (1.145026e-06, 2.210422e-07, 1.506244e-07) (2.096645e-06, -4.533743e-07, 1.517409e-09) (1.595772e-06, 3.864209e-07, -3.725763e-07) (1.665608e-06, 7.113833e-07, -4.791365e-07) (1.653749e-06, 4.455793e-08, 5.383160e-07) (1.522805e-06, -1.551786e-07, -7.513282e-07) (1.463454e-06, 7.255863e-07, 4.042036e-07) (1.465109e-06, -5.934039e-09, -4.644576e-07) (2.667426e-06, 2.977913e-08, -2.736722e-07) (1.548459e-06, 2.885509e-07, 3.997092e-07) (1.836279e-06, -5.385814e-07, 6.887854e-07) (1.272080e-06, -1.113730e-08, 3.810135e-07) (1.163597e-06, -1.061267e-07, -1.056433e-07) (1.521756e-06, 3.112020e-07, -2.404401e-07) (1.302867e-06, 2.399542e-07, 1.811941e-07) (1.924254e-06, 5.122879e-07, 3.839909e-08) (2.242642e-06, 5.816194e-07, 6.074376e-07) (2.052521e-06, 5.895011e-07, 6.934396e-08) (1.761616e-06, -5.093847e-07, 5.485009e-07) (1.591305e-06, 1.215940e-08, -3.695258e-07) (1.964207e-06, -5.232070e-07, -2.484648e-07) (2.009946e-06, 3.012495e-07, 4.365213e-08) )
				((1.262730e-06, 5.264970e-07, 2.753724e-07) (2.421128e-06, -7.313874e-07, -3.362720e-07) (2.469389e-06, 6.035700e-07, -6.256795e-07) (1.375913e-06, -2.209303e-07, -2.629288e-07) (2.135144e-06, -5.355935e-07, -8.201752e-07) (1.220717e-06, 2.748573e-07, 2.135513e-07) (1.481113e-06, 4.273490e-07, 7.064794e-07) (1.936505e-06, -6.909787e-07, -6.657034e-07) (1.458100e-06, 1.841724e-07, 3.604927e-07) (1.544838e-06, -3.669109e-07, -3.384935e-07) (1.812426e-06, 2.711165e-07, 2.475529e-07) (1.833766e-06, 8.696068e-07, 3.149547e-07) (1.158084e-06, -3.192326e-07, 3.444221e-07) (2.698176e-06, 4.803684e-07, -3.206393e-08) (1.216055e-06, -8.839618e-08, -4.013347e-07) (1.841546e-06, -7.067742e-07, 9.303785e-08) (1.640727e-06, 8.810158e-08, -5.983586e-07) (1.675345e-06, 4.522680e-07, 2.552498e-07) (1.728269e-06, 4.078330e-07, -2.602633e-07) (1.490120e-06, 1.677246e-07, 1.678486e-07) (2.046869e-06, -6.157418e-07, -4.394767e-07) (1.833542e-06, 4.272529e-07, 1.525661e-08) (1.617350e-06, -2.819756e-07, 6.572741e-07) (1.744943e-06, 1.927482e-07, -5.702628e-07) (1.732090e-06, 5.796377e-07, 3.816634e-07) (2.002503e-06, 2.327644e-07, 4.051139e-07) (1.993329e-06, -6.441364e-07, 6.434344e-07) (1.598724e-06, -9.652088e-08, 3.579979e-07) (1.225546e-06, -6.605756e-08, -4.747766e-07) (1.570484e-06, 2.474012e-07, -4.112106e-07) (1.743754e-06, 2.200762e-07, -3.268935e-07) (2.224110e-06, 5.361445e-07, -1.099025e-07) (2.222551e-06, 8.688726e-07, -2.406902e-08) (1.618967e-06, -5.203105e-07, 6.204431e-07) (2.107816e-06, 4.950905e-09, -6.409598e-07) (1.704382e-06, -5.587518e-08, -1.192401e-07) (2.278416e-06, 4.713982e-07, 2.734377e-07) )
				((1.798770e-06, -5.777273e-07, -4.776433e-07) (1.104539e-06, 1.588709e-07, -1.442862e-07) (1.825276e-06, -6.814415e-07, -3.771161e-07) (1.456240e-06, 2.801891e-07, -7.431108e-07) (1.918063e-06, 6.969922e-07, -1.144202e-07) (1.566640e-06, -5.722810e-07, -2.857293e-07) (2.477813e-06, 3.589550e-07, -7.100087e-07) (1.545758e-06, 8.844475e-08, -4.626982e-07) (1.598911e-06, -9.117869e-08, -8.213282e-07) (1.248590e-06, 2.194256e-07, 5.512724e-07) (1.590972e-06, 4.153834e-07, 4.375247e-07) (1.802526e-06, 2.277176e-07, 4.952463e-07) (1.480883e-06, -3.915429e-07, -1.519096e-07) (1.855675e-06, 6.742156e-07, 2.136730e-07) (1.566872e-06, -5.153749e-07, 4.358819e-07) (1.471797e-06, 1.227426e-08, -4.698730e-07) (1.892514e-06, -5.592620e-07, 6.121522e-07) (1.612035e-06, 4.261093e-08, -3.714182e-07) (2.085599e-06, 3.518429e-07, 3.077523e-08) (1.687914e-06, 2.714357e-07, -1.218584e-07) (1.379371e-06, -2.926342e-07, 1.320895e-07) (1.893967e-06, 2.656440e-07, -2.659059e-07) (2.011986e-06, -4.229905e-07, 7.661190e-07) (1.777674e-06, -7.502155e-08, -6.842343e-07) (1.921583e-06, 5.092430e-07, 8.166303e-07) (2.085288e-06, 5.424448e-07, 1.404271e-07) (2.159725e-06, -2.185556e-07, 4.655648e-07) (1.632190e-06, -2.496307e-07, 3.675628e-07) (1.523906e-06, -7.346644e-09, -1.915756e-07) (1.791761e-06, 1.450560e-07, -1.209375e-07) (2.096436e-06, 6.316096e-07, -3.393089e-07) (2.094257e-06, 6.323912e-07, 1.791603e-07) (1.701618e-06, -5.185597e-07, 3.353100e-07) (2.055344e-06, 2.605297e-08, -4.113592e-07) (1.583286e-06, 3.325902e-07, -2.586752e-07) (2.124713e-06, 4.362954e-07, 1.255844e-07) )
				((2.170708e-06, -8.855220e-07, 1.704256e-08) (1.461759e-06, -3.829910e-07, -5.337172e-07) (2.079318e-06, 8.368016e-07, -5.155994e-07) (1.383725e-06, -7.616615e-08, -9.943735e-08) (2.047060e-06, -7.789433e-07, -5.780486e-07) (1.264413e-06, 1.745347e-07, -2.182410e-07) (1.804857e-06, -3.316355e-07, -3.025766e-07) (1.887502e-06, 4.282429e-07, -1.721588e-07) (1.302480e-06, -5.646681e-07, -2.608829e-07) (1.603721e-06, 6.257585e-08, -5.856826e-07) (1.702040e-06, -2.033662e-07, -5.536381e-07) (1.370386e-06, 1.478314e-07, 4.218713e-07) (1.462477e-06, 1.513531e-07, 7.308200e-07) (1.642387e-06, 1.061487e-07, 2.465384e-07) (1.410474e-06, -3.754878e-07, -4.667125e-07) (1.777653e-06, 8.073390e-07, 3.941117e-07) (1.359326e-06, -3.642605e-07, 3.615953e-07) (1.853020e-06, -4.188643e-07, -3.561206e-07) (1.896506e-06, 3.615908e-07, -1.736406e-07) (2.016316e-06, 1.686354e-07, -5.258545e-07) (1.554131e-06, 1.028336e-07, 5.084035e-07) (2.164739e-06, 1.164091e-07, -3.128911e-07) (2.297763e-06, 3.156066e-07, -1.550524e-07) (2.242526e-06, 3.007306e-09, 4.931972e-08) (1.766473e-06, -3.120538e-07, 2.432849e-07) (1.258733e-06, 2.398876e-08, -2.244596e-07) (1.719596e-06, -5.270159e-08, -3.547447e-08) (2.179496e-06, 7.124207e-07, -2.251021e-07) (2.258768e-06, 7.201318e-07, 3.779171e-07) (1.673499e-06, -4.273239e-07, 5.900150e-07) (1.984230e-06, 1.017366e-07, -3.717667e-07) (1.775693e-06, -2.401101e-08, -1.110299e-07) (2.113145e-06, 2.160916e-07, 2.639027e-07) )
				((1.553367e-06, 8.682597e-08, 7.960255e-07) (1.167389e-06, -4.654733e-07, -2.782203e-07) (1.678359e-06, 2.641183e-07, 8.516046e-07) (1.364492e-06, 2.107100e-07, 5.044222e-07) (2.609441e-06, -6.669005e-07, -1.754015e-07) (2.676767e-06, 1.256407e-07, 5.964584e-07) (1.422424e-06, -5.885720e-07, 4.399145e-07) (1.942913e-06, -8.751698e-07, 2.084337e-07) (1.537584e-06, -6.084889e-07, -4.805297e-07) (1.435509e-06, 2.135599e-07, -2.345838e-07) (2.095531e-06, -7.015728e-07, -5.259676e-07) (1.687044e-06, -1.676402e-07, -2.670235e-07) (1.934401e-06, -6.389468e-07, -4.290323e-07) (2.285258e-06, 2.683112e-07, -3.231067e-07) (1.409632e-06, -6.535728e-07, -4.680411e-07) (1.523338e-06, -1.248789e-07, -4.698511e-07) (1.461660e-06, -1.786422e-08, -6.044187e-07) (1.299453e-06, 3.336497e-08, 4.047072e-07) (1.811180e-06, 3.377611e-08, -1.151632e-08) (1.510233e-06, -7.453946e-07, -8.742530e-08) (1.580369e-06, -3.446947e-07, -4.657811e-09) (1.764181e-06, -4.201381e-07, -6.571339e-07) (2.006024e-06, 3.709851e-07, -2.135401e-08) (2.070861e-06, 8.515469e-08, -3.262871e-07) (2.036404e-06, 3.204618e-07, 2.590850e-07) (2.339354e-06, 3.811128e-07, -2.557101e-07) (1.963414e-06, -1.619316e-07, 8.725962e-08) (1.603735e-06, -4.983246e-07, -3.210321e-08) (1.523958e-06, -2.345027e-07, -3.339450e-07) (2.334947e-06, 7.879016e-07, -3.790739e-07) (2.022748e-06, 3.961005e-07, -5.756653e-08) (1.908421e-06, -6.277947e-07, 6.358720e-07) (1.422129e-06, 3.357451e-07, -4.425235e-07) (1.712308e-06, 1.372541e-07, -5.603325e-09) (1.890907e-06, -1.112887e-07, 2.865138e-07) )
				((1.870720e-06, 1.957398e-07, 9.610510e-07) (1.320020e-06, 6.883846e-07, -1.078252e-07) (2.316703e-06, 6.890620e-07, -6.206395e-07) (1.190088e-06, 7.529078e-08, -1.017439e-07) (1.364418e-06, -4.431944e-07, -5.645337e-07) (1.568801e-06, 3.533040e-07, 8.044680e-07) (1.562324e-06, 4.741639e-07, 1.225544e-07) (2.560984e-06, -5.773181e-07, -6.780790e-08) (1.271198e-06, -2.060044e-07, 4.734184e-07) (1.885983e-06, -7.399127e-07, 3.603576e-07) (1.219655e-06, 9.883910e-08, -3.619984e-09) (2.055374e-06, -3.441403e-07, -3.926607e-07) (1.842223e-06, -1.756986e-07, 8.122416e-08) (2.329951e-06, -7.385359e-07, -5.390849e-07) (2.344655e-06, 4.634081e-07, -4.850527e-07) (1.942796e-06, -3.464461e-07, -6.856655e-07) (1.529977e-06, 3.097567e-08, -4.662060e-07) (1.310345e-06, 4.877496e-07, 4.404640e-07) (1.556850e-06, -2.432334e-07, 1.286723e-07) (1.730290e-06, 2.208943e-07, -3.648404e-08) (1.993472e-06, -2.533922e-07, -4.059678e-07) (2.034752e-06, 3.045991e-07, 2.222186e-07) (2.281716e-06, 2.178251e-07, -4.383275e-07) (2.254527e-06, 1.229430e-07, 2.065145e-07) (2.614546e-06, 2.567555e-07, 2.671504e-07) (2.084910e-06, -4.202719e-07, 3.233888e-07) (1.833598e-06, -6.483481e-07, -3.758452e-07) (1.930854e-06, 3.203713e-07, 5.030042e-09) (1.755529e-06, -7.300125e-07, 3.030224e-07) (1.382147e-06, 3.274553e-07, -6.624852e-07) (1.710858e-06, -2.306297e-07, 3.387665e-07) (2.162593e-06, -1.674765e-07, 3.325203e-07) )
				((1.238102e-06, -1.466267e-07, 4.198062e-07) (1.713410e-06, -7.145513e-07, 6.347385e-07) (1.995294e-06, -5.081892e-07, -2.169350e-07) (2.111442e-06, -7.822279e-07, -4.523547e-07) (1.574530e-06, -6.942159e-07, -1.852201e-07) (1.644594e-06, -2.704317e-07, -8.155493e-07) (2.403930e-06, 8.374567e-07, -2.697256e-07) (2.045293e-06, 5.251869e-07, -6.044760e-07) (1.316097e-06, 2.947710e-08, -3.702704e-07) (1.536599e-06, -4.222039e-07, -6.383536e-07) (1.502698e-06, 2.640597e-07, 5.827134e-07) (1.661947e-06, 4.091990e-07, 3.302485e-07) (2.420468e-06, -4.891378e-07, -2.027694e-07) (1.224980e-06, -3.005584e-07, 3.033757e-07) (2.049153e-06, -5.832541e-07, 4.104637e-07) (1.299587e-06, 7.990312e-08, -1.287341e-07) (2.324351e-06, -4.079312e-07, -4.546325e-07) (1.849429e-06, 1.940114e-07, 2.306814e-07) (2.429821e-06, -5.997971e-07, -4.003491e-07) (1.944913e-06, -1.899330e-07, -8.716054e-07) (1.318567e-06, 1.677569e-07, -2.914904e-07) (1.688715e-06, -3.888286e-07, 4.272306e-07) (1.924735e-06, 1.667746e-07, -5.272281e-08) (2.210697e-06, -3.640074e-07, -3.649862e-07) (1.938029e-06, 4.708361e-07, 5.382728e-07) (2.254662e-06, 4.718568e-07, -5.300911e-07) (2.022633e-06, 7.419268e-07, 8.973007e-08) (1.883358e-06, -3.910801e-07, 4.455772e-07) (2.315665e-06, -9.056561e-07, -1.332244e-07) (2.146933e-06, -9.678462e-09, 2.752120e-07) (1.483625e-06, -6.339570e-07, 2.611343e-07) (1.806920e-06, -1.546508e-07, 4.156195e-07) (2.201137e-06, 1.016386e-07, 1.663826e-07) )
				((1.479867e-06, 1.105041e-08, -6.836222e-07) (1.933602e-06, 6.835613e-07, 4.409366e-07) (1.567032e-06, 7.644027e-07, -3.443347e-07) (1.640091e-06, 4.140589e-07, -6.934262e-07) (1.282195e-06, 2.921247e-07, 4.560586e-07) (1.417939e-06, -6.440007e-07, 4.507385e-07) (1.996728e-06, -6.494872e-07, -2.915809e-07) (2.373380e-06, -7.062100e-07, -3.520441e-07) (2.148109e-06, 1.885905e-07, -8.769897e-07) (2.276241e-06, 6.939522e-07, -4.803845e-08) (1.861744e-06, 3.644265e-07, -7.921816e-07) (1.439552e-06, 6.901742e-08, -3.495592e-07) (1.933591e-06, -7.013351e-07, -3.147581e-07) (1.518115e-06, 5.467157e-08, 5.573681e-07) (1.705235e-06, 3.606609e-07, 1.494181e-07) (2.280651e-06, -3.870963e-07, -4.317234e-07) (1.257883e-06, 1.125044e-08, -1.185251e-07) (2.361073e-06, 5.193134e-08, -8.896267e-07) (2.059074e-06, 2.575792e-07, 9.137141e-08) (2.056563e-06, -4.513378e-07, -3.602863e-07) (2.111189e-06, -4.584292e-07, -4.795777e-07) (1.374174e-06, -5.922516e-09, -5.568085e-08) (1.786663e-06, -4.432987e-07, 4.730867e-07) (1.829400e-06, 7.104592e-08, 5.673339e-08) (2.403373e-06, 1.935153e-08, 2.105855e-07) (1.665515e-06, 5.443617e-07, 5.628488e-07) (2.221359e-06, 1.537956e-07, -1.399434e-07) (2.345292e-06, 4.740871e-07, 1.193559e-08) (1.693986e-06, -7.867136e-07, 3.290309e-07) (2.264710e-06, -4.897108e-07, 1.527044e-07) (1.356212e-06, -3.145686e-07, -2.023916e-07) (1.799279e-06, -3.472728e-07, 3.197758e-07) (2.137452e-06, 1.825567e-07, -3.959958e-08) )
				((1.104725e-06, -2.554908e-07, -3.354724e-07) (1.236173e-06, 1.892047e-09, 2.001566e-07) (1.509221e-06, -8.267307e-07, -9.165221e-08) (1.997151e-06, -9.163555e-07, 2.315361e-07) (1.465350e-06, 4.652269e-07, 2.469066e-07) (1.486106e-06, 4.411661e-07, -3.836728e-07) (1.513221e-06, 2.558665e-07, 6.888931e-07) (1.519549e-06, 7.655016e-07, 5.198012e-08) (2.294684e-06, -4.374948e-07, -4.959106e-08) (2.446860e-06, 1.513335e-07, -6.960817e-07) (2.341486e-06, 7.826700e-07, 4.269657e-08) (1.810354e-06, 4.545474e-07, -8.130331e-07) (1.951737e-06, -7.144243e-09, -9.180183e-08) (1.852753e-06, -7.390001e-07, -5.264648e-07) (2.181595e-06, 1.975355e-08, 3.905025e-08) (2.325481e-06, -1.990146e-07, -3.386153e-07) (1.176227e-06, 1.329332e-07, -1.552109e-08) (2.112377e-06, 7.623465e-07, 1.514253e-07) (1.694568e-06, -2.868454e-07, -3.462807e-07) (2.246672e-06, -6.483319e-07, -5.357359e-07) (1.536951e-06, 2.569732e-07, -1.973447e-07) (1.874840e-06, 6.895713e-07, -1.777509e-07) (2.712094e-06, 3.532639e-07, 4.514082e-07) (1.652303e-06, -8.652208e-08, 6.219489e-07) (1.855875e-06, 8.853135e-08, 3.312891e-08) (2.565626e-06, 4.083368e-07, 2.644444e-07) (2.174567e-06, -3.742935e-07, -1.038744e-07) (1.409994e-06, -2.940011e-07, -3.756662e-09) (2.193449e-06, -5.937400e-07, 2.546254e-07) (2.322418e-06, -1.818369e-07, -2.315683e-07) )
				((2.542076e-06, 6.695564e-08, 6.732218e-07) (2.114090e-06, 4.702907e-07, 1.130881e-07) (1.815626e-06, -3.722585e-07, 2.805378e-07) (1.885113e-06, -7.026866e-07, -2.624209e-07) (2.031427e-06, -5.623968e-07, 4.252665e-07) (1.420060e-06, 2.626672e-07, 2.809145e-07) (1.587688e-06, 6.850559e-07, -5.729687e-07) (1.945578e-06, 7.396026e-07, 3.744629e-07) (2.306601e-06, -5.901959e-07, -1.074670e-07) (2.245264e-06, 1.104125e-07, -7.137814e-07) (2.070000e-06, 4.663437e-07, 5.075004e-07) (1.740014e-06, 6.921983e-09, 2.618316e-08) (1.857248e-06, -7.880848e-07, -4.849730e-07) (2.341425e-06, 2.418923e-07, -5.336269e-08) (2.462691e-06, -4.945558e-07, -5.925402e-07) (1.558925e-06, 4.701689e-07, 1.264821e-07) (1.938112e-06, 8.778539e-07, -1.594280e-07) (1.762618e-06, -1.932360e-07, -4.622149e-07) (1.576333e-06, 2.957991e-07, -3.861378e-07) (1.857035e-06, 6.459992e-07, -3.052484e-07) (1.871921e-06, -4.863504e-07, 4.858062e-07) (2.041432e-06, 1.121892e-07, 2.298835e-07) (2.894394e-06, 1.899142e-07, 2.115751e-07) (1.892876e-06, -5.289881e-07, 1.051653e-07) (1.219502e-06, -7.287555e-08, 1.284737e-07) (2.135859e-06, -9.793676e-07, 1.429310e-07) (2.192896e-06, -3.689070e-07, -1.889518e-07) )
				((1.684407e-06, -4.812973e-07, -7.561900e-07) (1.621798e-06, -3.958294e-07, -6.921121e-07) (1.614119e-06, -6.709865e-07, 4.569100e-07) (1.432213e-06, -2.859012e-08, 3.203042e-07) (2.174636e-06, 7.042765e-07, -5.719550e-07) (2.486316e-06, 3.950371e-07, 5.946680e-07) (2.377631e-06, 4.812505e-07, 9.704689e-08) (1.943209e-06, -3.817891e-07, 5.973793e-07) (2.317770e-06, -5.352778e-07, 8.453200e-08) (1.439144e-06, 1.608652e-07, -6.321437e-08) (2.130546e-06, -4.407048e-07, -1.309682e-07) (2.517839e-06, 2.785913e-07, -1.798043e-07) (2.652698e-06, 4.953762e-07, 3.794156e-07) (1.429034e-06, 1.485003e-07, 2.018771e-07) (2.389267e-06, 9.529720e-08, -2.961656e-07) (2.615903e-06, -2.521533e-07, -2.954260e-07) (1.797750e-06, 3.866260e-07, 3.731280e-07) (1.501749e-06, -3.103713e-07, -4.993631e-07) (1.787763e-06, 3.170896e-07, -4.425752e-07) (2.009895e-06, 7.011676e-07, -1.659311e-07) (1.791306e-06, -2.293541e-07, 2.864697e-08) (2.000918e-06, 2.655707e-07, -3.989887e-08) (2.145525e-06, -7.132010e-07, -9.723171e-08) (1.346530e-06, -3.360314e-08, -9.120533e-08) (2.063683e-06, -8.505380e-07, 8.706407e-08) (2.137821e-06, -2.915902e-07, -3.579230e-07) )
				((2.059144e-06, -3.604949e-07, -6.562072e-07) (1.366601e-06, -5.379555e-07, -1.307885e-07) (1.595818e-06, 4.191198e-07, -7.457303e-07) (2.861815e-06, 1.521723e-07, 3.345480e-07) (1.598370e-06, -1.397724e-07, -8.685097e-07) (1.764305e-06, -6.518747e-07, -4.681527e-07) (2.700802e-06, 5.981724e-07, 1.444180e-08) (1.543617e-06, -4.751918e-07, 6.190225e-07) (1.626084e-06, 7.105176e-07, 1.785516e-07) (2.089108e-06, -4.947023e-07, -2.652490e-08) (2.671793e-06, -2.436074e-08, -2.063614e-07) (2.678247e-06, 2.583436e-07, 1.868137e-07) (1.635318e-06, 4.176781e-07, -1.092638e-08) (1.895054e-06, -5.004935e-08, -3.704362e-07) (2.387277e-06, -4.299513e-07, -7.390482e-07) (1.436792e-06, 5.585774e-07, 4.196808e-07) (2.039071e-06, 4.823394e-07, 3.185023e-08) (2.361498e-06, 4.749594e-07, 3.477856e-07) (2.284425e-06, -4.881377e-07, -9.636983e-08) (1.764132e-06, 3.320629e-07, 1.231851e-07) (1.979147e-06, -7.170413e-07, -3.895774e-07) (1.597498e-06, -1.301897e-07, -1.109619e-07) (1.919989e-06, -8.135650e-07, 1.222649e-07) (2.324235e-06, -3.833076e-07, -5.539687e-07) )
				((1.565692e-06, -1.627161e-07, 6.661827e-07) (1.939280e-06, -9.560107e-07, 1.263899e-07) (2.419161e-06, 8.307945e-07, 3.426017e-07) (1.280452e-06, -8.873910e-08, 4.418761e-07) (2.193831e-06, -9.347553e-07, -1.098236e-07) (1.854774e-06, -6.119259e-07, -5.527651e-07) (1.678697e-06, -6.338289e-07, 8.248255e-08) (1.981636e-06, 3.104463e-07, -7.565095e-07) (2.908866e-06, 4.176681e-08, 9.219178e-08) (1.890999e-06, -1.828882e-07, -8.872978e-07) (1.428353e-06, -6.370528e-07, -1.426572e-07) (1.654727e-06, -2.198973e-07, 7.907178e-07) (1.972072e-06, -5.942713e-07, 2.552922e-08) (2.610189e-06, -4.146447e-08, -9.844711e-08) (2.546503e-06, 4.213673e-07, 1.535471e-07) (1.585150e-06, 2.573270e-07, 7.442408e-08) (2.067099e-06, 7.949797e-08, -5.715522e-08) (1.676918e-06, 7.791483e-07, 1.682762e-07) (1.833572e-06, 4.673932e-07, 2.979022e-07) (2.294884e-06, 3.732308e-07, 2.310983e-07) (2.440938e-06, -5.928619e-07, -3.786063e-07) (1.428010e-06, 4.770521e-07, 3.454821e-07) (2.091105e-06, -5.988229e-07, -1.636478e-07) (1.480507e-06, -2.550685e-07, -2.838816e-07) (2.192011e-06, -8.668778e-07, -6.917865e-08) (2.373539e-06, -2.884324e-07, -3.290252e-07) )
				((2.797344e-06, 2.935871e-07, -4.802795e-07) (2.894431e-06, 1.199611e-07, -9.078095e-08) (1.396224e-06, 5.592428e-07, -5.427907e-08) (1.869854e-06, -1.610642e-07, 8.476995e-07) (2.476545e-06, 6.173174e-07, -3.896190e-07) (2.234703e-06, -2.452520e-07, 6.151820e-07) (1.685349e-06, -8.535127e-07, -3.901319e-07) (1.135183e-06, 5.045279e-08, 1.595372e-07) (2.547890e-06, -5.377308e-07, 1.856237e-07) (1.744798e-06, -3.734036e-07, 2.574553e-07) (2.048141e-06, 1.660180e-07, -7.167686e-07) (2.954493e-06, -4.672452e-08, 1.113612e-07) (1.924894e-06, -2.147953e-07, -7.892136e-07) (1.629289e-06, -7.603060e-07, -1.807285e-07) (1.855937e-06, -4.942491e-07, 2.019816e-07) (2.743698e-06, -4.456933e-08, 1.168062e-07) (2.507861e-06, 7.270129e-07, -2.727132e-08) (2.000866e-06, 5.153371e-07, 3.448544e-07) (1.699093e-06, -1.155261e-07, -3.757249e-08) (1.618210e-06, 6.257529e-07, 3.042097e-08) (2.153170e-06, -4.571659e-08, -3.529701e-07) (2.203108e-06, 3.231289e-07, -5.711770e-08) (2.318480e-06, -4.338386e-07, -6.002662e-08) (1.454815e-06, 5.253262e-07, 6.057234e-07) (2.195825e-06, -7.232263e-07, -2.417882e-07) (1.709481e-06, -3.239854e-07, -8.344331e-07) (2.583630e-06, -3.079900e-07, -2.893099e-07) )
				((1.804093e-06, -7.669231e-07, -3.651999e-07) (2.112499e-06, 8.405185e-07, 1.634055e-07) (2.878036e-06, 2.769010e-07, 8.942654e-08) (1.442138e-06, 7.756861e-07, 7.454462e-08) (1.742075e-06, 1.366716e-07, 9.056572e-07) (2.262345e-06, 6.993665e-07, -2.713883e-07) (2.297723e-06, -3.517768e-07, 3.659922e-07) (1.437993e-06, -6.379111e-07, -2.192102e-07) (2.512497e-06, -2.430429e-07, -1.045429e-08) (2.201922e-06, -2.215281e-07, -2.456922e-07) (1.968001e-06, 2.208872e-08, -5.988480e-07) (1.992026e-06, -8.944199e-07, -4.100232e-07) (1.834768e-06, -4.604565e-07, 4.764440e-07) (2.721621e-06, -3.956090e-07, 4.007542e-07) (2.527818e-06, 6.624364e-07, -4.539191e-07) (2.133448e-06, 5.584871e-07, 3.779523e-07) (1.582369e-06, -4.413269e-07, -2.147326e-07) (1.533708e-06, 7.110958e-07, 6.735884e-09) (1.959791e-06, -3.105511e-07, -1.812167e-07) (2.042835e-06, 2.373323e-08, -9.729727e-08) (1.481497e-06, 1.296193e-07, 2.510622e-07) (2.172262e-06, -8.288193e-07, -2.045170e-07) (1.612928e-06, -7.404395e-08, -5.376057e-07) )
				((1.237508e-06, 2.228436e-07, 5.941465e-07) (1.956355e-06, -3.900332e-07, -7.920045e-07) (2.084122e-06, -6.997900e-07, -1.940798e-07) (1.596619e-06, 8.489438e-07, -1.830177e-07) (2.193879e-06, 4.028071e-07, -2.518133e-07) (1.436422e-06, -5.538939e-07, -3.148980e-08) (2.413416e-06, -2.112949e-07, -1.293444e-07) (1.882097e-06, -5.745026e-07, -7.135231e-07) (2.021896e-06, 3.858217e-07, -8.690889e-07) (1.781587e-06, -1.102730e-07, 7.564833e-07) (2.576283e-06, -3.414543e-07, 4.395811e-07) (2.415962e-06, 5.219848e-07, -2.343234e-07) (2.132723e-06, 4.668843e-07, 7.268083e-07) (2.019245e-06, -2.712171e-07, 4.448847e-08) (2.052896e-06, 1.724038e-07, 1.601974e-07) (1.471027e-06, 1.435545e-09, 4.933584e-07) (1.272542e-06, -2.245656e-07, -5.711090e-08) )
				((1.445289e-06, -4.503939e-07, 4.464838e-08) (2.299565e-06, -4.947086e-07, -5.419327e-07) (2.503489e-06, -4.805432e-07, 6.162850e-07) (2.328902e-06, -4.077968e-07, -4.349759e-07) (1.356019e-06, 7.144936e-08, 4.528032e-07) (1.952673e-06, -5.175675e-07, -6.371091e-07) (2.110903e-06, 1.492972e-07, -6.385205e-08) (2.340517e-06, -2.088125e-07, -6.472166e-08) (1.788900e-06, -4.767196e-07, 4.192387e-07) (2.571395e-06, -4.566470e-07, 6.569191e-07) (2.339659e-06, 1.726074e-07, -7.411640e-07) (2.418531e-06, 2.130714e-07, 7.348427e-07) (1.608286e-06, -2.547217e-07, -1.824617e-07) (2.075918e-06, 3.204029e-07, 9.895231e-08) (1.245286e-06, -1.095451e-07, 2.145486e-07) )
				((1.616962e-06, -5.155360e-07, 1.039549e-07) (2.056977e-06, -3.225203e-07, -9.056128e-07) (1.475865e-06, -2.060803e-07, 6.504095e-08) (1.943811e-06, -3.187672e-07, -3.423918e-07) (2.334291e-06, 3.331216e-07, -4.945260e-07) (2.882884e-06, -1.792410e-07, 1.888215e-07) (1.838829e-06, -1.424299e-07, 2.901820e-07) (2.677066e-06, -1.889798e-07, 6.173260e-07) (2.399660e-06, 2.495997e-07, -5.160476e-07) (2.196253e-06, 2.610993e-08, 2.353388e-07) (1.364928e-06, -3.328411e-07, 2.452570e-07) (2.497561e-06, 6.597704e-07, -8.121120e-08) )
				((2.789494e-06, 5.903270e-07, -1.254560e-07) (2.010122e-06, 7.304081e-07, -2.974769e-08) (2.104687e-06, 4.557043e-07, -6.603147e-07) (1.888996e-06, 2.309358e-07, 8.178740e-07) (2.342050e-06, -5.326998e-07, 4.006508e-07) (1.133299e-06, -1.862802e-07, 8.285103e-08) (1.946344e-06, -3.318705e-07, 2.458349e-07) (1.260738e-06, -2.721997e-07, -2.101867e-07) (2.091789e-06, -2.239508e-07, -4.272907e-07) (2.483808e-06, 3.026646e-07, -5.534244e-07) (1.908192e-06, -2.810528e-07, 2.179627e-07) (1.981255e-06, 6.221322e-07, 2.569003e-07) (1.312230e-06, -2.930867e-07, -5.552160e-08) )
				((2.419919e-06, -6.189474e-07, -5.385839e-07) (1.970488e-06, 4.190958e-07, 6.936897e-08) (1.938431e-06, 1.266271e-07, -3.889930e-07) (2.447322e-06, -8.256421e-07, 2.104289e-07) (1.260754e-06, -2.015486e-07, -3.124221e-07) (1.914609e-06, -4.330135e-07, 2.404601e-07) (1.985379e-06, -2.740494e-07, -6.791298e-07) (2.390319e-06, 3.011683e-07, -4.436091e-07) (1.952072e-06, -4.634613e-07, 1.573364e-07) (2.026252e-06, 8.616158e-07, 4.969843e-09) (1.539962e-06, -4.203016e-07, 6.844802e-08) )
				((2.870446e-06, 2.192025e-07, -1.142595e-07) (1.081580e-06, -2.810450e-07, -2.274123e-07) (2.085888e-06, 5.877696e-07, 4.051118e-07) (2.004424e-06, 4.551411e-07, -4.153215e-07) (1.395199e-06, 8.983473e-08, 2.330377e-07) (1.872261e-06, -3.992374e-07, 2.901405e-07) (1.840266e-06, -2.831501e-07, -6.078241e-07) (2.248678e-06, 4.131405e-07, 4.805751e-08) (1.870859e-06, -7.500421e-08, -6.419149e-08) (2.118780e-06, 7.895472e-07, 1.030955e-07) (1.505475e-06, -5.949722e-07, -1.400658e-07) )
				((2.756586e-06, -1.063176e-07, -6.126018e-07) (2.016561e-06, 1.667897e-07, 3.749906e-07) (2.132104e-06, 2.738412e-07, -2.427021e-07) (1.698891e-06, 2.999409e-07, -1.591152e-07) (1.934734e-06, -2.192040e-07, 3.609777e-07) (1.646031e-06, -2.032733e-07, -4.479359e-07) (2.119310e-06, 3.122298e-07, 6.578960e-08) (1.875489e-06, -7.626316e-08, 1.819390e-08) )
				((2.308943e-06, -5.806683e-07, -6.675182e-07) (1.620754e-06, -8.481713e-07, 1.990600e-07) (2.193217e-06, 1.699033e-07, 5.043607e-07) (2.340602e-06, 5.200634e-07, -1.812678e-07) (1.810389e-06, -2.267112e-08, -1.681280e-08) (2.296833e-06, -7.122874e-08, 8.671432e-08) (1.693625e-06, -9.600069e-08, -8.389765e-08) (2.339897e-06, 4.500114e-07, 2.524254e-08) (2.026114e-06, -5.300878e-08, -2.413566e-07) )
				((1.290233e-06, 3.656936e-07, 4.289216e-07) (1.823271e-06, 7.714225e-07, 4.400584e-07) (1.801336e-06, -4.796085e-07, 1.739083e-07) (2.199210e-06, 1.445597e-07, 3.185539e-07) (2.169627e-06, 5.082676e-07, -9.503179e-08) (2.023510e-06, 1.376800e-07, 1.208715e-07) (2.095505e-06, 7.015853e-09, 3.720397e-07) (1.865203e-06, -1.454232e-07, 1.224888e-07) (2.540245e-06, 1.993068e-07, 8.657663e-08) (1.809623e-06, -1.450598e-07, -1.890314e-07) )
				((1.270095e-06, -4.895456e-07, 2.399966e-07) (1.663735e-06, 3.523576e-07, 3.535559e-07) (1.786691e-06, -4.506440e-07, 1.475534e-07) (2.146381e-06, -9.317851e-08, 4.028820e-07) (2.303173e-06, 1.266700e-07, 9.139114e-08) (1.608610e-06, 4.563806e-07, -1.099342e-07) (2.407855e-06, -8.171789e-08, 8.045337e-08) (1.988703e-06, -2.526255e-07, 3.084708e-07) (2.780119e-06, -9.479224e-08, -4.137757e-07) (1.805507e-06, 1.672498e-07, -2.949991e-07) )
				((1.318929e-06, -3.624550e-07, 3.034482e-07) (1.747130e-06, 3.759148e-07, 3.397628e-07) (2.160375e-06, -2.963356e-07, 1.996796e-07) (1.997595e-06, -2.941407e-07, 1.501887e-07) (1.758393e-06, 2.453598e-07, 1.215642e-07) (1.708986e-06, 2.016400e-07, 2.675719e-07) (2.647379e-06, -1.920851e-07, 4.764779e-08) (2.189472e-06, 9.575043e-08, 2.652017e-07) (1.990657e-06, 2.471783e-07, -4.817854e-07) )
				((1.584763e-06, -1.376103e-07, 3.590370e-07) (2.083752e-06, 4.411230e-07, -3.064069e-08) (1.900356e-06, -2.381510e-07, 5.062180e-07) (2.300626e-06, -1.674389e-07, 5.774611e-07) (2.032809e-06, -7.239852e-08, 2.966630e-07) (1.799631e-06, -1.825886e-07, -1.264322e-07) (2.719606e-06, -1.776119e-07, 2.689725e-08) (2.427670e-06, -3.854715e-07, 4.171971e-07) (2.486090e-06, 8.689359e-09, -1.364734e-07) )
				((1.365067e-06, 5.017971e-07, 2.835767e-07) (1.611633e-06, -3.134980e-08, 2.780382e-07) (2.213366e-06, 7.761196e-07, 7.361053e-08) (1.914009e-06, -9.095347e-08, 8.417159e-07) (2.469568e-06, 1.372847e-07, 8.005166e-07) (2.414087e-06, -6.090269e-08, 2.078351e-07) (1.839212e-06, 1.568141e-07, -5.627092e-08) (2.385292e-06, 5.667301e-08, -7.267562e-08) (2.552007e-06, 1.895550e-07, -2.574462e-07) )
				((1.640385e-06, 3.559606e-07, 5.824997e-08) (1.563013e-06, -5.156053e-08, 2.104408e-07) (2.479770e-06, -1.178005e-07, 2.805018e-07) (2.106681e-06, 3.308735e-07, -5.833562e-08) (2.460423e-06, 3.295893e-07, -3.661875e-07) (2.716917e-06, 5.848010e-07, -5.373649e-08) )
				((2.455110e-06, 8.366689e-07, -2.860745e-08) (1.847322e-06, -5.067107e-07, 6.183199e-07) (1.574946e-06, 3.060435e-07, 3.681336e-07) (1.817324e-06, -3.185596e-07, 1.848149e-07) (2.710792e-06, 2.439326e-07, 3.711064e-07) (2.481636e-06, 2.163977e-07, -9.624266e-08) (2.721701e-06, 8.306523e-08, 2.946056e-08) )
				((2.503886e-06, -3.070887e-07, 6.493512e-07) (1.457597e-06, 4.010041e-07, 2.668081e-07) (1.453964e-06, -3.340109e-07, 2.397995e-07) (2.775830e-06, 3.437359e-07, 1.210503e-07) (2.429166e-06, 1.374088e-07, -1.216472e-07) )
				((2.314133e-06, -1.992481e-07, 8.854435e-07) (1.590419e-06, -3.861837e-07, -1.861015e-07) (2.650585e-06, 7.628855e-08, -1.666314e-07) )
				((2.834722e-06, 3.563430e-07, -3.351528e-08) (1.431740e-06, -6.776447e-07, -4.134371e-07) )
				((1.780690e-06, 9.464356e-07, 7.301747e-08) (2.877524e-06, 1.140939e-07, 3.254917e-08) (1.636059e-06, -8.914014e-07, 1.347194e-08) )
				()
				((1.551977e-06, 5.724547e-07, 2.054845e-07) )
				()
				((2.268542e-06, -6.985449e-07, 3.641453e-07) )
				((1.200500e-06, 5.066776e-07, 9.459106e-08) (2.219788e-06, -8.523817e-07, 4.028046e-07) )
				()
				()
				()
				((1.259848e-06, 3.855434e-07, 4.075382e-07) )
				((1.525925e-06, 2.198026e-07, 5.194998e-07) )
				((1.912428e-06, -6.030818e-08, 4.141045e-07) )
				((2.089738e-06, 1.761943e-07, 5.369633e-07) )
				((2.090877e-06, 3.425810e-07, 7.311906e-07) )
				((1.904668e-06, -6.117251e-08, 8.637029e-07) )
				((2.300714e-06, 7.046850e-08, 8.987660e-07) )
				()
				()
				()
				()
				()
				()
				()
				()
				()
				()
				()
				()
				()
				()
				()
				()
				()
				()
				()
				()
				()
				()
				()
				()
				()
				()
				()
				()
				()
				()
				()
				()
				()
				()
				()
				()
				()
				()

