Realization 0:
	ActiveActor 0:
		1 
	ActiveActor 1:
		1 
	ActiveActor 2:
		1 
	ActiveActor 3:
		1 
	ActiveActor 4:
		1 
	ActiveActor 5:
		1 
	PassiveActor 6:
		MolID 0:
			Count:
				0 0 0 0 0 0 0 0 0 0 0 0 0 0 0 0 0 0 0 0 0 0 0 0 0 0 0 0 0 0 0 0 0 0 0 0 0 0 0 0 0 0 0 0 0 0 0 0 0 0 0 0 0 0 0 0 0 0 0 0 0 0 0 0 0 0 0 0 0 0 0 0 0 0 0 0 0 0 0 0 0 0 0 0 0 0 0 0 0 0 0 0 0 0 0 0 0 0 0 0 
		MolID 1:
			Count:
				0 0 0 0 0 0 0 0 0 0 0 0 0 0 0 0 0 0 0 0 0 0 0 0 0 0 0 0 0 0 0 0 0 0 0 0 0 0 0 0 0 0 0 0 0 0 0 0 0 0 0 0 0 0 0 0 0 0 0 0 0 0 0 0 0 0 0 0 0 0 0 0 0 0 0 0 0 0 0 0 0 0 0 0 0 0 0 0 0 0 0 0 0 0 0 0 0 0 0 0 
		MolID 2:
			Count:
				0 0 0 0 0 0 0 0 0 0 0 0 0 0 0 0 0 0 0 0 0 0 0 0 0 0 0 0 0 0 0 0 0 0 0 0 0 0 0 0 0 0 0 0 0 0 0 0 0 0 0 0 0 0 0 0 0 0 0 0 0 0 0 0 0 0 0 0 0 0 0 0 0 0 0 0 0 0 0 0 0 0 0 0 0 0 0 0 0 0 0 0 0 0 0 0 0 0 0 0 
		MolID 3:
			Count:
				0 0 0 0 0 0 0 0 0 0 0 0 0 0 0 0 0 0 0 0 0 0 0 0 0 0 0 0 0 0 0 0 0 0 0 0 0 0 0 0 0 0 0 0 0 0 0 0 0 0 0 0 0 0 0 0 0 0 0 0 0 0 0 0 0 0 0 0 0 0 0 0 0 0 0 0 0 0 0 0 0 0 0 0 0 0 0 0 0 0 0 0 0 0 0 0 0 0 0 0 
		MolID 4:
			Count:
				0 0 0 0 0 0 0 0 0 0 0 0 0 0 0 0 0 0 0 0 0 0 0 0 0 0 0 0 0 0 0 0 0 0 0 0 0 0 0 0 0 0 0 0 0 0 0 0 0 0 0 0 0 0 0 0 0 0 0 0 0 0 0 0 0 0 0 0 0 0 0 0 0 0 0 0 0 0 0 0 0 0 0 0 0 0 0 0 0 0 0 0 0 0 0 0 0 0 0 0 
		MolID 5:
			Count:
				0 0 0 0 0 0 0 0 0 0 0 0 0 0 0 0 0 0 0 0 0 0 0 0 0 0 0 0 0 0 0 0 0 0 0 0 0 0 0 0 0 0 0 0 0 0 0 0 0 0 0 0 0 0 0 0 0 0 0 0 0 0 0 0 0 0 0 0 0 0 0 0 0 0 0 0 0 0 0 0 0 0 0 0 0 0 0 0 0 0 0 0 0 0 0 0 0 0 0 0 
		MolID 6:
			Count:
				0 414 700 946 1158 1329 1499 1645 1767 1916 2018 2134 2252 2358 2471 2564 2660 2763 2841 2941 3027 3126 3220 3293 3370 3465 3545 3631 3703 3764 3836 3910 3990 4072 4127 4197 4267 4329 4403 4471 4538 4594 4657 4707 4774 4820 4881 4930 4989 5061 5102 5161 5212 5274 5331 5367 5410 5466 5514 5562 5608 5650 5695 5748 5804 5853 5897 5956 6013 6069 6116 6157 6206 6277 6324 6378 6414 6454 6501 6533 6570 6617 6656 6696 6761 6813 6863 6898 6930 6976 7030 7069 7106 7146 7190 7238 7292 7330 7376 7404 
		MolID 7:
			Count:
				0 29 66 100 143 180 218 265 311 347 371 397 438 484 515 550 582 605 634 666 696 722 757 794 816 847 876 912 952 983 1009 1043 1090 1111 1136 1160 1191 1223 1255 1276 1297 1321 1349 1373 1400 1421 1449 1482 1512 1539 1573 1603 1635 1669 1694 1718 1748 1778 1804 1833 1859 1878 1896 1921 1949 1975 1998 2022 2050 2081 2109 2130 2151 2173 2193 2223 2252 2277 2308 2332 2360 2384 2408 2435 2456 2486 2520 2553 2573 2599 2628 2657 2682 2712 2730 2758 2783 2802 2822 2838 
		MolID 8:
			Count:
				0 383 603 782 891 989 1098 1160 1245 1341 1393 1419 1479 1531 1542 1566 1586 1586 1618 1665 1672 1692 1721 1753 1815 1806 1854 1839 1883 1903 1900 1887 1916 1924 1956 1972 1965 1982 1992 1997 2023 2015 2029 2010 2048 2065 2072 2066 2064 2073 2079 2075 2073 2111 2104 2125 2109 2089 2154 2147 2150 2139 2130 2128 2192 2185 2197 2164 2194 2226 2238 2231 2186 2230 2195 2229 2258 2245 2285 2298 2269 2266 2291 2287 2308 2297 2295 2302 2317 2311 2274 2261 2279 2287 2298 2277 2301 2308 2307 2303 
		MolID 9:
			Count:
				0 45 83 119 156 188 219 241 263 298 318 342 361 394 424 443 463 483 496 509 533 546 568 584 596 624 637 659 669 690 713 733 747 754 767 787 790 798 804 817 835 854 864 870 868 872 881 897 903 919 929 931 936 941 957 957 961 978 990 992 1007 1011 1023 1044 1064 1079 1096 1105 1104 1113 1124 1127 1113 1116 1114 1106 1119 1126 1144 1156 1158 1167 1162 1152 1157 1170 1177 1187 1183 1191 1203 1201 1207 1214 1208 1219 1212 1218 1204 1209 
	PassiveActor 7:
		MolID 0:
			Count:
				0 0 0 0 0 0 0 0 0 0 0 0 0 0 0 0 0 0 0 0 0 0 0 0 0 0 0 0 0 0 0 0 0 0 0 0 0 0 0 0 0 0 0 0 0 0 0 0 0 0 0 0 0 0 0 0 0 0 0 0 0 0 0 0 0 0 0 0 0 0 0 0 0 0 0 0 0 0 0 0 0 0 0 0 0 0 0 0 0 0 0 0 0 0 0 0 0 0 0 0 
		MolID 1:
			Count:
				0 0 0 0 0 0 0 0 0 0 0 0 0 0 0 0 0 0 0 0 0 0 0 0 0 0 0 0 0 0 0 0 0 0 0 0 0 0 0 0 0 0 0 0 0 0 0 0 0 0 0 0 0 0 0 0 0 0 0 0 0 0 0 0 0 0 0 0 0 0 0 0 0 0 0 0 0 0 0 0 0 0 0 0 0 0 0 0 0 0 0 0 0 0 0 0 0 0 0 0 
		MolID 2:
			Count:
				0 0 0 0 0 0 0 0 0 0 0 0 0 0 0 0 0 0 0 0 0 0 0 0 0 0 0 0 0 0 0 0 0 0 0 0 0 0 0 0 0 0 0 0 0 0 0 0 0 0 0 0 0 0 0 0 0 0 0 0 0 0 0 0 0 0 0 0 0 0 0 0 0 0 0 0 0 0 0 0 0 0 0 0 0 0 0 0 0 0 0 0 0 0 0 0 0 0 0 0 
		MolID 3:
			Count:
				0 0 0 0 0 0 0 0 0 0 0 0 0 0 0 0 0 0 0 0 0 0 0 0 0 0 0 0 0 0 0 0 0 0 0 0 0 0 0 0 0 0 0 0 0 0 0 0 0 0 0 0 0 0 0 0 0 0 0 0 0 0 0 0 0 0 0 0 0 0 0 0 0 0 0 0 0 0 0 0 0 0 0 0 0 0 0 0 0 0 0 0 0 0 0 0 0 0 0 0 
		MolID 4:
			Count:
				0 400 582 679 783 920 994 1044 1108 1175 1217 1302 1360 1426 1452 1508 1580 1637 1677 1748 1783 1815 1874 1911 1938 1991 2022 2085 2102 2160 2180 2218 2269 2283 2309 2365 2362 2380 2431 2451 2543 2542 2562 2580 2613 2634 2681 2666 2742 2764 2796 2838 2859 2891 2929 2948 2950 2982 3030 3061 3098 3110 3081 3133 3148 3146 3166 3206 3268 3278 3297 3329 3377 3400 3426 3446 3483 3492 3507 3529 3523 3506 3522 3556 3586 3600 3626 3676 3710 3712 3727 3759 3764 3791 3784 3815 3825 3841 3872 3869 
		MolID 5:
			Count:
				0 58 91 129 174 204 239 265 301 334 366 388 416 433 464 496 531 561 603 623 648 693 710 740 757 780 821 859 890 909 927 948 974 989 1020 1043 1070 1102 1122 1138 1155 1174 1188 1219 1239 1258 1276 1282 1299 1318 1349 1367 1386 1415 1435 1457 1476 1496 1512 1546 1553 1575 1599 1615 1636 1653 1662 1691 1717 1728 1746 1757 1766 1786 1812 1827 1848 1872 1891 1909 1927 1946 1965 1978 2001 2017 2035 2046 2059 2074 2095 2119 2126 2139 2156 2155 2167 2181 2190 2207 
		MolID 6:
			Count:
				0 0 0 0 0 0 0 0 0 0 0 0 0 0 0 0 0 0 0 0 0 0 0 0 0 0 0 0 0 0 0 0 0 0 0 0 0 0 0 0 0 0 0 0 0 0 0 0 0 0 0 0 0 0 0 0 0 0 0 0 0 0 0 0 0 0 0 0 0 0 0 0 0 0 0 0 0 0 0 0 0 0 0 0 0 0 0 0 0 0 0 0 0 0 0 0 0 0 0 0 
		MolID 7:
			Count:
				0 0 0 0 0 0 0 0 0 0 0 0 0 0 0 0 0 0 0 0 0 0 0 0 0 0 0 0 0 0 0 0 0 0 0 0 0 0 0 0 0 0 0 0 0 0 0 0 0 0 0 0 0 0 0 0 0 0 0 0 0 0 0 0 0 0 0 0 0 0 0 0 0 0 0 0 0 0 0 0 0 0 0 0 0 0 0 0 0 0 0 0 0 0 0 0 0 0 0 0 
		MolID 8:
			Count:
				0 0 0 0 0 0 0 0 0 0 0 0 0 0 0 0 0 0 0 0 0 0 0 0 0 0 0 0 0 0 0 0 0 0 0 0 0 0 0 0 0 0 0 0 0 0 0 0 0 0 0 0 0 0 0 0 0 0 0 0 0 0 0 0 0 0 0 0 0 0 0 0 0 0 0 0 0 0 0 0 0 0 0 0 0 0 0 0 0 0 0 0 0 0 0 0 0 0 0 0 
		MolID 9:
			Count:
				0 0 0 0 0 0 0 0 0 0 0 0 0 0 0 0 0 0 0 0 0 0 0 0 0 0 0 0 0 0 0 0 0 0 0 0 0 0 0 0 0 0 0 0 0 0 0 0 0 0 0 0 0 0 0 0 0 0 0 0 0 0 0 0 0 0 0 0 0 0 0 0 0 0 0 0 0 0 0 0 0 0 0 0 0 0 0 0 0 0 0 0 0 0 0 0 0 0 0 0 

