Realization 0:
	ActiveActor 0:
		0 1 1 1 0 0 1 0 1 1 0 1 0 1 0 0 1 1 0 1 
	PassiveActor 1:
		MolID 0:
			Count:
				50 50 51 52 50 51 51 50 50 50 2 1 0 0 0 1 1 0 0 0 0 0 1 0 0 0 0 0 0 0 0 0 0 0 0 0 0 0 0 0 0 0 0 0 0 0 0 0 0 0 0 0 0 0 0 0 0 0 0 0 0 0 0 0 0 0 0 0 0 0 0 0 0 0 0 0 0 0 0 0 0 0 0 0 0 0 0 0 0 0 0 0 0 0 0 0 0 0 0 0 150 150 153 151 151 151 152 153 152 152 150 0 1 0 0 1 1 0 2 1 0 0 0 0 0 0 0 0 0 0 0 1 0 0 0 1 0 0 0 0 0 0 0 0 0 0 0 0 0 0 0 0 0 0 0 0 0 0 0 0 0 0 0 0 0 0 0 0 0 0 0 0 0 0 0 0 0 0 0 0 0 0 0 0 0 0 0 0 0 0 0 0 0 0 0 0 0 0 0 0 0 0 0 0 0 0 0 0 0 0 0 0 0 0 0 0 0 0 0 0 0 0 0 0 0 0 0 0 0 0 0 0 0 0 0 0 0 0 0 0 0 0 0 0 0 0 0 0 0 0 0 0 0 0 0 0 0 0 0 0 0 0 0 0 0 0 0 0 0 0 0 0 0 0 0 0 0 0 0 0 0 0 0 0 0 0 0 0 0 0 0 0 0 0 0 0 0 0 0 0 100 101 100 101 102 103 101 102 105 103 2 0 0 2 0 0 1 0 0 0 0 0 0 0 0 0 0 0 0 0 1 0 0 0 0 0 0 0 0 0 0 0 0 0 0 0 0 0 0 0 0 0 1 0 0 0 0 0 0 0 0 0 0 0 0 0 0 0 0 0 0 0 0 0 0 0 0 0 0 0 0 0 0 0 0 0 0 0 0 0 0 0 0 0 0 0 0 0 0 0 150 151 151 150 151 153 154 154 152 157 1 1 2 0 0 2 0 0 0 1 1 0 0 0 0 0 0 0 0 0 0 0 0 0 0 0 0 0 0 0 0 0 0 0 0 0 0 0 0 0 0 0 0 0 0 0 0 0 0 0 0 0 0 0 0 0 0 0 0 0 0 0 0 0 0 0 0 0 0 0 0 0 0 0 0 0 0 0 0 0 0 0 0 0 0 0 0 0 0 0 50 51 50 50 50 51 51 52 50 52 1 0 1 0 0 0 0 0 1 1 0 1 0 0 0 0 0 0 0 0 0 0 0 0 0 0 0 0 0 0 0 1 0 0 0 0 0 0 0 0 0 0 0 0 0 0 1 0 0 0 0 0 1 0 0 0 0 0 0 0 0 0 0 0 0 0 0 0 0 1 0 0 0 0 0 0 0 0 0 0 0 0 0 0 0 0 0 0 0 0 50 51 51 52 50 51 51 50 51 52 1 0 0 0 1 0 0 0 0 1 0 0 0 0 0 0 0 0 0 0 0 0 0 0 0 0 0 0 0 0 0 0 0 0 0 0 0 0 0 0 0 0 0 0 0 0 0 0 1 0 0 0 0 0 0 0 0 0 0 0 0 0 1 0 0 0 0 0 0 0 0 0 0 0 0 0 0 0 0 0 0 0 0 0 0 0 0 0 0 0 0 0 0 0 0 0 0 0 0 0 0 0 0 0 0 0 0 0 0 0 0 0 0 0 0 0 0 0 0 0 0 0 0 0 0 0 0 0 0 0 0 0 0 0 0 0 0 0 0 0 0 0 0 0 0 0 0 0 0 0 0 0 0 0 0 0 0 0 0 0 0 0 0 0 0 0 0 0 0 0 0 0 0 0 0 0 0 0 0 0 0 0 0 0 0 0 0 0 0 0 150 151 151 152 155 152 151 152 151 152 152 2 0 0 1 0 0 0 1 1 0 0 2 0 0 0 0 0 0 0 0 0 0 0 0 0 0 0 0 0 0 0 0 0 0 0 0 0 0 0 0 0 0 0 0 0 0 0 0 0 0 1 0 0 0 0 0 0 0 0 0 0 0 0 0 0 0 0 0 0 0 0 0 0 0 0 0 0 0 0 0 0 0 0 0 0 0 0 0 0 50 50 50 52 50 50 51 51 51 51 53 2 0 0 0 0 0 0 0 0 0 0 0 2 0 1 0 0 0 0 0 0 0 0 0 0 1 0 0 0 0 0 0 0 0 0 0 0 0 0 0 0 0 0 0 0 0 0 0 0 0 0 0 0 0 0 0 0 0 0 0 0 0 0 0 0 0 0 0 0 0 0 0 0 0 0 0 0 0 0 0 0 0 0 0 0 0 0 0 0 
	PassiveActor 2:
		MolID 0:
			Count:
				0 0 0 1 2 3 2 2 4 5 6 5 6 4 5 4 5 5 3 5 7 7 3 4 4 2 3 6 2 3 2 2 4 1 1 1 1 7 2 1 0 0 1 0 0 0 4 0 0 2 1 3 3 2 0 1 1 1 2 0 0 0 0 1 2 1 1 1 0 0 0 0 0 0 0 0 0 0 2 0 1 0 1 0 0 0 0 0 1 0 0 0 0 0 0 1 2 1 1 1 0 0 0 1 1 1 2 8 8 9 12 13 14 15 13 11 14 12 15 11 9 14 5 9 14 10 4 6 2 7 4 5 11 6 5 8 4 9 3 7 0 4 1 3 7 2 3 5 2 1 3 1 4 4 4 4 3 2 3 1 1 3 0 0 1 2 2 3 1 0 2 1 4 2 2 2 0 0 0 3 2 2 3 2 3 2 2 1 0 1 1 2 1 2 0 1 2 2 2 0 0 2 2 3 1 1 1 1 2 1 1 0 0 1 1 2 4 2 0 2 3 2 2 1 0 2 2 1 1 0 0 0 1 0 0 0 0 1 2 3 0 1 1 0 0 0 2 2 1 1 1 1 0 1 2 0 0 0 0 0 2 1 1 2 1 0 0 2 1 1 1 1 1 0 0 0 0 0 0 0 1 0 0 0 0 0 2 0 0 0 0 0 0 0 0 0 1 0 1 0 0 1 0 1 1 4 4 2 8 13 8 6 6 11 8 7 8 10 8 8 11 8 6 4 2 7 4 5 5 2 2 3 4 2 0 4 1 6 3 7 3 7 0 2 2 1 3 3 2 3 2 1 3 3 2 2 1 3 0 1 2 3 3 3 1 2 1 1 0 0 2 1 3 3 1 1 4 0 1 0 0 1 0 0 1 3 0 2 1 0 0 1 0 0 2 1 1 1 2 1 1 1 0 0 3 5 9 10 6 7 10 7 12 15 10 13 11 14 11 17 14 8 9 7 3 4 13 3 10 6 3 9 8 6 10 12 3 4 5 3 5 6 2 2 5 7 5 4 4 1 4 4 3 4 5 7 7 6 3 3 1 2 1 0 3 4 1 5 4 4 1 0 0 5 3 2 3 1 1 3 4 0 0 3 1 0 3 0 1 0 0 1 0 1 2 0 1 0 0 1 2 1 3 0 2 5 5 3 4 5 5 4 7 4 3 3 4 6 10 6 2 7 1 2 4 4 6 6 5 6 2 4 2 2 1 2 4 2 3 2 2 2 0 1 3 4 5 2 1 3 2 0 2 0 1 1 0 1 4 3 2 4 3 3 0 0 0 3 4 1 3 3 2 0 1 1 0 3 2 1 2 2 0 0 0 0 1 2 1 1 0 0 0 0 0 1 0 1 1 1 1 1 1 2 2 2 3 4 4 5 5 7 9 4 6 5 5 9 3 5 3 1 2 4 3 4 2 3 6 3 1 1 4 2 3 1 0 0 1 3 3 1 0 0 1 2 1 2 2 3 0 2 0 1 3 1 1 3 3 2 1 1 1 1 1 1 0 1 0 3 4 3 0 0 2 0 3 1 1 1 2 0 1 1 2 0 1 4 1 0 5 3 1 1 0 1 0 0 0 1 0 0 0 0 0 0 1 0 1 1 0 2 1 1 1 0 0 1 1 0 3 0 0 0 1 1 0 0 2 1 0 1 1 0 1 0 1 2 0 0 0 0 1 1 2 1 0 0 0 1 0 0 1 0 0 1 0 0 0 0 0 1 1 2 0 0 0 0 0 0 1 1 0 0 0 0 0 0 0 0 3 1 0 0 0 0 0 1 0 0 1 0 0 0 0 1 2 0 0 0 0 0 0 1 2 3 3 4 10 6 7 9 13 10 9 17 13 11 9 14 9 11 11 7 9 9 9 7 5 7 3 4 8 4 5 8 6 3 2 4 4 3 3 1 2 4 3 0 3 3 3 3 5 3 4 1 1 3 4 3 1 3 5 6 0 2 1 1 2 4 1 1 0 2 3 3 1 3 1 5 3 1 1 0 2 2 1 0 1 3 4 2 5 0 0 3 0 0 3 4 1 0 1 1 1 5 2 3 8 7 6 2 5 5 5 6 8 8 5 5 4 8 1 5 5 4 6 6 2 5 0 4 3 1 2 0 3 2 2 3 0 2 1 1 1 2 0 3 0 6 3 2 0 4 3 0 0 0 0 2 2 3 3 1 2 1 0 1 0 0 1 0 2 1 0 0 1 2 1 0 0 1 1 0 1 1 0 0 1 1 1 1 0 0 2 3 2 1 0 1 
	PassiveActor 3:
		MolID 0:
			Count:
				50 150 250 350 450 550 650 750 850 950 1000 1000 1000 1000 1000 1000 1000 1000 1000 1000 1000 1000 1000 1000 1000 1000 1000 1000 1000 1000 1000 1000 1000 1000 1000 1000 1000 1000 1000 1000 1000 1000 1000 1000 1000 1000 1000 1000 1000 1000 1000 1000 1000 1000 1000 1000 1000 1000 1000 1000 1000 1000 1000 1000 1000 1000 1000 1000 1000 1000 1000 1000 1000 1000 1000 1000 1000 1000 1000 1000 1000 1000 1000 1000 1000 1000 1000 1000 1000 1000 1000 1000 1000 1000 1000 1000 1000 1000 1000 1000 1150 1450 1750 2050 2350 2650 2950 3250 3550 3850 4150 4150 4150 4150 4150 4150 4150 4150 4150 4150 4150 4150 4150 4150 4150 4150 4150 4150 4150 4150 4150 4150 4150 4150 4150 4150 4150 4150 4150 4150 4150 4150 4150 4150 4150 4150 4150 4150 4150 4150 4150 4150 4150 4150 4150 4150 4150 4150 4150 4150 4150 4150 4150 4150 4150 4150 4150 4150 4150 4150 4150 4150 4150 4150 4150 4150 4150 4150 4150 4150 4150 4150 4150 4150 4150 4150 4150 4150 4150 4150 4150 4150 4150 4150 4150 4150 4150 4150 4150 4150 4150 4150 4150 4150 4150 4150 4150 4150 4150 4150 4150 4150 4150 4150 4150 4150 4150 4150 4150 4150 4150 4150 4150 4150 4150 4150 4150 4150 4150 4150 4150 4150 4150 4150 4150 4150 4150 4150 4150 4150 4150 4150 4150 4150 4150 4150 4150 4150 4150 4150 4150 4150 4150 4150 4150 4150 4150 4150 4150 4150 4150 4150 4150 4150 4150 4150 4150 4150 4150 4150 4150 4150 4150 4150 4150 4150 4150 4150 4150 4150 4150 4150 4150 4150 4150 4150 4150 4150 4150 4150 4150 4150 4150 4150 4150 4150 4150 4150 4150 4150 4250 4450 4650 4850 5050 5250 5450 5650 5850 6050 6150 6150 6150 6150 6150 6150 6150 6150 6150 6150 6150 6150 6150 6150 6150 6150 6150 6150 6150 6150 6150 6150 6150 6150 6150 6150 6150 6150 6150 6150 6150 6150 6150 6150 6150 6150 6150 6150 6150 6150 6150 6150 6150 6150 6150 6150 6150 6150 6150 6150 6150 6150 6150 6150 6150 6150 6150 6150 6150 6150 6150 6150 6150 6150 6150 6150 6150 6150 6150 6150 6150 6150 6150 6150 6150 6150 6150 6150 6150 6150 6150 6150 6150 6150 6150 6150 6150 6150 6150 6150 6300 6600 6900 7200 7500 7800 8100 8400 8700 9000 9150 9150 9150 9150 9150 9150 9150 9150 9150 9150 9150 9150 9150 9150 9150 9150 9150 9150 9150 9150 9150 9150 9150 9150 9150 9150 9150 9150 9150 9150 9150 9150 9150 9150 9150 9150 9150 9150 9150 9150 9150 9150 9150 9150 9150 9150 9150 9150 9150 9150 9150 9150 9150 9150 9150 9150 9150 9150 9150 9150 9150 9150 9150 9150 9150 9150 9150 9150 9150 9150 9150 9150 9150 9150 9150 9150 9150 9150 9150 9150 9150 9150 9150 9150 9150 9150 9150 9150 9150 9150 9200 9300 9400 9500 9600 9700 9800 9900 10000 10100 10150 10150 10150 10150 10150 10150 10150 10150 10150 10150 10150 10150 10150 10150 10150 10150 10150 10150 10150 10150 10150 10150 10150 10150 10150 10150 10150 10150 10150 10150 10150 10150 10150 10150 10150 10150 10150 10150 10150 10150 10150 10150 10150 10150 10150 10150 10150 10150 10150 10150 10150 10150 10150 10150 10150 10150 10150 10150 10150 10150 10150 10150 10150 10150 10150 10150 10150 10150 10150 10150 10150 10150 10150 10150 10150 10150 10150 10150 10150 10150 10150 10150 10150 10150 10150 10150 10150 10150 10150 10150 10200 10300 10400 10500 10600 10700 10800 10900 11000 11100 11150 11150 11150 11150 11150 11150 11150 11150 11150 11150 11150 11150 11150 11150 11150 11150 11150 11150 11150 11150 11150 11150 11150 11150 11150 11150 11150 11150 11150 11150 11150 11150 11150 11150 11150 11150 11150 11150 11150 11150 11150 11150 11150 11150 11150 11150 11150 11150 11150 11150 11150 11150 11150 11150 11150 11150 11150 11150 11150 11150 11150 11150 11150 11150 11150 11150 11150 11150 11150 11150 11150 11150 11150 11150 11150 11150 11150 11150 11150 11150 11150 11150 11150 11150 11150 11150 11150 11150 11150 11150 11150 11150 11150 11150 11150 11150 11150 11150 11150 11150 11150 11150 11150 11150 11150 11150 11150 11150 11150 11150 11150 11150 11150 11150 11150 11150 11150 11150 11150 11150 11150 11150 11150 11150 11150 11150 11150 11150 11150 11150 11150 11150 11150 11150 11150 11150 11150 11150 11150 11150 11150 11150 11150 11150 11150 11150 11150 11150 11150 11150 11150 11150 11150 11150 11150 11150 11150 11150 11150 11150 11150 11150 11150 11150 11150 11150 11150 11150 11150 11150 11150 11150 11150 11150 11150 11150 11150 11150 11150 11150 11150 11150 11150 11150 11150 11150 11150 11150 11150 11150 11300 11600 11900 12200 12500 12800 13100 13400 13700 14000 14300 14300 14300 14300 14300 14300 14300 14300 14300 14300 14300 14300 14300 14300 14300 14300 14300 14300 14300 14300 14300 14300 14300 14300 14300 14300 14300 14300 14300 14300 14300 14300 14300 14300 14300 14300 14300 14300 14300 14300 14300 14300 14300 14300 14300 14300 14300 14300 14300 14300 14300 14300 14300 14300 14300 14300 14300 14300 14300 14300 14300 14300 14300 14300 14300 14300 14300 14300 14300 14300 14300 14300 14300 14300 14300 14300 14300 14300 14300 14300 14300 14300 14300 14300 14300 14300 14300 14300 14300 14300 14350 14450 14550 14650 14750 14850 14950 15050 15150 15250 15350 15350 15350 15350 15350 15350 15350 15350 15350 15350 15350 15350 15350 15350 15350 15350 15350 15350 15350 15350 15350 15350 15350 15350 15350 15350 15350 15350 15350 15350 15350 15350 15350 15350 15350 15350 15350 15350 15350 15350 15350 15350 15350 15350 15350 15350 15350 15350 15350 15350 15350 15350 15350 15350 15350 15350 15350 15350 15350 15350 15350 15350 15350 15350 15350 15350 15350 15350 15350 15350 15350 15350 15350 15350 15350 15350 15350 15350 15350 15350 15350 15350 15350 15350 15350 15350 15350 15350 15350 15350 

