Realization 0:
	ActiveActor 0:
		1 
	ActiveActor 1:
		1 
	PassiveActor 2:
		MolID 0:
			Count:
				100 90 81 73 69 65 63 60 60 58 56 53 50 42 41 42 40 35 34 36 34 36 32 32 36 35 35 33 31 31 31 30 30 32 33 35 36 34 33 30 29 28 29 27 28 27 26 27 25 23 23 23 23 26 26 26 26 28 29 28 28 27 28 26 27 26 25 24 22 21 21 20 24 22 19 19 19 18 18 17 17 15 13 14 13 13 15 14 14 15 15 14 13 14 13 13 13 12 10 11 13 11 11 11 11 13 13 12 12 11 12 12 11 11 11 11 12 13 15 16 15 14 13 13 12 13 12 12 14 12 12 11 10 10 9 9 10 11 11 11 11 11 10 9 8 8 8 8 6 6 6 6 2 3 3 4 5 5 4 3 5 6 6 6 6 7 6 6 5 4 4 6 6 5 5 5 4 4 4 4 4 4 3 3 4 4 3 3 3 4 3 2 2 2 3 3 4 4 4 4 
		MolID 1:
			Count:
				100 90 81 73 70 66 65 63 63 61 60 57 55 48 48 49 48 43 44 46 44 48 44 46 51 50 50 50 49 49 49 49 49 51 52 57 58 56 56 55 56 56 57 56 57 57 57 58 57 55 56 58 60 63 63 63 64 66 67 66 66 66 67 65 67 66 67 67 67 66 67 66 71 70 67 69 70 70 71 70 71 69 68 69 69 71 73 74 75 77 77 76 75 76 75 75 76 75 73 74 76 74 74 74 74 77 77 76 76 75 76 76 75 75 75 75 76 77 79 80 80 79 78 79 78 79 78 78 80 78 78 79 78 78 77 77 78 80 80 80 80 81 80 79 78 78 78 79 77 77 78 78 76 77 77 78 79 80 79 78 80 82 82 82 82 83 82 82 82 81 82 85 85 84 84 84 84 84 84 84 84 84 83 83 84 84 83 83 84 85 84 83 83 83 84 84 86 86 86 87 
		MolID 2:
			Count:
				0 10 19 27 30 34 35 37 37 39 40 43 45 52 52 51 52 57 56 54 56 52 56 54 49 50 50 50 51 51 51 51 51 49 48 43 42 44 44 45 44 44 43 44 43 43 43 42 43 45 44 42 40 37 37 37 36 34 33 34 34 34 33 35 33 34 33 33 33 34 33 34 29 30 33 31 30 30 29 30 29 31 32 31 31 29 27 26 25 23 23 24 25 24 25 25 24 25 27 26 24 26 26 26 26 23 23 24 24 25 24 24 25 25 25 25 24 23 21 20 20 21 22 21 22 21 22 22 20 22 22 21 22 22 23 23 22 20 20 20 20 19 20 21 22 22 22 21 23 23 22 22 24 23 23 22 21 20 21 22 20 18 18 18 18 17 18 18 18 19 18 15 15 16 16 16 16 16 16 16 16 16 17 17 16 16 17 17 16 15 16 17 17 17 16 16 14 14 14 13 
		MolID 3:
			Count:
				0 0 0 0 1 1 2 3 3 3 4 4 5 6 7 7 8 8 10 10 10 12 12 14 15 15 15 17 18 18 18 19 19 19 19 22 22 22 23 25 27 28 28 29 29 30 31 31 32 32 33 35 37 37 37 37 38 38 38 38 38 39 39 39 40 40 42 43 45 45 46 46 47 48 48 50 51 52 53 53 54 54 55 55 56 58 58 60 61 62 62 62 62 62 62 62 63 63 63 63 63 63 63 63 63 64 64 64 64 64 64 64 64 64 64 64 64 64 64 64 65 65 65 66 66 66 66 66 66 66 66 68 68 68 68 68 68 69 69 69 69 70 70 70 70 70 70 71 71 71 72 72 74 74 74 74 74 75 75 75 75 76 76 76 76 76 76 76 77 77 78 79 79 79 79 79 80 80 80 80 80 80 80 80 80 80 80 80 81 81 81 81 81 81 81 81 82 82 82 83 

