Realization 0:
	ActiveActor 3:
		1 
	PassiveActor 0:
		MolID 0:
			Count:
				200 200 200 200 200 200 200 200 200 200 200 200 200 200 200 200 200 200 200 200 200 200 200 200 200 200 200 200 200 200 200 200 200 200 200 200 200 200 200 200 200 200 200 200 200 200 200 200 200 200 200 200 200 200 200 200 200 200 200 200 200 200 200 200 200 200 200 200 200 200 200 200 200 200 200 200 200 200 200 200 200 200 200 200 200 200 200 200 200 200 200 200 200 200 200 200 200 200 200 200 
	PassiveActor 1:
		MolID 0:
			Count:
				94 92 93 96 101 91 88 96 94 100 100 105 108 101 99 98 100 99 97 94 96 102 97 97 90 85 85 86 87 93 92 90 101 104 104 101 102 107 93 100 98 94 89 88 89 87 89 88 83 98 100 87 88 97 93 97 99 93 92 90 88 98 95 96 94 97 101 106 112 108 99 108 112 106 104 101 101 109 105 110 110 110 116 117 117 118 107 103 107 103 94 97 108 111 98 95 87 98 96 93 
	PassiveActor 2:
		MolID 0:
			Count:
				106 108 107 104 99 109 112 104 106 100 100 95 92 99 101 102 100 101 103 106 104 98 103 103 110 115 115 114 113 107 108 110 99 96 96 99 98 93 107 100 102 106 111 112 111 113 111 112 117 102 100 113 112 103 107 103 101 107 108 110 112 102 105 104 106 103 99 94 88 92 101 92 88 94 96 99 99 91 95 90 90 90 84 83 83 82 93 97 93 97 106 103 92 89 102 105 113 102 104 107 

