Realization 0:
	ActiveActor 0:
		0 1 0 0 0 0 
	PassiveActor 1:
		MolID 0:
			Count:
				0 0 0 0 0 0 0 0 0 0 0 0 0 0 0 0 0 0 0 0 0 0 0 0 0 0 0 0 0 0 0 0 0 0 0 0 0 0 0 0 0 0 0 0 0 0 0 0 0 0 0 0 0 0 0 0 0 0 0 0 0 0 0 0 0 0 0 0 0 0 0 0 0 0 0 0 0 0 0 0 0 0 0 0 0 0 0 0 0 0 0 0 0 0 0 0 0 0 0 0 0 0 0 0 0 0 0 0 0 0 0 0 0 0 0 0 0 0 0 0 0 0 0 0 0 0 0 0 0 0 0 0 0 0 0 0 0 0 0 0 0 0 0 0 0 0 0 0 0 0 0 2925 22798 41190 53132 60597 65194 66907 67485 67273 66233 64530 62686 61116 59331 57307 55392 53657 51660 49874 48121 46532 44698 42991 41665 39968 38921 37351 36090 34929 33749 32865 31822 31025 30003 29262 28441 27330 26738 25981 25311 24779 24061 23600 23226 22403 21839 21474 21108 20474 20127 19511 19048 18725 18363 18024 17512 17160 16900 16556 15995 15670 15407 14996 14802 14508 14184 13878 13723 13447 13174 12982 12724 12466 12244 12217 11978 11850 11664 11538 11305 11108 10940 10751 10610 10554 10343 10138 10003 9742 9629 9535 9354 9234 9243 8993 9005 8913 8635 8506 8450 8261 8125 8112 7917 7779 7706 7659 7583 7499 7345 7335 7100 7101 7018 6840 6811 6730 6684 6601 6604 6555 6535 6412 6249 6078 6086 6064 6047 5914 5839 5779 5762 5720 5664 5618 5503 5591 5537 5512 5479 5473 5261 5160 5033 5150 5014 4971 4955 4902 4745 4837 4780 4640 4614 4621 4497 4565 4501 4545 4472 4405 4398 4362 4252 4239 4178 4154 4075 4138 4065 4049 4056 3900 3858 3784 3757 3700 3712 3720 3616 3644 3628 3559 3511 3481 3439 3414 3424 3366 3414 3335 3404 3346 3300 3329 3302 3267 3210 3226 3193 3204 3172 3204 3204 3076 3188 3122 3088 3093 3014 2970 2952 2972 3001 2950 2925 2902 2924 2883 2864 2878 2851 2795 2720 2690 2661 2668 2661 2660 2612 2598 2510 2528 2504 2515 2466 2556 2496 2501 2477 2465 2414 2460 2454 2455 2437 2425 2387 2390 2394 2301 2328 2331 2325 2259 2294 2346 2283 2230 2323 2248 2172 2181 2217 2212 2127 2048 2064 2050 2051 2141 2092 2053 2074 2046 2065 2027 2076 2017 1987 1965 2000 1967 1946 1960 2002 1994 1984 1942 1978 1890 1887 1868 1878 1861 1886 1881 1828 1851 1870 1823 1838 1792 1755 1691 1731 1740 1700 1745 1741 1791 1745 1779 1721 1683 1754 1754 1718 1728 1701 1689 1677 1666 1621 1641 1639 1634 1602 1621 1610 1593 1543 1558 1607 1548 1576 1552 1561 1550 1553 1515 1487 1486 1496 1440 1508 1531 1502 1491 1501 1495 1449 1465 1492 1461 1450 1434 1454 1407 1454 1414 1382 1409 1390 1337 1308 1334 1333 1301 1339 1317 1344 1286 1287 1284 1279 1288 1318 1356 1335 1323 1305 1259 1228 1278 1307 1298 1286 1279 1283 1201 1266 1248 1232 1239 1215 1220 1228 1238 1213 1266 1245 1191 1174 1142 1169 1133 1143 1146 1150 1198 1192 1098 1141 1118 1132 1137 1147 1107 1075 1101 1151 1102 1130 1080 1091 1102 1100 1126 1173 1122 1126 1125 1103 1122 1103 1092 1088 1049 1057 1055 1024 1003 1010 995 967 997 1034 992 997 983 1017 963 973 989 958 967 959 949 956 992 965 922 923 930 900 948 930 944 974 945 911 945 931 979 974 965 925 926 940 959 981 964 862 931 949 885 912 918 919 909 861 926 908 914 885 880 887 861 869 850 819 861 880 880 893 858 869 863 816 806 805 837 809 818 846 840 846 791 817 805 785 798 813 803 790 801 778 784 778 784 801 785 767 795 812 793 761 798 820 792 784 808 761 775 794 756 773 749 732 738 726 759 777 773 755 741 741 726 733 767 755 764 771 710 740 729 726 731 699 683 702 695 669 672 682 702 738 705 703 737 702 734 715 680 671 686 673 681 696 698 712 709 694 677 673 697 719 697 698 684 666 640 666 651 656 645 668 677 643 680 665 647 666 650 628 627 641 639 608 596 654 641 635 642 651 670 712 648 663 647 658 632 634 662 655 642 596 596 610 602 569 565 604 598 580 594 599 572 597 599 610 570 603 584 565 575 610 601 596 616 572 575 584 586 573 580 569 577 556 584 565 592 581 574 602 584 557 573 581 569 586 581 559 554 559 556 546 536 560 525 538 516 524 525 551 541 532 567 550 557 596 557 549 559 527 515 507 504 488 493 522 498 528 502 516 514 512 505 508 495 503 504 502 502 489 486 492 497 515 484 491 493 496 486 480 488 489 479 508 526 501 491 487 489 486 473 471 458 470 465 487 451 482 473 464 470 469 485 465 457 467 452 456 462 458 471 484 488 485 467 467 467 456 474 465 437 416 394 431 418 429 432 436 441 429 421 448 457 449 424 454 423 448 433 442 448 454 436 475 443 448 442 446 444 455 472 456 469 449 457 453 430 417 428 442 436 440 458 431 428 431 459 445 432 448 448 437 436 446 444 435 452 421 431 422 430 422 425 429 408 418 410 437 441 460 423 403 404 392 405 411 407 389 406 416 422 406 404 400 379 375 375 393 414 406 394 395 365 366 367 404 389 375 363 371 376 385 389 368 365 375 373 392 369 392 373 366 377 377 372 366 333 349 341 344 358 372 374 373 378 355 380 393 379 394 386 384 392 392 372 387 375 377 390 375 379 362 347 349 348 349 344 339 321 340 361 350 345 371 347 356 353 370 373 366 366 344 354 363 357 334 330 333 343 343 316 323 332 328 347 323 320 342 342 335 365 355 352 354 365 371 346 344 343 330 325 329 306 314 319 295 307 337 347 340 326 321 325 346 333 347 341 336 340 338 328 356 357 351 340 347 352 344 352 340 324 318 311 303 312 279 279 287 281 285 279 311 306 317 299 335 323 312 293 301 309 288 277 292 287 299 300 295 289 291 284 289 291 287 285 307 326 312 312 311 308 295 295 296 296 282 298 296 299 291 295 280 304 291 290 288 284 291 294 315 316 307 318 307 289 302 291 284 294 277 308 259 274 285 286 299 298 312 288 277 278 283 309 309 281 272 260 263 264 263 257 267 266 272 281 309 310 322 310 296 273 274 279 273 279 264 245 238 261 266 270 307 293 305 269 286 259 293 259 283 308 287 271 282 277 286 286 286 262 249 248 274 254 245 252 245 252 257 249 265 265 272 267 276 268 299 286 277 280 254 250 265 255 256 234 238 248 256 264 266 273 271 281 258 273 253 257 248 264 267 252 269 258 263 252 254 276 259 257 267 272 256 245 234 243 228 217 245 239 223 226 253 240 240 241 245 236 253 250 256 237 250 243 254 252 238 245 248 250 244 243 260 252 243 253 244 237 253 239 236 236 242 225 211 226 230 220 226 220 213 209 200 212 232 235 236 232 247 227 232 227 214 239 239 225 221 230 220 213 203 222 245 237 224 215 223 223 233 246 215 220 240 217 218 215 240 230 237 233 226 239 228 210 207 215 226 218 226 227 232 226 219 228 230 229 212 222 211 201 199 183 197 192 191 210 205 213 189 208 204 205 209 215 211 228 204 216 199 215 218 201 198 191 182 184 194 194 195 204 212 203 196 204 194 207 204 202 221 220 216 219 223 225 214 212 211 220 205 231 224 214 221 229 224 191 198 195 198 203 186 203 205 186 208 217 203 191 215 194 202 200 199 195 196 202 202 217 193 203 205 181 179 185 186 176 174 194 191 185 177 186 195 192 199 206 204 185 180 180 195 184 184 190 200 200 184 196 208 177 202 190 195 195 193 198 206 187 196 190 184 184 191 186 191 191 187 196 198 186 176 183 193 194 190 179 180 173 170 167 184 183 178 172 181 167 176 171 187 187 177 187 176 178 188 171 174 177 167 169 179 168 172 155 170 180 176 170 170 181 198 187 194 197 189 191 159 171 175 178 183 163 179 186 172 176 194 183 177 161 165 161 169 190 182 168 186 192 201 175 164 181 175 174 163 163 157 163 160 165 155 160 169 165 173 167 158 147 158 160 149 163 154 167 159 179 160 159 174 156 160 144 147 144 136 147 161 149 147 151 150 161 164 151 148 150 124 139 148 144 157 144 139 151 150 160 158 154 157 158 157 172 165 155 147 151 167 174 165 150 150 157 124 133 140 138 149 136 138 146 143 147 162 168 157 179 161 158 174 165 185 176 165 183 172 182 186 183 191 199 208 205 190 171 170 171 180 171 166 159 163 176 185 170 166 157 166 155 158 173 154 164 162 161 176 170 154 158 156 173 172 170 178 176 191 166 169 177 176 166 163 173 181 177 166 165 162 168 166 150 156 165 177 189 185 167 163 159 146 173 165 162 186 174 173 179 183 174 178 195 166 157 169 162 167 147 150 160 147 131 144 164 155 169 153 144 152 144 147 143 128 147 137 148 141 133 139 135 139 141 131 143 158 165 154 173 162 161 164 169 183 170 182 180 167 167 159 150 158 148 152 148 149 161 
	PassiveActor 2:
		MolID 0:
			Count:
				0 0 0 0 0 0 0 0 0 0 0 0 0 0 0 0 0 0 0 0 0 0 0 0 0 0 0 0 0 0 0 0 0 0 0 0 0 0 0 0 0 0 0 0 0 0 0 0 0 0 0 0 0 0 0 0 0 0 0 0 0 0 0 0 0 0 0 0 0 0 0 0 0 0 0 0 0 0 0 0 0 0 0 0 0 0 0 0 0 0 0 0 0 0 0 0 0 0 0 0 0 0 0 0 0 0 0 0 0 0 0 0 0 0 0 0 0 0 0 0 0 0 0 0 0 0 0 0 0 0 0 0 0 0 0 0 0 0 0 0 0 0 0 0 0 0 0 0 0 0 0 0 0 0 8 52 151 293 539 855 1257 1730 2209 2711 3177 3604 4050 4519 5030 5513 5827 6193 6432 6781 6980 7179 7333 7480 7747 7862 7979 8081 8222 8363 8421 8333 8362 8272 8406 8566 8527 8430 8360 8255 8212 8320 8216 8204 8258 8117 8007 7946 7952 7896 7896 7781 7719 7547 7649 7517 7525 7506 7385 7378 7233 7199 7048 6941 6863 6880 6899 6870 6771 6689 6582 6518 6424 6468 6451 6355 6298 6240 6164 6155 6177 6120 6017 6076 5996 5911 5744 5728 5717 5531 5536 5550 5469 5415 5437 5384 5339 5269 5291 5256 5134 5060 5067 5010 4902 4861 4828 4743 4742 4705 4703 4636 4650 4575 4497 4526 4541 4380 4354 4421 4399 4373 4286 4295 4239 4227 4127 4057 4031 3966 4044 3964 3920 3967 3883 3952 3815 3802 3725 3731 3657 3668 3615 3619 3647 3685 3615 3614 3564 3557 3557 3496 3444 3367 3361 3395 3308 3295 3319 3340 3292 3256 3248 3183 3196 3191 3201 3138 3146 3141 3137 3101 3039 3007 2876 2929 2919 2957 2869 2886 2821 2802 2740 2740 2757 2676 2656 2662 2635 2614 2640 2598 2644 2605 2530 2502 2491 2501 2484 2492 2548 2498 2553 2528 2479 2481 2443 2432 2370 2418 2415 2391 2375 2328 2265 2294 2275 2277 2238 2220 2260 2283 2268 2230 2197 2173 2194 2143 2156 2167 2142 2155 2105 2159 2143 2112 2067 2114 2019 2009 2000 1989 1975 2053 2013 1968 1983 1957 1947 1935 1937 1976 1897 1967 1912 1972 1937 1941 1890 1888 1882 1865 1825 1800 1772 1782 1758 1800 1779 1767 1759 1816 1783 1752 1684 1690 1713 1619 1673 1688 1642 1628 1607 1612 1571 1614 1628 1607 1576 1546 1556 1563 1552 1587 1558 1552 1562 1587 1560 1561 1574 1534 1534 1537 1560 1462 1454 1419 1459 1390 1448 1448 1456 1425 1430 1430 1463 1440 1419 1411 1374 1425 1417 1378 1372 1420 1412 1425 1408 1422 1403 1370 1385 1380 1347 1362 1305 1349 1329 1318 1297 1275 1265 1273 1229 1237 1232 1273 1246 1268 1292 1266 1285 1184 1158 1194 1163 1229 1201 1213 1228 1215 1209 1182 1188 1206 1191 1177 1136 1174 1157 1158 1155 1137 1137 1131 1194 1187 1146 1173 1149 1129 1132 1066 1083 1073 1046 1064 1089 1109 1079 1075 1022 1069 1066 1037 1022 979 996 1029 1048 1013 1045 1035 1020 1027 1016 1038 1017 1003 1016 1015 1009 997 995 1023 1058 1016 987 942 981 980 1014 1007 987 963 994 969 945 937 919 917 944 942 950 946 918 904 879 884 908 933 942 929 910 917 901 902 916 900 911 937 896 885 923 896 933 914 882 870 889 878 820 886 915 877 820 848 854 855 802 816 842 836 826 841 810 815 802 792 787 817 823 824 821 819 817 817 799 795 789 771 780 785 787 811 803 783 762 751 763 772 763 714 766 753 746 751 778 750 732 738 704 745 732 720 728 745 729 749 731 765 785 770 756 775 736 716 736 749 780 725 745 739 692 724 714 694 690 708 724 736 735 720 735 719 750 739 737 676 677 666 688 653 665 673 664 669 646 677 652 647 658 678 662 624 630 668 666 619 632 654 630 657 671 620 633 629 620 625 634 641 639 621 608 621 632 631 636 635 648 617 591 601 590 607 625 612 632 610 580 606 558 568 569 578 588 607 631 603 622 638 623 613 556 613 614 573 596 585 573 580 601 605 634 593 591 575 581 563 572 590 577 596 576 554 557 528 580 588 544 550 544 558 569 520 547 513 506 514 516 517 513 512 533 513 543 580 561 563 571 566 571 554 587 581 556 532 538 541 510 532 524 505 540 496 510 514 484 503 481 510 481 466 485 524 520 510 480 510 479 480 480 469 480 476 451 435 453 468 464 477 468 483 494 473 478 470 477 469 457 458 459 442 447 489 492 476 468 492 485 475 500 485 478 481 466 457 492 478 448 460 452 468 491 485 474 469 460 469 468 454 447 435 453 465 463 489 482 479 473 454 430 449 441 427 452 452 412 450 432 434 424 421 403 400 409 420 416 410 408 386 394 402 418 428 441 431 423 421 419 410 403 408 392 382 403 380 397 400 430 418 401 408 422 414 414 403 405 394 413 424 417 432 405 403 379 389 359 365 371 374 377 380 388 377 388 414 381 404 419 406 406 423 404 406 393 381 379 373 361 364 400 391 386 414 390 391 383 368 379 370 375 366 367 365 374 357 351 359 366 373 379 370 394 354 365 368 372 354 387 353 362 353 339 338 337 341 348 333 342 342 355 335 334 315 340 314 330 328 318 342 327 331 314 293 304 311 328 309 331 330 336 333 342 345 358 353 339 346 334 344 318 324 328 314 326 326 337 333 319 313 323 355 339 345 348 333 332 345 362 340 366 358 325 324 344 322 353 341 323 331 323 342 315 334 367 346 351 351 333 316 318 333 346 317 313 320 308 295 288 294 304 297 280 285 286 291 303 281 290 289 279 307 299 287 269 270 294 289 292 286 269 281 285 271 290 289 313 302 302 282 292 296 282 297 297 311 284 270 298 282 264 269 282 256 256 270 276 264 257 265 245 255 268 266 268 246 266 252 288 274 299 275 287 305 277 283 291 270 279 285 268 269 271 288 287 282 275 279 260 242 245 267 264 261 257 258 282 269 277 269 277 272 267 277 270 281 268 266 265 261 262 293 272 297 280 276 292 289 264 281 286 279 267 275 269 287 290 260 275 275 267 282 292 296 283 264 279 272 277 271 274 255 257 234 253 252 239 245 251 260 243 238 238 254 252 235 244 281 269 268 259 276 273 288 275 269 282 291 272 286 257 261 290 278 275 265 259 266 258 267 264 247 232 233 223 239 225 238 242 236 237 246 233 219 239 253 244 239 248 245 252 255 260 259 252 268 251 244 229 242 243 230 221 250 241 255 241 237 241 232 238 246 238 249 243 241 246 247 244 247 250 247 257 261 261 258 233 246 222 230 246 250 231 217 214 221 222 235 242 246 259 242 251 245 250 237 233 223 225 229 217 233 236 231 235 241 228 242 219 209 226 225 224 208 225 217 212 219 218 213 235 219 240 222 227 220 222 209 214 195 188 193 190 195 187 192 191 193 191 197 210 206 205 194 199 223 232 232 231 223 207 208 216 210 225 234 213 208 198 195 182 181 186 211 224 194 201 210 193 217 206 209 201 197 191 214 212 221 206 207 202 202 205 218 206 188 181 184 199 203 201 192 187 189 196 178 200 199 209 201 211 208 194 175 183 190 189 194 179 180 172 201 203 192 199 202 169 169 172 177 180 182 176 162 173 154 165 165 177 178 183 190 199 190 196 194 188 182 182 196 189 185 182 177 183 181 185 206 198 181 180 170 171 185 186 194 181 170 198 195 185 190 192 184 171 171 168 167 153 172 171 167 162 170 196 194 180 178 195 171 176 181 179 185 174 180 173 178 178 175 172 163 145 148 169 175 172 190 199 185 171 170 149 164 169 185 193 191 193 186 186 186 173 191 170 191 171 176 166 173 173 204 190 165 174 181 181 178 163 177 182 169 176 178 176 171 179 165 156 176 167 176 192 171 178 170 167 184 161 172 168 178 178 188 161 168 174 172 178 185 162 154 154 152 153 147 160 158 156 161 153 173 176 174 181 177 179 181 176 182 189 174 166 184 176 184 183 182 187 174 199 173 178 169 168 174 180 172 163 163 165 143 152 164 161 151 154 161 151 154 143 138 150 158 144 149 151 158 160 147 160 151 162 137 142 149 147 160 151 153 153 138 158 151 157 163 165 161 165 160 156 167 169 171 169 157 155 137 146 137 148 155 162 156 151 154 138 161 168 156 165 168 170 173 163 173 157 162 161 151 155 157 146 141 143 175 170 153 152 154 157 162 162 161 157 169 157 148 148 152 154 160 160 164 153 157 150 164 159 167 177 163 184 177 171 157 168 143 150 145 139 146 129 122 134 140 137 147 154 143 166 151 146 149 139 142 145 137 159 168 173 166 150 156 162 166 170 160 149 144 145 158 162 157 166 153 140 154 146 139 119 134 129 130 143 144 137 153 136 134 125 130 135 141 147 143 130 135 130 140 150 140 153 140 146 142 160 143 146 162 139 140 141 145 143 150 144 155 151 165 140 148 151 153 151 156 156 147 151 139 134 142 155 148 
	PassiveActor 3:
		MolID 0:
			Count:
				0 0 0 0 0 0 0 0 0 0 0 0 0 0 0 0 0 0 0 0 0 0 0 0 0 0 0 0 0 0 0 0 0 0 0 0 0 0 0 0 0 0 0 0 0 0 0 0 0 0 0 0 0 0 0 0 0 0 0 0 0 0 0 0 0 0 0 0 0 0 0 0 0 0 0 0 0 0 0 0 0 0 0 0 0 0 0 0 0 0 0 0 0 0 0 0 0 0 0 0 0 0 0 0 0 0 0 0 0 0 0 0 0 0 0 0 0 0 0 0 0 0 0 0 0 0 0 0 0 0 0 0 0 0 0 0 0 0 0 0 0 0 0 0 0 0 0 0 0 0 0 0 0 0 0 0 0 0 0 0 0 0 0 0 0 0 0 0 0 1 3 1 1 1 4 3 7 12 18 18 22 23 32 35 39 53 54 71 82 82 110 121 136 130 151 174 176 184 207 217 215 222 233 258 265 282 304 314 334 332 368 377 408 431 455 450 442 470 482 472 511 561 540 577 580 583 619 596 603 613 676 690 656 653 684 679 691 715 797 770 790 798 777 811 812 842 825 850 831 865 817 841 842 800 859 872 894 897 903 884 891 928 952 938 919 991 954 946 940 979 997 967 990 972 1007 970 970 948 983 965 1001 984 965 980 1008 976 979 993 1012 1004 1059 1074 1034 1016 1046 1060 1025 996 1049 1075 1082 1083 1073 1095 1108 1123 1074 1095 1088 1079 1089 1014 1061 1025 1057 1052 1041 1061 1074 1054 1061 1047 1101 1057 1092 1080 1049 1076 1074 1080 1037 1014 1016 1008 976 1022 1040 1029 990 985 1012 1013 993 1020 993 1023 1030 992 972 1018 995 1000 1012 1006 967 997 977 961 954 973 1002 1018 1027 975 999 959 1001 1048 1004 1004 995 971 955 948 957 985 1006 991 985 940 924 893 930 915 914 898 904 938 941 971 933 931 909 925 950 923 929 957 964 983 984 978 943 951 960 943 960 955 969 934 987 960 879 947 900 928 928 942 906 913 907 903 908 877 886 865 893 869 840 915 877 884 855 855 875 852 852 857 850 840 844 839 854 834 858 860 854 836 897 841 811 799 814 818 834 809 822 799 793 820 782 807 792 784 769 779 764 775 769 785 754 772 771 762 788 748 741 768 757 754 747 764 746 737 754 739 717 752 744 743 747 707 755 754 726 740 769 740 741 777 764 801 787 764 724 714 708 728 744 721 740 716 733 726 755 736 701 722 747 758 733 741 702 710 687 702 685 663 696 691 678 683 705 682 677 680 669 681 669 686 687 683 678 657 646 658 641 671 669 647 668 652 637 646 642 623 606 649 650 658 664 650 668 634 584 636 648 630 625 624 664 645 614 628 637 645 646 636 629 650 709 666 618 644 633 638 657 638 610 635 654 638 607 630 626 605 614 605 600 572 606 584 581 583 598 600 629 627 608 617 606 606 619 611 577 592 570 585 605 574 563 578 566 575 557 549 577 574 575 563 619 576 606 568 588 596 627 617 591 598 605 607 619 618 585 569 606 580 579 549 561 557 565 543 560 555 548 529 512 540 514 504 536 513 509 522 511 534 512 487 510 495 516 501 507 466 536 501 506 487 498 503 485 522 487 498 523 514 532 503 521 499 446 468 490 504 482 498 495 470 484 482 516 516 513 520 505 504 527 516 514 535 494 510 517 509 504 494 465 442 453 450 461 482 470 448 437 435 425 442 458 462 462 479 470 452 449 454 440 414 438 446 439 456 467 447 428 424 424 446 437 460 430 434 406 404 406 422 426 408 409 389 426 420 416 432 436 471 436 442 440 431 422 437 425 428 444 435 428 412 443 434 445 437 451 410 426 430 420 420 423 422 436 435 438 454 463 443 452 458 434 430 457 404 420 409 416 417 394 409 402 402 426 406 413 413 405 426 394 380 369 382 384 374 378 399 380 374 375 388 376 404 402 395 399 410 401 416 424 417 428 420 416 402 399 376 364 368 383 358 374 380 375 359 377 367 385 369 376 391 390 382 394 416 385 397 372 390 381 374 415 398 392 374 353 373 382 378 365 366 352 354 365 360 358 368 359 358 350 353 348 352 311 342 343 338 329 327 352 342 350 342 334 365 345 348 369 351 342 362 352 359 363 349 331 330 331 355 331 366 373 384 389 347 359 358 349 344 360 328 333 302 302 321 291 301 318 301 287 281 313 282 288 304 322 335 331 350 363 357 340 326 335 342 333 340 321 295 299 330 323 322 339 328 326 324 332 324 339 308 307 301 294 286 306 301 292 312 330 313 320 307 307 315 292 285 287 309 300 302 296 293 301 329 316 310 303 305 311 311 305 303 299 273 266 266 293 293 307 303 307 299 305 302 304 279 281 282 276 269 307 314 322 316 291 303 314 294 287 298 277 285 283 262 278 278 296 276 272 266 287 275 286 282 296 292 275 292 296 267 279 286 280 276 279 281 279 272 274 287 286 278 279 277 281 284 288 284 320 290 291 276 292 280 256 263 264 283 290 280 265 273 256 262 257 276 265 300 302 309 292 274 277 276 281 263 263 274 282 265 279 282 282 277 274 255 259 246 274 270 267 277 300 271 267 271 273 265 258 257 250 267 259 258 249 257 242 248 233 245 255 255 240 227 225 251 239 245 261 272 281 271 279 278 273 243 246 235 262 246 238 229 237 226 235 263 258 252 244 249 245 240 274 258 265 248 257 253 258 261 246 247 234 246 270 247 246 222 216 230 246 251 242 241 231 239 217 246 227 215 232 244 242 240 261 232 236 207 223 218 210 219 239 221 220 228 224 225 221 195 208 228 232 236 210 236 227 220 210 223 233 240 223 213 228 216 231 242 249 242 237 252 247 259 257 241 245 229 244 220 224 229 223 232 233 231 246 234 234 228 218 218 223 220 201 211 234 221 225 226 210 219 210 199 207 200 181 187 175 186 195 200 184 187 186 210 198 203 213 209 213 215 233 219 234 220 223 193 199 205 207 213 203 212 232 203 221 213 219 219 207 196 206 189 218 219 207 177 176 197 196 181 189 173 184 207 192 193 200 202 204 215 203 212 200 198 211 206 193 202 220 202 220 219 191 195 199 195 205 219 217 210 213 219 229 222 209 195 202 195 183 184 179 191 190 190 183 161 175 184 184 201 179 193 195 221 193 189 198 177 174 179 175 179 190 189 183 187 174 179 165 165 173 182 197 188 182 172 174 182 182 185 179 185 164 161 180 182 186 170 186 177 164 168 188 186 178 185 190 198 201 182 195 199 191 187 190 177 190 180 182 199 174 155 172 178 177 167 167 170 171 153 174 195 170 199 189 196 162 170 165 170 187 180 188 178 189 187 180 191 176 186 188 180 187 186 184 204 190 187 191 194 188 199 189 180 188 200 198 175 172 188 185 162 181 175 169 179 172 174 177 181 166 160 174 179 180 160 179 170 176 177 176 163 160 163 163 167 158 158 153 159 152 154 162 168 165 167 166 171 163 151 152 166 171 160 156 162 159 165 175 177 176 196 184 186 159 170 173 170 171 169 164 141 128 156 175 161 159 172 184 177 187 188 181 187 181 174 179 179 175 170 171 160 158 149 149 157 163 159 158 165 156 159 146 153 161 165 161 171 147 165 154 149 138 149 165 159 153 156 165 147 161 157 153 132 144 138 137 159 172 177 166 154 145 161 162 159 169 173 173 161 154 144 150 137 140 136 129 142 143 137 148 153 156 157 159 146 134 140 152 124 130 135 132 140 144 154 160 138 137 145 137 158 163 141 139 151 144 159 152 158 142 153 150 157 152 163 144 144 139 121 142 145 150 143 146 165 154 149 141 143 145 145 161 140 137 137 143 147 147 157 147 154 152 167 171 156 145 137 131 148 129 120 128 138 130 131 139 137 130 154 167 172 164 158 165 158 159 154 143 139 151 155 147 158 136 147 160 148 154 153 145 151 153 150 152 158 162 142 142 132 120 137 132 151 150 148 159 153 152 153 137 131 123 116 108 113 123 134 126 127 131 128 127 135 145 141 131 128 133 144 133 144 136 138 142 127 134 134 136 138 132 124 128 125 118 116 115 125 132 119 146 125 119 130 131 129 130 122 122 124 127 122 142 138 138 141 153 133 140 129 131 134 130 133 132 129 128 133 129 111 130 134 136 137 149 147 144 137 160 156 149 140 142 135 124 137 128 122 121 119 112 121 114 120 110 108 105 118 109 102 114 103 114 113 127 132 121 136 129 130 126 128 123 119 116 119 118 130 117 119 123 113 114 114 129 127 116 130 

