Realization 0:
	ActiveActor 0:
		1 0 1 1 1 0 1 0 1 0 1 0 
	PassiveActor 1:
		MolID 0:
			Count:
				0 0 0 0 0 0 0 0 0 0 0 0 0 0 0 0 0 0 0 0 0 0 0 0 0 0 0 0 0 0 0 0 0 0 0 0 0 0 0 0 0 0 0 0 0 0 0 0 0 0 0 0 0 1 1 0 0 0 0 0 3 3 3 2 2 7 7 7 3 3 5 5 5 8 8 7 7 7 9 9 12 12 12 15 15 20 20 20 21 21 25 25 25 27 27 40 40 40 42 42 47 47 47 48 48 53 53 53 45 45 44 44 44 53 53 60 60 60 61 61 87 87 87 65 65 77 77 77 77 77 70 70 70 82 82 81 81 81 112 112 111 111 111 127 127 126 126 126 122 122 129 129 129 132 132 150 150 150 146 146 145 145 145 147 147 176 176 176 174 174 156 156 156 174 174 184 184 184 164 164 185 185 185 193 193 207 207 207 186 186 216 216 216 208 208 196 196 196 206 206 218 218 218 234 234 243 243 243 221 221 236 236 236 248 248 234 234 234 219 219 230 230 230 242 242 224 224 224 222 222 234 234 234 266 266 258 258 258 260 260 275 275 275 241 241 259 259 259 264 264 265 265 265 263 263 265 265 265 267 267 261 261 261 267 267 289 289 289 287 287 291 291 291 288 288 291 291 291 276 276 285 285 285 282 282 289 289 289 270 270 320 320 320 308 308 288 288 288 314 314 310 310 310 312 312 276 276 276 307 307 293 293 293 306 306 318 318 318 336 336 352 352 352 305 305 303 303 303 301 301 301 301 301 325 325 307 307 307 303 303 312 312 312 325 325 321 321 321 301 301 324 324 324 337 337 324 324 324 312 312 294 294 294 299 299 312 312 312 304 304 341 341 341 320 320 302 302 302 315 315 321 321 321 342 342 317 317 317 325 325 307 307 307 368 368 368 368 368 367 367 349 349 349 338 338 388 388 388 370 370 359 359 359 411 411 403 403 403 377 377 388 388 388 390 390 386 386 386 387 387 383 383 383 374 374 416 416 416 408 408 405 405 405 433 433 427 427 427 403 403 403 403 403 412 412 422 422 422 446 446 434 434 434 454 454 464 464 464 477 477 461 461 461 481 481 470 470 470 461 461 478 478 478 485 485 505 505 505 517 517 478 478 478 478 478 490 490 490 513 513 495 495 495 504 504 486 486 486 502 502 476 476 476 474 474 446 446 446 525 525 532 532 532 533 533 553 553 553 544 544 558 558 558 567 567 555 555 555 554 554 550 550 550 565 565 585 585 585 576 576 614 614 614 575 575 568 568 568 571 571 580 580 580 582 582 592 592 592 646 646 654 654 654 647 647 643 643 643 644 644 680 680 680 667 667 690 690 690 706 706 695 695 695 677 677 676 676 676 728 728 692 692 692 724 724 698 698 698 718 718 710 710 710 712 712 729 729 729 723 723 725 725 725 764 764 756 756 756 761 761 749 749 749 730 730 744 744 744 746 746 791 791 791 746 746 776 776 776 765 765 798 798 798 795 795 811 811 811 791 791 835 835 835 843 843 832 832 832 830 830 813 813 813 804 804 843 843 843 824 824 783 783 783 803 803 799 799 799 790 790 826 826 826 899 899 875 875 875 822 822 829 829 829 820 820 904 904 904 914 914 898 898 898 917 917 939 939 939 897 897 904 904 904 934 934 924 924 924 915 915 895 895 895 943 943 980 980 980 975 975 972 972 972 955 955 1014 1014 1014 993 993 953 953 953 996 996 1021 1021 1021 1061 1061 1001 1001 1001 1042 1042 1025 1025 1025 1021 1021 967 967 967 1044 1044 1031 1031 1031 1071 1071 1009 1009 1009 1032 1032 1043 1043 1043 1052 1052 1085 1085 1085 1015 1015 1074 1074 1074 1022 1022 1024 1024 1024 1056 1056 1052 1052 1052 1037 1037 1037 1037 1037 1028 1028 1043 1043 1043 1015 1015 1037 1037 1037 1026 1026 1037 1037 1037 1075 1075 1053 1053 1053 1045 1045 1091 1091 1091 1048 1048 1081 1081 1081 1035 1035 1047 1047 1047 1050 1050 1081 1081 1081 1092 1092 1049 1049 1049 1092 1092 1074 1074 1074 1067 1067 1070 1070 1070 1069 1069 1088 1088 1088 1060 1060 1061 1061 1061 1088 1088 1035 1035 1035 1089 1089 1087 1087 1087 1047 1047 1038 1038 1038 1031 1031 1033 1033 1033 1002 1002 1031 1031 1031 1076 1076 1062 1062 1062 1031 1031 1029 1029 1029 988 988 1050 1050 1050 1051 1051 1002 1002 1002 1043 1043 1046 1046 1046 1059 1059 1059 1059 1059 1046 1046 1106 1106 1106 1064 1064 1061 1061 1061 1056 1056 1050 1050 1050 1097 1097 1008 1008 1008 992 992 1010 1010 1010 1011 1011 995 995 995 984 984 1028 1028 1028 1050 1050 1051 1051 1051 1029 1029 1019 1019 1019 1011 1011 987 987 987 1023 1023 1057 1057 1057 1054 1054 1016 1016 1016 1026 1026 1020 1020 1020 1080 1080 1075 1075 1075 1070 1070 1045 1045 1045 1097 1097 1116 1116 1116 1101 1101 1043 1043 1043 1048 1048 1020 1020 1020 1060 1060 1015 1015 1015 1032 1032 1061 1061 1061 1077 1077 1129 1129 1129 1057 1057 1030 1030 1030 1044 1044 1081 1081 1081 1149 1149 1144 1144 1144 1160 1160 1126 1126 1126 1134 1134 1166 1166 1166 1149 1149 1152 1152 1152 1139 1139 1145 1145 1145 1152 1152 1183 1183 1183 1142 1142 1136 1136 1136 1140 1140 1204 1204 1204 1179 1179 1153 1153 1153 1166 1166 1150 1150 1150 1158 1158 1172 1172 1172 1177 1177 1143 1143 1143 1128 1128 1129 1129 1129 1170 1170 1160 1160 1160 1149 1149 1184 1184 1184 1139 1139 1146 1146 1146 1197 1197 1196 1196 1196 1167 1167 1189 1189 1189 1154 1154 1176 1176 1176 1119 1119 1152 1152 1152 1191 1191 1199 1199 1199 1199 1199 1137 1137 1137 1132 1132 1221 1221 1221 1207 1207 1176 1176 1176 1170 1170 1181 1181 1181 1178 1178 1164 1164 1164 1161 1161 1091 1091 1091 1144 1144 1194 1194 1194 1109 1109 1158 1158 1158 1159 1159 1145 1145 1145 1110 1110 1130 1130 1130 1117 1117 1108 1108 1108 1108 1108 1120 1120 1120 1188 1188 1127 1127 1127 1138 1138 1141 1141 1141 1131 1131 1174 1174 1174 1114 1114 1179 1179 1179 1169 1169 1110 1110 1110 1116 1116 1103 1103 1103 1103 1103 1110 1110 1110 1131 1131 1057 1057 1057 1106 1106 1118 1118 1118 1145 1145 1144 1144 1144 1138 1138 1096 1096 1096 1126 1126 1094 1094 1094 1128 1128 1099 1099 1099 1086 1086 1116 1116 1116 1106 1106 1134 1134 1134 1140 1140 1076 1076 1076 1133 1133 1098 1098 1098 1083 1083 1098 1098 1098 1132 1132 1131 1131 1131 1186 1186 1155 1155 1155 1143 1143 1108 1108 1108 1092 1092 1089 1089 1089 1060 1060 1122 1122 1122 1096 1096 1146 1146 1146 1119 1119 1207 1207 1207 1216 1216 1190 1190 1190 1142 1142 1172 1172 1172 1197 1197 1147 1147 1147 1187 1187 1153 1153 1153 1122 1122 1146 1146 1146 1182 1182 1190 1190 1190 1198 1198 1223 1223 1223 1159 1159 1243 1243 1243 1222 1222 1246 1246 1246 1225 1225 1208 1208 1208 1252 1252 1207 1207 1207 1188 1188 1197 1197 1197 1184 1184 1189 1189 1189 1184 1184 1195 1195 1195 1194 1194 1230 1230 1230 1211 1211 1245 1245 1245 1220 1220 1197 1197 1197 1211 1211 1228 1228 1228 1209 1209 1164 1164 1164 1158 1158 1215 1215 1215 1174 1174 1212 1212 1212 1252 1252 1243 1243 1243 1205 1205 1209 1209 1209 1211 1211 1242 1242 1242 1191 1191 1248 1248 1248 1225 1225 1188 1188 1188 1148 1148 1227 1227 1227 1222 1222 1214 1214 1214 1213 1213 1239 1239 1239 1180 1180 1167 1167 1167 1185 1185 1228 1228 1228 1203 1203 1208 1208 1208 1181 1181 1173 1173 1173 1182 1182 1156 1156 1156 1175 1175 1200 1200 1200 1191 1191 1205 1205 1205 1222 1222 1176 1176 1176 1216 1216 1181 1181 1181 1169 1169 1137 1137 1137 1096 1096 1170 1170 1170 1184 1184 1160 1160 1160 1169 1169 1159 1159 1159 1151 1151 1170 1170 1170 1148 1148 1183 1183 1183 1139 1139 1219 1219 1219 1146 1146 1147 1147 1147 1170 1170 1163 1163 1163 1162 1162 1121 1121 1121 1176 1176 1144 1144 1144 1155 1155 1131 1131 1131 1174 1174 1222 1222 1222 1171 1171 1144 1144 1144 1184 1184 1145 1145 1145 1143 1143 1122 1122 1122 1188 1188 1156 1156 1156 1187 1187 1158 1158 1158 1134 1134 1210 1210 1210 1220 1220 1207 1207 1207 1194 1194 1232 1232 1232 1215 1215 1224 1224 1224 1224 1224 1212 1212 1212 1243 1243 1269 1269 1269 1238 1238 1227 1227 1227 1212 1212 1215 1215 1215 1202 1202 1218 1218 1218 1199 1199 1199 1199 1199 1224 1224 1270 1270 1270 1226 1226 1246 1246 1246 1243 1243 1257 1257 1257 1229 1229 1247 1247 1247 1281 1281 1265 1265 1265 1293 1293 1310 1310 1310 1304 1304 1257 1257 1257 1296 1296 1249 1249 1249 1252 1252 1272 1272 1272 1282 1282 1312 1312 1312 1277 1277 1267 1267 1267 1316 1316 1250 1250 1250 1214 1214 1285 1285 1285 1244 1244 1286 1286 1286 1329 1329 1272 1272 1272 1270 1270 1263 1263 1263 1293 1293 1294 1294 1294 1325 1325 1314 1314 1314 1274 1274 1293 1293 1293 1230 1230 1216 1216 1216 1278 1278 1287 1287 1287 1241 1241 1210 1210 1210 1180 1180 1155 1155 1155 1191 1191 1203 1203 1203 1169 1169 1220 1220 1220 1245 1245 1272 1272 1272 1284 1284 1212 1212 1212 1253 1253 1236 1236 1236 1229 1229 1243 1243 1243 1190 1190 1239 1239 1239 1260 1260 1224 1224 1224 1197 1197 1303 1303 1303 1285 1285 1305 1305 1305 1293 1293 1254 1254 1254 1202 1202 1271 1271 1271 1277 1277 1272 1272 1272 1249 1249 1254 1254 1254 1284 1284 1302 1302 1302 1230 1230 1230 1230 1230 1233 1233 1175 1175 1175 1186 1186 1178 1178 1178 1233 1233 1155 1155 1155 1196 1196 1180 1180 1180 1142 1142 1181 1181 1181 1205 1205 1174 1174 1174 1165 1165 1172 1172 1172 1135 1135 1166 1166 1166 1212 1212 1240 1240 1240 1144 1144 1125 1125 1125 1137 1137 1153 1153 1153 1162 1162 1169 1169 1169 1154 1154 1155 1155 1155 1183 1183 1213 1213 1213 1123 1123 1120 1120 1120 1135 1135 1113 1113 1113 1142 1142 1157 1157 1157 1114 1114 1139 1139 1139 1174 1174 1144 1144 1144 1153 1153 1128 1128 1128 1144 1144 1158 1158 1158 1170 1170 1130 1130 1130 1141 1141 1167 1167 1167 1112 1112 1111 1111 1111 1111 1111 1108 1108 1108 1119 1119 1081 1081 1081 1167 1167 1183 1183 1183 1142 1142 1111 1111 1111 1085 1085 1126 1126 1126 1111 1111 1055 1055 1055 1079 1079 1047 1047 1047 1158 1158 1076 1076 1076 1107 1107 1124 1124 1124 1132 1132 1082 1082 1082 1078 1078 1146 1146 1146 1078 1078 1087 1087 1087 1077 1077 1086 1086 1086 1056 1056 1043 1043 1043 1098 1098 1052 1052 1052 1052 1052 1029 1029 1029 1045 1045 1028 1028 1028 1090 1090 1005 1005 1005 1089 1089 1035 1035 1035 1074 1074 1026 1026 1026 1060 1060 1036 1036 1036 1027 1027 1010 1010 1010 1079 1079 1025 1025 1025 1035 1035 1019 1019 1019 1025 1025 1046 1046 1046 1003 1003 973 973 973 985 985 1018 1018 1018 983 983 1066 1066 1066 1006 1006 940 940 940 957 957 951 951 951 983 983 930 930 930 912 912 886 886 886 903 903 982 982 982 979 979 1011 1011 1011 972 972 973 973 973 979 979 993 993 993 989 989 941 941 941 944 944 967 967 967 966 966 946 946 946 942 942 929 929 929 974 974 960 960 960 909 909 876 876 876 938 938 916 916 916 928 928 947 947 947 940 940 924 924 924 912 912 886 886 886 912 912 878 878 878 966 966 937 937 937 917 917 894 894 894 901 901 900 900 900 925 925 908 908 908 919 919 931 931 931 869 869 840 840 840 896 896 834 834 834 879 879 854 854 854 860 860 848 848 848 867 867 857 857 857 930 930 927 927 927 871 871 905 905 905 905 905 883 883 883 899 899 885 885 885 881 881 871 871 871 860 860 807 807 807 817 817 874 874 874 865 865 837 837 837 927 927 937 937 937 931 931 918 918 918 898 898 920 920 920 904 904 853 853 853 900 900 894 894 894 900 900 839 839 839 857 857 801 801 801 861 861 825 825 825 901 901 898 898 898 830 830 830 830 830 844 844 823 823 823 827 827 837 837 837 794 794 798 798 798 784 784 818 818 818 811 811 822 822 822 804 804 806 806 806 798 798 840 840 840 821 821 801 801 801 838 838 787 787 787 782 782 794 794 794 805 805 760 760 760 777 777 765 765 765 805 805 795 795 795 808 808 805 805 805 784 784 779 779 779 788 788 776 776 776 744 744 731 731 731 738 738 741 741 741 744 744 746 746 746 748 748 707 707 707 735 735 749 749 749 743 743 759 759 759 778 778 765 765 765 750 750 713 713 713 730 730 729 729 729 721 721 760 760 760 750 750 726 726 726 781 781 783 783 783 740 740 738 738 738 744 744 718 718 718 743 743 766 766 766 768 768 759 759 759 715 715 704 704 704 736 736 753 753 753 781 781 742 742 742 712 712 723 723 723 715 715 754 754 754 749 749 704 704 704 723 723 713 713 713 689 689 696 696 696 732 732 691 691 691 691 691 719 719 719 702 702 691 691 691 713 713 648 648 648 676 676 706 706 706 695 695 662 662 662 693 693 671 671 671 667 667 633 633 633 638 638 669 669 669 689 689 694 694 694 666 666 682 682 682 674 674 694 694 694 696 696 660 660 660 631 631 662 662 662 636 636 671 671 671 624 624 674 674 674 636 636 656 656 656 656 656 709 709 709 698 698 697 697 697 650 650 680 680 680 672 672 688 688 688 618 618 609 609 609 647 647 652 652 652 617 617 605 605 605 601 601 583 583 583 628 628 652 652 652 649 649 662 662 662 644 644 651 651 651 647 647 608 608 608 633 633 652 652 652 664 664 650 650 650 649 649 632 632 632 652 652 660 660 660 646 646 690 690 690 666 666 665 665 665 662 662 637 637 637 633 633 622 622 622 632 632 662 662 662 679 679 655 655 655 645 645 689 689 689 670 670 651 651 651 622 622 637 637 637 634 634 659 659 659 616 616 637 637 637 599 599 604 604 604 621 621 602 602 602 609 609 643 643 643 643 643 650 650 650 601 601 607 607 607 588 588 570 570 570 580 580 554 554 554 529 529 594 594 594 580 580 561 561 561 542 542 559 559 559 589 589 577 577 577 565 565 574 574 574 587 587 584 584 584 547 547 554 554 554 560 560 590 590 590 563 563 572 572 572 535 535 570 570 570 597 597 595 595 595 545 545 512 512 512 528 528 557 557 557 536 536 523 523 523 576 576 543 543 543 587 587 601 601 601 562 562 588 588 588 553 553 559 559 559 558 558 584 584 584 577 577 584 584 584 572 572 558 558 558 567 567 561 561 561 560 560 558 558 558 549 549 547 547 547 559 559 510 510 510 540 540 564 564 564 531 531 544 544 544 534 534 542 542 542 528 528 556 556 556 517 517 533 533 533 477 477 535 535 535 511 511 550 550 550 576 576 536 536 536 553 553 523 523 523 497 497 544 544 544 514 514 536 536 536 559 559 532 532 532 540 540 518 518 518 509 509 529 529 529 515 515 532 532 532 502 502 531 531 531 520 520 531 531 531 507 507 519 519 519 531 531 519 519 519 532 532 543 543 543 495 495 515 515 515 572 572 566 566 566 520 520 535 535 535 509 509 515 515 515 529 529 539 539 539 497 497 517 517 517 446 446 500 500 500 494 494 458 458 458 502 502 511 511 511 504 504 489 489 489 507 507 504 504 504 485 485 467 467 467 502 502 466 466 466 470 470 490 490 490 487 487 478 478 478 476 476 492 492 492 487 487 515 515 515 487 487 482 482 482 501 501 487 487 487 435 435 467 467 467 448 448 476 476 476 483 483 500 500 500 487 487 451 451 451 472 472 457 457 457 466 466 496 496 496 483 483 481 481 481 468 468 457 457 457 477 477 522 522 522 500 500 496 496 496 483 483 474 474 474 483 483 480 480 480 493 493 462 462 462 470 470 476 476 476 477 477 456 456 456 444 444 466 466 466 458 458 461 461 461 446 446 469 469 469 492 492 490 490 490 465 465 505 505 505 496 496 490 490 490 501 501 472 472 472 478 478 482 482 482 470 470 415 415 415 462 462 450 450 450 476 476 441 441 441 440 440 489 489 489 455 455 448 448 448 470 470 451 451 451 436 436 468 468 468 466 466 438 438 438 451 451 472 472 472 464 464 466 466 466 469 469 458 458 458 438 438 424 424 424 431 431 440 440 440 439 439 447 447 447 409 409 444 444 444 430 430 424 424 424 438 438 442 442 442 419 419 420 420 420 415 415 436 436 436 459 459 441 441 441 464 464 450 450 450 437 437 434 434 434 458 458 438 438 438 436 436 424 424 424 446 446 451 451 451 455 455 446 446 446 441 441 433 433 433 460 460 457 457 457 454 454 466 466 466 440 440 459 459 459 445 445 402 402 402 398 398 385 385 385 391 391 400 400 400 428 428 431 431 431 425 425 391 391 391 423 423 435 435 435 430 430 436 436 436 411 411 401 401 401 394 394 409 409 409 405 405 387 387 387 423 423 384 384 384 382 382 389 389 389 418 418 416 416 416 408 408 427 427 427 398 398 412 412 412 397 397 384 384 384 421 421 406 406 406 382 382 397 397 397 401 401 403 403 403 413 413 388 388 388 406 406 387 387 387 405 405 409 409 409 416 416 390 390 390 386 386 394 394 394 386 386 410 410 410 416 416 422 422 422 395 395 400 400 400 424 424 387 387 387 396 396 397 397 397 383 383 415 415 415 440 440 421 421 421 445 445 413 413 413 395 395 408 408 408 407 407 399 399 399 407 407 381 381 381 407 407 417 417 417 384 384 383 383 383 417 417 392 392 392 415 415 382 382 382 393 393 389 389 389 399 399 366 366 366 376 376 381 381 381 365 365 386 386 386 396 396 392 392 392 389 389 371 371 371 352 352 344 344 344 358 358 384 384 384 381 381 383 383 383 377 377 392 392 392 379 379 364 364 364 372 372 366 366 366 385 385 382 382 382 373 373 368 368 368 372 372 385 385 385 385 385 366 366 366 380 380 344 344 344 356 356 362 362 362 363 363 338 338 338 336 336 348 348 348 359 359 344 344 344 328 328 353 353 353 341 341 348 348 348 351 351 342 342 342 369 369 375 375 375 361 361 356 356 356 337 337 349 349 349 385 385 341 341 341 343 343 351 351 351 369 369 379 379 379 375 375 369 369 369 394 394 354 354 354 362 362 349 349 349 335 335 344 344 344 365 365 370 370 370 368 368 347 347 347 353 353 349 349 349 357 357 400 400 400 375 375 360 360 360 392 392 377 377 377 352 352 325 325 325 356 356 339 339 339 350 350 344 344 344 367 367 372 372 372 389 389 359 359 359 357 357 365 365 365 359 359 346 346 346 345 345 349 349 349 348 348 354 354 354 368 368 345 345 345 349 349 339 339 339 346 346 334 334 334 399 399 350 350 350 334 334 321 321 321 328 328 356 356 356 331 331 333 333 333 352 352 335 335 335 315 315 325 325 325 343 343 348 348 348 339 339 331 331 331 354 354 348 348 348 327 327 341 341 341 347 347 338 338 338 363 363 359 359 359 344 344 317 317 317 337 337 347 347 347 346 346 320 320 320 320 320 329 329 329 312 312 343 343 343 304 304 328 328 328 318 318 339 339 339 332 332 317 317 317 305 305 341 341 341 355 355 342 342 342 320 320 307 307 307 312 312 325 325 325 327 327 303 303 303 306 306 311 311 311 330 330 307 307 307 333 333 316 316 316 325 325 332 332 332 320 320 287 287 287 325 325 311 311 311 317 317 297 297 297 301 301 288 288 288 322 322 302 302 302 307 307 333 333 333 312 312 314 314 314 300 300 333 333 333 324 324 274 274 274 310 310 304 304 304 296 296 300 300 300 290 290 312 312 312 340 340 317 317 317 329 329 318 318 318 337 337 301 301 301 281 281 277 277 277 287 287 305 305 305 292 292 317 317 317 307 307 312 312 312 309 309 326 326 326 300 300 317 317 317 313 313 325 325 325 300 300 297 297 297 298 298 301 301 301 315 315 307 307 307 295 295 280 280 280 293 293 272 272 272 303 303 283 283 283 272 272 276 276 276 290 290 296 296 296 273 273 266 266 266 283 283 275 275 275 275 275 268 268 268 277 277 266 266 266 256 256 285 285 285 300 300 292 292 292 306 306 279 279 279 277 277 279 279 279 261 261 298 298 298 300 300 328 328 328 294 294 300 300 300 303 303 270 270 270 257 257 251 251 251 273 273 272 272 272 293 293 308 308 308 285 285 303 303 303 292 292 294 294 294 291 291 301 301 301 299 299 299 299 299 274 274 295 295 295 318 318 301 301 301 301 301 292 292 292 293 293 308 308 308 322 322 306 306 306 307 307 302 302 302 305 305 318 318 318 285 285 297 297 297 292 292 316 316 316 307 307 271 271 271 288 288 281 281 281 266 266 281 281 281 272 272 307 307 307 307 307 314 314 314 274 274 297 297 297 264 264 292 292 292 303 303 310 310 310 301 301 282 282 282 278 278 277 277 277 263 263 295 295 295 291 291 286 286 286 301 301 277 277 277 290 290 306 306 306 291 291 288 288 288 276 276 281 281 281 293 293 314 314 314 271 271 282 282 282 292 292 276 276 276 289 289 312 312 312 285 285 295 295 295 274 274 301 301 301 280 280 276 276 276 264 264 285 285 285 273 273 300 300 300 246 246 255 255 255 255 255 254 254 254 245 245 234 234 234 265 265 286 286 286 296 296 309 309 309 309 309 264 264 264 266 266 259 259 259 280 280 313 313 313 271 271 291 291 291 285 285 245 245 245 269 269 290 290 290 284 284 271 271 271 273 273 275 275 275 269 269 247 247 247 286 286 283 283 283 286 286 288 288 288 257 257 257 257 257 268 268 258 258 258 262 262 228 228 228 272 272 253 253 253 224 224 262 262 262 240 240 237 237 237 255 255 255 255 255 274 274 263 263 263 262 262 272 272 272 247 247 263 263 263 261 261 262 262 262 244 244 239 239 239 246 246 240 240 240 256 256 253 253 253 234 234 244 244 244 225 225 247 247 247 255 255 255 255 255 227 227 266 266 266 242 242 251 251 251 227 227 251 251 251 257 257 244 244 244 249 249 256 256 256 240 240 244 244 244 241 241 231 231 231 265 265 248 248 248 248 248 265 265 265 268 268 265 265 265 269 269 236 236 236 241 241 257 257 257 251 251 225 225 225 232 232 239 239 239 278 278 274 274 274 294 294 282 282 282 280 280 274 274 274 270 270 265 265 265 272 272 283 283 283 266 266 259 259 259 261 261 269 269 269 256 256 281 281 281 269 269 269 269 269 247 247 245 245 245 253 253 239 239 239 262 262 239 239 239 266 266 249 249 249 256 256 240 240 240 251 251 257 257 257 224 224 237 237 237 241 241 260 260 260 237 237 252 252 252 268 268 230 230 230 243 243 238 238 238 260 260 276 276 276 259 259 254 254 254 238 238 249 249 249 234 234 241 241 241 256 256 232 232 232 261 261 238 238 238 235 235 242 242 242 241 241 244 244 244 259 259 226 226 226 225 225 243 243 243 234 234 244 244 244 261 261 246 246 246 250 250 248 248 248 254 254 257 257 257 241 241 247 247 247 229 229 232 232 232 212 212 226 226 226 248 248 224 224 224 215 215 240 240 240 251 251 236 236 236 232 232 251 251 251 266 266 243 243 243 246 246 262 262 262 276 276 231 231 231 246 246 240 240 240 245 245 240 240 240 244 244 207 207 207 228 228 239 239 239 211 211 233 233 233 221 221 235 235 235 224 224 220 220 220 217 217 236 236 236 233 233 238 238 238 233 233 227 227 227 245 245 231 231 231 227 227 231 231 231 235 235 219 219 219 231 231 219 219 219 190 190 209 209 209 216 216 233 233 233 226 226 190 190 190 209 209 216 216 216 228 228 216 216 216 224 224 224 224 224 211 211 207 207 207 214 214 214 214 214 200 200 205 205 205 227 227 242 242 242 217 217 234 234 234 240 240 227 227 227 231 231 202 202 202 219 219 243 243 243 220 220 219 219 219 223 223 245 245 245 255 255 240 240 240 214 214 193 193 193 201 201 203 203 203 221 221 218 218 218 230 230 236 236 236 232 232 225 225 225 235 235 253 253 253 243 243 232 232 232 242 242 259 259 259 236 236 237 237 237 236 236 234 234 234 199 199 226 226 226 212 212 218 218 218 215 215 212 212 212 228 228 217 217 217 216 216 214 214 214 239 239 221 221 221 226 226 200 200 200 205 205 211 211 211 231 231 219 219 219 230 230 226 226 226 242 242 226 226 226 212 212 205 205 205 206 206 233 233 233 221 221 213 213 213 231 231 220 220 220 241 241 205 205 205 181 181 201 201 201 197 197 216 216 216 218 218 225 225 225 204 204 203 203 203 217 217 202 202 202 200 200 221 221 221 234 234 208 208 208 190 190 206 206 206 208 208 220 220 220 219 219 204 204 204 223 223 214 214 214 208 208 212 212 212 199 199 214 214 214 228 228 212 212 212 198 198 203 203 203 214 214 188 188 188 206 206 198 198 198 222 222 202 202 202 192 192 210 210 210 218 218 214 214 214 217 217 210 210 210 201 201 201 201 201 207 207 215 215 215 209 209 217 217 217 195 195 184 184 184 205 205 192 192 192 184 184 206 206 206 201 201 216 216 216 222 222 208 208 208 225 225 230 230 230 230 230 206 206 206 196 196 196 196 196 223 223 192 192 192 196 196 207 207 207 222 222 211 211 211 184 184 198 198 198 198 198 184 184 184 199 199 192 192 192 187 187 193 193 193 183 183 202 202 202 211 211 197 197 197 185 185 182 182 182 210 210 218 218 218 191 191 209 209 209 212 212 193 193 193 198 198 202 202 202 210 210 207 207 207 192 192 210 210 210 203 203 210 210 210 186 186 190 190 190 176 176 194 194 194 202 202 199 199 199 205 205 206 206 206 213 213 197 197 197 177 177 158 158 158 189 189 182 182 182 186 186 189 189 189 185 185 183 183 183 195 195 171 171 171 197 197 175 175 175 189 189 196 196 196 217 217 201 201 201 193 193 211 211 211 195 195 191 191 191 188 188 199 199 199 189 189 168 168 168 191 191 193 193 193 178 178 183 183 183 187 187 200 200 200 200 200 193 193 193 176 176 177 177 177 196 196 207 207 207 226 226 211 211 211 170 170 189 189 189 180 180 187 187 187 207 207 174 174 174 185 185 183 183 183 202 202 178 178 178 197 197 204 204 204 186 186 200 200 200 198 198 208 208 208 208 208 192 192 192 198 198 178 178 178 192 192 199 199 199 181 181 179 179 179 191 191 
	PassiveActor 2:
		MolID 0:
			Count:
				0 0 0 0 0 0 0 0 0 0 0 0 0 0 0 0 0 0 0 0 0 0 0 0 0 0 0 0 0 0 0 0 0 0 0 0 0 0 0 0 0 0 0 0 0 0 0 0 0 0 0 0 0 0 0 0 0 0 0 0 0 0 0 0 0 0 0 0 0 0 0 0 0 0 0 0 0 0 0 0 0 0 0 0 0 0 0 0 0 0 0 0 0 0 0 0 0 0 0 0 0 0 0 2 1 2 1 1 1 1 1 1 4 4 3 1 2 1 2 2 1 2 1 1 1 3 3 1 2 3 2 5 4 3 2 2 2 1 0 0 1 2 0 1 5 2 3 5 1 5 9 12 5 2 5 2 4 5 8 7 3 2 3 2 5 2 3 2 3 6 4 7 9 11 6 8 7 7 9 11 12 10 8 9 6 6 6 2 6 11 11 8 9 11 7 11 9 11 12 10 9 8 9 15 12 12 11 9 14 13 13 13 11 9 16 12 13 10 14 13 16 14 18 19 19 16 19 15 17 17 13 13 14 17 18 16 15 19 16 19 17 18 16 16 19 16 14 17 20 19 13 18 20 20 19 23 27 27 17 18 13 24 24 12 19 17 19 18 20 19 21 24 37 24 31 35 31 22 29 29 27 30 35 30 25 26 29 33 31 28 39 31 33 34 36 32 25 27 27 31 30 34 35 32 26 30 32 27 40 34 41 45 45 38 49 50 41 49 46 39 36 46 44 52 47 49 47 34 45 50 48 42 49 51 44 46 49 45 55 61 56 47 52 62 43 48 64 52 53 43 37 50 50 57 56 62 55 59 56 53 48 44 51 53 39 51 51 55 57 52 59 46 58 54 68 63 67 76 69 65 71 72 78 74 64 53 58 47 55 70 64 61 61 73 80 75 75 73 62 79 65 72 51 67 73 83 82 69 79 80 91 82 67 82 89 90 78 80 80 74 84 85 86 88 85 79 97 88 99 81 87 88 84 96 86 82 78 87 101 109 99 99 112 94 97 93 79 89 88 91 109 92 85 91 97 88 83 85 94 117 103 113 103 104 122 103 103 113 109 109 111 125 96 114 110 107 112 120 108 114 109 121 109 114 100 100 102 104 111 113 98 105 120 116 86 96 96 104 113 114 114 127 112 121 120 126 130 125 129 111 117 111 116 123 111 111 121 141 137 124 128 127 116 123 129 122 126 125 139 128 147 137 133 103 127 138 148 146 138 145 156 141 131 132 146 144 132 134 129 151 140 152 159 141 130 145 146 135 146 155 150 147 152 164 169 159 159 168 170 141 132 154 145 158 130 163 152 149 150 146 152 169 163 166 163 128 138 141 128 155 136 155 147 151 163 147 156 151 149 155 143 136 160 165 152 148 137 152 160 136 144 159 158 160 161 163 163 180 160 174 177 183 173 175 181 175 181 179 172 164 177 191 180 185 153 153 155 176 179 180 169 145 169 169 184 159 169 157 169 188 173 164 164 185 184 197 190 177 201 210 199 176 182 184 172 189 197 194 178 196 198 184 188 193 194 179 157 196 186 195 192 187 184 185 197 202 208 192 200 182 188 165 179 176 171 171 183 202 205 188 200 197 174 191 188 197 188 198 189 172 185 191 186 217 190 188 178 204 183 197 188 211 200 178 188 191 197 189 186 172 182 193 191 198 188 206 192 212 214 223 229 223 217 220 221 204 214 214 209 215 194 224 190 223 218 224 231 220 215 194 214 220 224 229 230 212 196 206 225 216 220 234 212 215 211 231 224 212 217 223 234 203 225 221 211 235 224 226 231 205 209 218 203 218 218 207 216 206 219 221 216 202 218 222 209 209 195 199 218 236 236 218 218 218 211 203 234 229 219 211 227 238 245 219 221 219 214 221 212 218 218 219 238 245 241 229 224 252 253 253 237 229 223 231 255 248 251 246 254 226 210 227 239 240 234 236 249 233 246 248 222 227 224 225 241 248 265 207 232 227 210 236 216 221 240 215 204 195 234 201 225 242 258 263 262 276 262 256 256 235 241 254 260 253 257 261 257 232 238 230 229 228 243 250 243 236 248 240 247 236 246 254 252 235 230 234 244 250 235 254 227 259 250 266 227 242 241 225 262 221 211 238 227 230 249 238 236 230 235 235 252 269 266 265 264 255 248 275 246 254 264 252 238 236 254 247 248 228 271 274 264 226 225 244 253 245 246 261 252 248 267 275 275 261 270 261 262 282 252 246 259 242 241 251 246 229 249 262 263 245 261 243 228 236 214 234 237 235 213 233 257 231 241 247 249 261 240 253 255 275 268 286 296 243 256 254 243 250 250 232 223 245 235 260 248 242 255 286 260 272 251 262 250 259 232 255 261 261 232 247 292 245 267 272 260 266 264 267 255 245 259 269 256 265 278 272 242 267 255 244 255 258 254 254 269 251 261 253 251 256 251 252 255 242 247 253 233 213 239 251 244 247 243 250 243 238 229 219 229 249 228 240 239 254 240 247 249 239 268 266 249 241 213 251 207 238 230 242 252 257 251 252 241 244 249 248 247 234 237 256 263 235 231 227 240 254 266 249 254 233 242 238 250 246 259 238 239 243 245 212 240 236 236 210 231 259 258 288 274 270 244 283 264 248 285 270 249 264 262 255 240 240 240 233 241 245 230 231 251 242 269 252 231 218 203 236 203 217 230 226 230 218 243 239 245 254 223 230 219 237 225 212 249 263 249 245 241 233 244 248 240 244 237 240 226 240 224 226 239 240 221 242 257 230 264 229 242 252 239 224 246 223 226 228 235 242 215 205 233 228 233 248 235 237 228 222 241 235 246 251 244 251 228 237 225 222 239 194 221 214 230 227 224 240 250 239 243 232 235 221 234 229 226 218 202 255 238 242 249 257 254 240 231 209 227 217 241 212 209 225 219 224 224 216 227 230 216 235 226 221 224 225 223 202 234 237 236 243 231 228 222 219 206 212 222 236 228 214 235 224 203 225 234 205 208 235 246 217 222 223 225 227 207 218 222 245 238 234 223 212 220 227 207 204 189 201 188 188 202 203 222 226 216 201 228 228 228 204 239 246 232 236 231 207 202 187 203 205 210 217 203 204 203 206 209 218 192 203 214 228 197 210 197 192 202 213 192 208 206 205 211 195 197 200 217 201 207 200 209 210 222 210 224 237 246 226 237 234 230 235 219 223 211 221 230 193 200 215 217 231 223 196 212 218 224 214 209 235 211 211 196 203 204 242 213 241 239 253 226 231 204 189 202 193 182 180 188 156 172 182 180 202 200 191 198 200 209 217 185 203 206 209 212 206 220 220 224 201 191 207 207 210 213 214 212 207 177 193 210 214 205 225 229 210 207 214 208 212 207 209 216 209 191 184 188 203 215 194 190 218 212 214 223 209 239 247 240 233 214 198 197 199 213 175 169 180 185 208 203 229 218 235 231 220 198 215 221 191 196 187 186 207 169 185 198 200 204 192 215 216 211 208 211 202 201 208 222 198 213 190 197 192 186 186 183 205 216 211 205 204 227 224 194 173 173 160 171 195 189 196 209 192 202 193 198 208 190 181 194 180 183 187 186 188 195 176 183 180 172 165 162 172 173 171 179 170 194 177 154 182 189 205 205 180 162 181 183 174 193 220 206 215 185 194 201 199 195 190 187 202 176 185 158 207 176 179 167 174 194 175 187 160 162 167 168 202 195 204 178 181 173 159 166 181 173 171 161 163 174 167 168 158 194 193 190 176 180 196 186 176 179 179 189 188 198 185 179 205 182 190 169 192 180 167 187 187 200 186 205 178 181 163 155 167 174 180 192 176 180 169 175 185 192 197 186 188 181 196 187 193 198 204 208 196 178 186 178 180 193 195 179 194 176 167 171 165 168 197 179 170 162 179 157 202 186 176 187 182 178 172 181 177 172 198 200 168 182 179 163 166 162 164 158 171 168 166 171 167 157 153 160 177 162 164 170 174 170 190 180 195 200 178 178 172 159 164 174 178 177 173 185 182 163 174 173 179 177 172 165 169 168 185 165 161 172 171 159 173 179 165 172 176 172 178 184 190 163 175 161 165 151 191 179 171 173 171 170 167 170 141 161 151 159 165 158 170 164 170 178 178 177 177 181 175 196 182 174 167 172 189 173 161 174 152 150 168 184 167 163 178 180 175 185 177 168 172 164 179 188 163 166 167 162 176 175 173 168 166 167 183 153 155 170 178 163 134 142 140 154 174 184 155 148 163 160 147 142 149 150 166 166 169 151 156 154 164 151 138 138 155 143 135 133 143 145 165 152 138 145 164 141 147 139 136 130 175 166 159 181 166 174 164 168 158 149 143 154 156 153 169 145 172 182 162 148 156 153 159 138 168 169 178 169 180 166 160 155 166 149 153 158 143 141 170 164 151 163 161 156 163 164 169 166 157 133 137 148 165 153 169 151 139 148 161 148 149 144 150 142 134 155 133 142 147 140 138 155 146 153 166 155 150 165 164 164 163 167 175 163 138 142 138 165 167 158 153 144 135 136 139 145 130 139 131 135 131 135 136 140 149 139 149 145 155 151 154 142 130 135 122 144 144 146 143 133 138 135 131 152 137 134 135 128 126 128 137 123 135 135 137 129 124 119 135 147 136 124 141 151 135 138 148 138 157 154 135 135 123 134 129 143 129 133 135 148 155 144 143 159 139 124 121 120 135 135 140 148 143 147 162 172 150 155 140 157 152 155 157 157 143 140 133 146 144 146 147 148 150 138 160 138 134 149 147 157 152 161 174 153 146 151 148 145 161 143 137 138 155 138 144 137 134 141 125 124 148 164 139 140 138 147 133 141 145 142 142 162 125 122 115 139 148 130 127 125 144 141 134 132 130 132 147 150 139 152 145 148 162 142 139 127 136 130 127 136 139 127 114 144 131 103 126 119 124 119 128 132 140 140 141 121 144 134 136 134 135 159 121 129 129 124 124 133 139 146 138 134 142 140 144 139 148 132 117 150 128 133 149 134 140 121 110 109 125 136 133 112 121 114 128 155 152 139 126 129 151 138 133 134 127 138 130 140 122 122 117 133 128 129 124 134 119 
	PassiveActor 3:
		MolID 0:
			Count:
				0 0 0 0 0 0 0 0 0 0 0 0 0 0 0 0 0 0 0 0 0 0 0 0 0 0 0 0 0 0 0 0 0 0 0 0 0 0 0 0 0 0 0 0 0 0 0 0 0 0 0 0 0 0 0 0 0 0 0 0 0 0 0 0 0 0 0 0 0 0 0 0 0 0 0 0 0 0 0 0 0 0 0 0 0 0 0 0 0 0 0 0 0 0 0 0 0 0 0 0 0 0 0 0 0 0 0 0 0 0 0 0 0 0 0 0 0 0 0 0 0 0 0 0 0 0 0 0 0 0 0 0 0 0 0 0 0 0 0 0 0 0 0 0 0 0 0 0 0 0 0 0 0 0 0 0 0 0 0 0 0 0 0 0 0 0 0 0 0 0 0 0 0 0 0 0 0 0 0 0 0 0 0 0 0 0 0 0 0 0 0 0 0 0 0 0 0 0 0 0 0 0 0 0 0 0 0 0 0 0 0 0 0 0 0 0 0 0 0 0 0 0 0 0 0 0 0 0 0 0 0 0 0 0 0 0 0 0 0 0 0 0 0 0 0 0 0 0 0 0 0 0 0 0 0 0 0 0 0 0 0 0 0 0 0 0 0 0 0 0 0 0 0 0 0 0 0 0 0 0 0 0 0 0 0 0 0 0 0 0 0 0 0 0 0 0 0 0 0 0 0 0 0 0 0 0 0 0 0 0 0 0 0 0 0 0 0 0 0 0 0 0 0 0 0 0 0 0 0 0 0 0 0 0 0 0 0 0 0 0 0 0 0 0 0 0 0 0 0 0 0 0 0 0 0 0 0 0 0 0 0 0 0 0 0 0 0 0 0 0 1 1 0 0 0 0 0 0 0 0 0 0 0 0 0 0 0 0 0 0 0 0 0 0 0 0 0 0 0 0 0 0 0 0 0 0 0 0 0 0 0 0 0 0 0 0 0 0 0 0 0 0 0 0 0 0 0 0 0 0 0 0 1 1 1 1 1 0 0 0 0 0 1 0 1 2 0 1 1 0 0 0 0 0 1 0 0 0 0 0 0 0 0 0 0 0 0 0 0 0 0 0 0 0 0 0 0 0 0 0 0 0 0 0 0 0 0 0 0 0 0 0 0 0 0 0 0 1 0 0 0 1 0 1 1 0 0 0 0 0 0 0 0 0 1 1 1 1 1 1 1 1 0 0 0 0 0 0 0 0 0 0 0 0 0 0 0 0 0 0 1 1 3 3 1 0 2 1 0 1 1 1 0 0 0 0 0 0 0 2 2 0 1 1 1 1 0 0 0 1 0 0 0 0 0 0 0 0 0 0 0 1 1 1 1 0 0 0 1 2 2 0 2 3 2 1 1 1 0 0 0 0 1 0 1 1 2 0 1 0 1 0 0 3 0 0 0 3 1 0 0 0 0 0 0 0 0 0 1 0 2 2 1 1 1 0 1 1 1 1 0 2 2 2 2 1 1 1 1 2 1 1 0 0 1 3 3 1 2 1 2 3 1 1 0 3 2 1 0 1 0 2 2 5 2 1 1 0 1 1 0 0 0 0 0 0 1 1 0 1 1 1 0 3 2 0 2 1 2 0 0 1 1 1 1 2 2 0 1 2 2 2 1 1 0 2 2 2 1 1 1 1 1 1 2 2 0 1 0 2 3 4 5 5 3 3 1 1 1 1 0 0 0 0 2 1 2 1 1 1 3 3 1 2 1 3 2 1 3 1 1 0 0 0 2 2 3 2 3 3 4 1 2 0 1 0 1 1 2 1 1 1 2 4 4 1 4 1 3 4 5 3 2 3 4 4 7 5 4 3 3 4 4 6 5 2 6 6 6 8 3 6 3 4 7 4 7 6 3 1 1 2 3 6 7 3 2 3 2 2 1 3 2 4 4 1 4 1 1 1 0 3 2 2 4 3 4 4 1 2 3 2 2 3 3 1 3 6 8 1 6 3 3 2 0 1 3 2 3 5 3 2 2 3 2 4 3 5 4 8 5 5 4 5 5 4 2 1 3 3 4 3 3 1 2 1 3 9 3 4 3 4 3 3 5 5 5 6 3 1 3 3 7 3 4 3 0 0 0 2 1 2 6 4 2 2 6 3 3 5 6 10 6 3 1 2 5 7 5 8 10 8 6 5 6 3 2 4 5 5 4 4 6 5 4 3 1 2 1 1 2 2 3 4 3 7 5 6 4 6 3 4 4 5 3 2 4 1 4 2 8 11 8 12 10 9 8 7 6 4 8 6 6 6 10 10 8 6 7 7 6 7 5 5 5 4 5 5 4 2 6 6 5 7 7 12 11 12 10 14 15 9 5 12 10 12 6 3 3 10 7 11 9 7 7 7 5 5 7 3 6 8 4 2 4 8 8 10 9 10 7 7 6 9 8 11 9 8 10 6 10 8 8 9 7 5 7 7 7 9 13 6 4 5 3 9 10 12 11 10 9 10 6 7 12 9 10 7 14 13 11 13 12 11 13 15 12 9 14 7 4 4 6 7 8 6 8 9 10 12 10 10 9 5 11 7 8 9 7 12 8 8 10 12 9 8 12 8 7 9 8 8 7 3 5 13 13 11 17 14 10 8 12 11 16 10 7 9 9 8 9 13 11 9 7 11 11 15 15 12 15 13 12 13 13 11 9 11 14 11 8 7 8 10 15 15 14 15 10 15 12 8 14 13 12 15 9 9 7 8 7 10 11 10 8 17 10 10 12 13 15 10 10 9 12 11 10 10 14 6 10 9 14 9 15 12 14 15 11 18 12 12 18 16 16 12 15 11 11 8 8 8 12 17 16 11 15 13 15 16 16 15 16 19 15 17 14 17 14 18 19 12 12 11 9 9 18 19 14 11 20 14 12 18 15 11 17 22 15 17 14 14 8 14 11 12 21 20 19 13 17 20 11 15 22 18 17 13 14 15 11 16 22 17 21 22 22 17 22 17 23 21 22 17 28 20 17 16 17 16 15 18 17 15 15 13 15 15 19 23 19 15 15 11 17 17 22 15 15 11 16 19 17 12 14 12 11 15 18 19 18 20 20 20 18 23 21 20 21 19 19 16 16 16 15 13 11 17 15 25 21 13 16 14 14 19 13 18 20 14 17 22 13 17 17 11 18 19 26 25 20 20 18 22 26 21 13 23 15 12 14 10 12 14 12 16 11 10 18 14 19 15 18 19 14 12 20 15 16 22 16 25 29 22 19 19 23 20 16 18 17 12 16 12 18 16 21 18 23 20 22 18 14 17 19 15 16 11 17 18 25 17 20 13 16 14 18 17 17 16 21 24 20 27 21 23 22 26 26 23 23 25 21 20 26 23 23 28 24 19 19 23 21 21 17 17 22 19 25 20 21 19 15 20 22 19 24 19 23 18 16 15 16 14 18 17 18 16 17 18 16 20 21 29 28 32 23 24 24 24 22 18 21 19 25 25 27 29 21 16 18 19 14 20 23 20 23 24 29 36 32 25 20 14 21 28 22 16 20 27 31 22 30 27 28 26 22 22 32 35 22 23 25 24 24 19 19 21 28 30 35 33 33 23 22 21 30 29 22 27 25 26 22 25 17 21 23 10 16 23 22 25 25 24 23 36 39 23 25 34 22 27 19 26 22 20 20 24 24 17 18 15 24 18 24 19 19 19 21 21 21 20 28 23 24 25 22 29 31 23 27 29 31 25 26 23 20 25 18 18 19 17 30 33 28 29 27 27 30 25 28 26 20 25 30 27 28 23 25 24 24 27 22 23 30 31 30 31 32 31 28 37 31 36 24 29 22 23 25 25 22 17 19 28 26 22 29 27 31 34 33 31 25 29 26 26 26 23 31 29 32 28 37 32 41 29 42 39 28 28 31 32 33 38 39 42 36 29 32 26 27 23 25 24 21 20 18 24 26 33 33 35 33 28 43 30 22 28 28 32 28 27 31 34 28 22 32 30 29 23 29 27 25 29 23 23 24 27 30 26 27 28 28 37 22 25 23 21 19 23 24 18 30 19 18 17 24 28 25 21 34 23 19 29 27 31 27 26 18 18 20 19 22 20 21 12 21 22 17 28 20 28 26 22 19 23 23 23 24 26 23 18 25 21 21 23 23 26 24 27 35 30 33 31 28 20 28 32 29 30 24 31 32 32 35 37 27 29 24 28 28 21 28 26 27 31 31 34 24 28 24 24 19 27 29 25 24 25 26 26 31 32 23 26 27 30 30 27 24 28 27 28 28 29 28 32 32 22 29 33 29 31 34 25 23 20 25 27 18 24 23 22 23 23 33 33 33 21 25 30 33 36 30 29 25 24 28 25 27 29 30 25 28 28 29 31 26 33 34 33 34 27 25 22 28 33 37 33 28 32 31 32 36 31 32 29 33 32 24 24 37 26 23 25 26 37 32 28 22 26 31 33 37 33 36 28 40 34 27 27 31 34 33 32 37 31 29 30 30 24 30 28 22 32 35 32 25 29 26 35 32 28 31 31 24 31 28 24 30 32 29 33 36 27 36 34 25 24 29 29 34 32 35 32 27 30 25 29 22 27 24 32 27 28 25 32 27 28 18 25 20 23 27 35 38 40 40 34 32 25 34 31 30 33 32 31 28 25 22 28 37 37 40 37 33 28 31 35 31 35 38 40 46 43 43 35 37 44 39 33 36 31 32 26 24 25 29 29 30 32 31 36 41 34 26 23 22 33 27 36 37 26 19 25 32 29 28 21 27 29 33 39 33 31 36 34 37 37 26 19 32 33 43 40 32 27 25 39 28 30 31 37 34 27 28 35 25 30 29 24 30 28 23 31 33 27 33 28 25 28 25 32 19 27 26 34 33 41 38 25 32 32 30 30 28 26 26 35 34 28 28 26 29 27 25 28 33 33 29 29 30 26 28 24 27 27 33 35 34 33 27 22 21 29 31 36 32 37 33 36 35 29 32 28 34 36 35 28 27 29 33 34 29 34 30 39 28 38 40 35 42 46 34 39 32 29 33 36 36 33 29 33 32 38 34 29 27 28 35 23 29 32 28 28 36 34 36 49 42 41 43 37 26 33 31 29 25 24 30 25 29 31 

