Realization 0:
	ActiveActor 0:
		1 0 1 1 1 0 1 0 1 0 1 0 
	PassiveActor 1:
		MolID 0:
			Count:
				0 0 0 0 0 0 0 0 0 0 0 0 0 0 0 0 0 0 0 0 0 0 0 0 0 0 0 0 0 0 0 0 0 0 0 0 0 0 0 0 0 0 0 0 0 0 0 0 0 1 0 0 0 0 0 0 1 1 2 1 0 0 0 1 1 2 2 7 5 6 6 6 5 7 9 9 8 9 11 9 15 7 11 14 15 21 16 14 18 17 25 24 26 20 24 31 30 31 38 45 43 51 49 54 53 58 56 55 50 58 49 54 52 56 51 52 53 61 72 75 73 83 91 84 88 83 88 97 94 99 107 98 101 105 119 125 111 118 115 122 104 102 119 130 124 130 142 148 138 134 145 136 126 136 133 141 138 149 151 148 132 164 173 177 188 174 164 180 182 158 169 182 179 193 202 196 189 201 197 203 199 196 168 184 179 186 182 203 202 207 205 221 222 205 206 194 207 211 219 220 219 229 216 222 215 232 219 226 215 210 220 214 228 232 230 229 216 221 220 222 218 208 226 225 237 242 233 248 245 259 239 233 260 266 274 266 271 289 270 269 275 255 268 271 274 275 282 275 293 285 283 288 262 265 254 276 271 271 278 287 297 289 296 278 267 282 282 306 298 290 284 300 279 272 267 285 294 289 277 273 294 287 273 286 305 296 292 295 299 312 297 280 307 294 307 311 321 310 329 317 295 331 310 304 293 307 300 285 301 303 302 292 315 297 312 301 307 300 302 294 315 326 314 289 284 281 296 297 303 302 296 307 313 321 327 305 346 309 331 337 325 318 324 329 314 307 323 328 337 321 303 300 294 288 309 314 329 313 293 299 303 304 300 331 330 318 316 316 320 339 311 330 311 314 309 311 295 290 312 325 360 347 337 351 338 338 338 322 338 348 345 372 368 343 350 380 372 376 384 389 380 374 367 375 362 356 342 344 364 351 367 362 389 370 375 382 392 390 364 369 395 401 401 405 430 413 430 429 416 414 420 437 453 425 418 422 407 414 431 452 454 463 417 439 422 442 470 426 440 430 444 425 428 452 475 465 470 485 458 482 460 482 462 466 465 472 450 480 479 476 472 449 461 496 503 497 496 502 489 499 493 505 523 493 485 485 499 518 510 498 513 492 522 545 495 503 489 494 488 476 483 517 528 502 492 491 491 526 505 484 496 507 524 500 514 533 531 528 538 537 536 521 532 508 514 525 520 506 535 553 544 544 565 557 595 596 608 588 592 589 569 583 621 622 605 592 613 603 595 552 570 587 635 632 600 602 591 589 647 614 577 610 579 582 556 582 599 621 580 592 614 636 609 606 643 639 653 655 626 640 659 665 650 652 636 631 666 670 656 672 656 657 698 708 690 723 692 717 710 712 701 708 700 715 723 733 700 707 747 753 749 698 700 718 688 700 666 687 678 731 712 671 703 693 683 674 703 743 731 733 703 711 728 734 712 755 721 741 736 734 726 726 719 742 745 742 740 732 709 701 750 727 739 736 765 762 789 779 775 780 783 807 790 759 806 806 800 839 757 805 809 822 811 789 806 789 774 770 751 760 770 821 824 815 827 823 823 828 812 810 795 843 825 835 809 812 800 832 865 843 876 882 885 878 899 895 889 881 836 821 811 842 862 866 849 823 845 870 884 847 843 880 931 911 937 912 916 895 894 927 940 917 925 933 933 947 914 944 971 941 963 923 962 957 973 937 930 928 944 985 1002 974 992 969 974 964 958 992 912 945 928 883 928 941 928 950 960 981 990 980 947 974 1003 976 978 963 990 978 1001 990 961 963 980 999 995 994 1001 985 1006 958 967 972 1021 993 1005 998 999 1007 1037 1070 1048 1036 1035 1036 1073 1043 1015 1069 1037 991 1015 1009 957 988 1034 1039 1024 1005 1084 1056 1048 1057 995 1015 1060 1048 1023 1059 1038 1103 1069 1082 1082 1045 1076 1090 1093 1070 1054 1061 1056 1091 1026 1066 1068 1071 1088 1074 1098 1060 1059 1039 1040 1062 1090 1061 1080 1061 1077 1053 1082 1058 1098 1053 1049 1053 1072 1040 1076 1056 1053 1045 1040 1033 1026 1057 1063 1055 1041 1062 1064 1067 1073 1075 1037 1044 1050 1053 1026 1050 1056 1062 1060 1030 1055 1036 1021 1039 993 978 985 981 1019 1016 1059 1051 1023 1066 1088 1085 1034 1080 1053 1053 1077 1083 1072 1088 1064 1065 1031 1017 995 1027 1038 1029 1065 1080 1057 1062 1089 1149 1110 1067 1072 1096 1018 1082 1094 1072 1031 1095 1052 1095 1049 1065 1084 1081 1082 1058 1101 1078 1094 1054 1057 1043 1059 1033 1028 1042 1043 1023 1037 1046 1061 1022 1052 1013 1082 1036 992 1037 1051 1023 1010 1057 1078 1095 1105 1061 1073 1038 1060 1051 1066 1058 1057 1098 1070 1027 1044 1069 1042 1033 1062 1014 1094 1108 1070 1031 1050 1081 1104 1078 1092 1103 1112 1063 1081 1058 1061 1050 1047 1052 1038 1081 1056 1063 1081 1071 1071 1059 1093 1034 1013 1030 1060 1028 1074 1068 1056 1068 1048 1104 1061 1059 1064 1105 1055 1073 1074 1072 1093 1098 1101 1096 1087 1125 1151 1136 1121 1100 1112 1053 1072 1054 1064 1079 1115 1080 1066 1130 1105 1074 1086 1115 1082 1129 1083 1091 1098 1108 1168 1153 1133 1131 1166 1098 1094 1101 1141 1153 1145 1142 1191 1148 1167 1141 1132 1127 1105 1139 1135 1113 1092 1097 1129 1125 1101 1150 1161 1181 1173 1121 1129 1135 1122 1131 1097 1147 1159 1129 1127 1107 1081 1140 1172 1191 1146 1125 1118 1154 1163 1147 1124 1103 1110 1104 1142 1098 1093 1062 1112 1138 1106 1155 1149 1172 1155 1160 1150 1113 1149 1136 1145 1139 1188 1172 1111 1101 1142 1131 1101 1123 1120 1095 1153 1108 1150 1126 1154 1131 1131 1077 1115 1120 1158 1116 1090 1138 1121 1149 1126 1107 1122 1129 1122 1150 1111 1135 1141 1126 1116 1126 1098 1111 1115 1113 1159 1160 1197 1143 1178 1201 1184 1167 1169 1138 1138 1135 1160 1182 1155 1189 1116 1112 1129 1120 1157 1180 1151 1160 1174 1179 1182 1204 1137 1116 1181 1215 1203 1147 1176 1199 1187 1192 1194 1181 1149 1168 1179 1135 1151 1153 1146 1116 1109 1109 1101 1097 1105 1087 1110 1096 1126 1125 1129 1104 1132 1128 1115 1081 1110 1082 1075 1124 1088 1102 1135 1175 1177 1193 1186 1169 1161 1160 1097 1112 1148 1085 1125 1139 1141 1118 1102 1075 1072 1101 1135 1132 1108 1123 1110 1099 1075 1082 1093 1146 1120 1087 1115 1110 1095 1072 1102 1098 1095 1132 1130 1101 1113 1095 1080 1129 1124 1137 1135 1103 1094 1130 1118 1121 1090 1108 1105 1057 1062 1063 1037 1072 1081 1075 1060 1064 1043 1058 1060 1079 1084 1110 1124 1081 1059 1106 1095 1089 1091 1111 1117 1086 1091 1111 1155 1204 1187 1166 1148 1140 1130 1158 1118 1101 1094 1105 1143 1159 1159 1138 1129 1152 1174 1174 1193 1205 1152 1141 1178 1151 1187 1222 1173 1184 1177 1174 1142 1163 1150 1139 1179 1159 1165 1194 1206 1212 1200 1212 1178 1202 1155 1154 1163 1159 1165 1164 1217 1224 1201 1203 1178 1129 1170 1159 1153 1129 1155 1166 1150 1171 1175 1178 1235 1238 1216 1250 1271 1257 1234 1239 1211 1259 1245 1257 1292 1269 1275 1192 1278 1242 1214 1192 1196 1196 1188 1139 1166 1219 1199 1216 1209 1191 1194 1217 1180 1172 1187 1202 1237 1258 1201 1200 1212 1218 1180 1167 1153 1181 1201 1153 1185 1193 1175 1203 1151 1203 1153 1190 1191 1226 1233 1215 1186 1276 1226 1210 1210 1204 1229 1226 1214 1170 1133 1124 1194 1205 1197 1170 1202 1213 1243 1251 1255 1275 1284 1265 1248 1232 1270 1256 1281 1296 1232 1270 1213 1234 1221 1243 1213 1212 1195 1234 1203 1190 1183 1235 1199 1219 1187 1155 1194 1172 1179 1208 1135 1160 1104 1110 1114 1153 1171 1229 1240 1178 1196 1161 1180 1194 1223 1213 1208 1189 1200 1179 1194 1166 1135 1205 1249 1240 1228 1205 1218 1286 1203 1208 1172 1186 1173 1194 1149 1101 1142 1131 1132 1137 1156 1170 1187 1177 1206 1202 1197 1189 1208 1220 1189 1158 1211 1211 1208 1206 1216 1243 1217 1252 1204 1174 1192 1122 1195 1159 1169 1213 1187 1169 1154 1137 1137 1145 1133 1178 1170 1128 1162 1147 1179 1213 1168 1190 1170 1192 1189 1194 1135 1212 1172 1193 1179 1164 1132 1168 1191 1172 1161 1168 1131 1135 1169 1183 1147 1197 1189 1162 1145 1160 1174 1151 1165 1142 1208 1211 1172 1171 1253 1208 1211 1188 1165 1166 1242 1233 1203 1225 1241 1278 1276 1262 1291 1250 1258 1233 1254 1216 1219 1244 1206 1158 1248 1195 1181 1180 1213 1242 1236 1205 1231 1282 1245 1271 1277 1297 1271 1298 1337 1324 1325 1308 1298 1271 1247 1253 1276 1285 1298 1273 1271 1254 1292 1291 1306 1267 1299 1310 1328 1315 1327 1338 1274 1285 1317 1338 1347 1329 1287 1268 1281 1279 1278 1230 1269 1235 1235 1256 1223 1213 1235 1233 1293 1259 1250 1241 1238 1174 1261 1242 1243 1222 1209 1240 1212 1199 1208 1289 1262 1275 1252 1253 1293 1295 1250 1272 1281 1258 1274 1285 1239 1242 1268 1199 1231 1271 1207 1226 1188 1269 1217 1248 1277 1273 1256 1287 1259 1240 1256 1241 1271 1221 1269 1273 1271 1280 1281 1267 1248 1270 1280 1231 1264 1248 1225 1221 1197 1190 1240 1232 1206 1257 1265 1252 1188 1201 1224 1200 1225 1194 1212 1219 1227 1204 1212 1226 1194 1171 1209 1188 1207 1210 1218 1226 1211 1190 1224 1236 1223 1211 1177 1195 1218 1191 1209 1234 1223 1219 1228 1233 1194 1167 1193 1258 1239 1228 1253 1244 1267 1248 1262 1271 1206 1264 1259 1241 1233 1253 1282 1271 1232 1260 1241 1231 1241 1184 
	PassiveActor 2:
		MolID 0:
			Count:
				0 0 0 0 0 0 0 0 0 0 0 0 0 0 0 0 0 0 0 0 0 0 0 0 0 0 0 0 0 0 0 0 0 0 0 0 0 0 0 0 0 0 0 0 0 0 0 0 0 0 0 0 0 0 0 0 0 0 0 0 0 0 0 0 0 0 0 0 0 0 0 0 0 0 0 0 0 0 0 0 0 0 0 0 0 0 0 0 0 0 0 0 0 0 0 0 0 0 0 0 0 0 0 0 0 0 0 0 0 0 0 0 0 0 0 0 0 0 0 0 0 0 0 0 0 0 0 0 0 0 0 0 0 0 0 0 0 0 0 0 0 0 0 0 0 0 0 0 0 0 0 0 0 0 0 0 0 0 0 0 0 0 0 0 0 0 0 0 0 0 0 0 0 0 0 0 0 0 0 0 0 0 0 0 0 0 0 0 0 0 0 0 0 0 0 0 0 0 0 0 0 0 0 0 0 0 0 0 0 0 0 0 0 0 0 0 0 0 0 0 0 0 0 0 0 0 0 0 0 0 0 0 0 0 0 0 0 0 0 0 0 0 0 0 0 0 0 0 0 0 0 0 0 0 2 0 1 1 1 1 1 1 1 1 1 1 0 0 0 0 0 0 0 0 0 0 0 0 0 1 1 1 1 1 0 0 0 0 0 0 0 0 1 1 1 1 1 1 0 0 0 1 0 0 0 2 1 1 1 1 1 0 0 0 1 0 1 0 1 1 2 1 1 2 2 2 2 0 1 0 3 2 2 3 2 1 2 1 3 3 2 3 2 3 4 5 4 3 3 5 3 3 3 3 4 2 2 2 2 1 0 0 0 0 0 0 0 0 2 1 1 1 1 1 1 0 1 1 3 3 3 3 2 4 3 6 5 6 3 3 2 4 4 3 3 6 4 5 5 6 5 4 4 5 5 4 4 3 5 5 5 1 2 2 2 4 4 4 5 5 4 5 3 2 5 4 5 7 2 4 4 4 6 2 4 3 4 4 2 5 7 7 8 6 6 6 6 4 5 5 7 4 5 10 10 9 9 12 9 9 5 9 6 7 13 12 15 15 12 9 9 7 6 4 2 2 2 4 8 13 15 13 14 12 11 15 9 14 11 15 11 12 10 8 7 13 11 7 6 9 9 12 11 11 10 15 18 11 13 8 12 14 14 12 12 13 14 13 11 12 12 13 11 9 8 8 7 6 7 8 8 7 8 8 6 11 10 11 8 11 12 7 7 10 11 11 13 16 17 14 11 11 12 9 17 17 19 15 15 19 14 14 16 16 21 23 15 19 15 16 15 13 13 13 12 16 13 14 17 13 13 14 13 11 10 9 11 11 9 10 7 9 8 14 9 7 12 17 15 13 15 17 15 15 15 21 22 21 23 20 20 19 17 18 24 25 21 19 18 20 21 21 25 25 23 20 18 20 22 18 20 23 24 31 27 23 22 23 16 21 17 24 19 24 22 23 26 25 21 21 14 15 16 13 18 24 20 21 18 15 18 18 18 21 24 22 28 29 25 26 29 26 27 25 25 24 28 28 34 33 36 29 29 31 29 26 23 31 21 24 27 25 27 24 23 25 26 27 18 23 21 27 25 21 20 22 28 22 21 18 20 16 23 29 24 25 28 31 25 26 30 33 33 35 33 29 30 22 31 26 33 31 23 21 22 30 33 26 29 26 24 21 22 23 23 31 26 33 30 38 33 24 24 28 27 31 25 18 23 27 25 26 35 36 30 37 32 35 34 37 42 40 42 51 50 45 45 47 42 37 39 36 36 34 29 26 29 28 31 38 33 33 35 35 35 35 38 37 24 28 41 38 33 42 43 32 41 42 42 37 39 39 42 50 46 51 45 43 38 32 33 34 47 38 41 37 34 35 38 45 47 39 39 38 30 37 40 48 55 50 55 57 53 50 36 37 52 50 48 44 50 49 47 44 39 42 40 40 31 40 39 41 40 39 37 40 41 41 43 49 45 49 47 54 49 52 54 50 54 50 47 44 48 48 61 53 48 59 59 56 61 58 53 59 53 54 58 64 67 57 57 57 58 53 57 52 50 47 45 50 59 56 66 61 60 66 70 73 68 77 81 74 70 71 72 65 60 57 60 62 60 49 43 47 45 51 53 49 63 55 51 54 48 50 55 53 52 49 58 60 58 57 65 79 72 68 60 63 66 70 67 68 76 69 65 74 70 65 76 71 60 73 74 74 67 76 76 78 72 68 66 80 78 77 86 76 78 68 68 67 72 84 83 76 84 74 70 70 68 73 74 72 70 79 79 84 76 80 86 78 81 82 72 67 69 76 74 84 76 76 76 81 74 90 77 89 85 85 79 90 99 77 77 72 74 80 73 83 86 86 82 77 74 78 76 87 76 63 63 64 71 75 72 74 90 88 83 93 94 93 100 95 97 100 95 89 85 92 99 95 94 94 104 112 107 92 96 100 108 106 99 111 109 100 100 106 96 96 97 95 85 81 90 91 91 89 88 88 91 81 88 87 97 89 101 111 113 114 94 89 89 91 109 94 87 100 93 91 87 99 102 104 107 99 95 97 86 92 97 106 95 100 103 101 101 103 94 110 95 96 97 85 98 99 101 104 106 105 105 91 110 107 96 102 107 98 94 102 96 94 95 93 91 103 101 89 93 95 94 85 99 106 92 96 89 92 108 91 96 104 108 104 111 100 99 94 103 111 96 98 108 114 110 107 111 115 131 122 132 116 114 126 126 136 131 135 117 109 121 119 94 97 116 113 105 98 92 99 90 99 105 111 119 123 120 101 119 112 127 121 130 118 114 119 120 109 105 111 119 113 99 99 107 109 112 115 113 118 112 115 113 106 114 118 116 113 123 127 135 128 133 129 122 114 129 133 132 119 124 131 135 125 117 126 132 127 134 139 150 132 131 139 152 159 147 136 138 120 136 139 123 131 137 128 123 109 126 107 112 124 133 143 154 132 132 135 134 130 139 143 136 145 130 146 137 134 120 124 133 121 130 139 129 143 141 129 130 130 129 135 126 131 131 148 137 122 139 155 139 131 133 140 136 114 126 130 142 133 145 143 154 139 150 159 154 151 153 157 155 150 139 143 156 142 150 138 137 115 121 125 140 143 137 136 166 145 142 140 144 137 146 140 147 127 147 124 138 126 139 140 124 139 154 146 139 141 135 144 151 157 148 146 145 162 151 132 129 129 131 131 142 127 130 148 138 129 142 132 133 137 144 145 144 131 129 156 145 147 150 136 139 129 150 155 138 138 144 123 129 141 144 147 153 150 156 154 147 162 158 154 147 148 154 155 136 140 145 136 150 169 161 161 147 155 139 136 128 136 142 149 145 147 163 156 148 149 152 138 142 146 134 125 132 146 141 161 162 167 171 166 161 160 148 133 135 156 156 146 160 168 171 154 172 173 168 167 159 168 171 168 166 178 172 180 165 165 175 171 158 170 166 164 158 163 162 153 156 163 149 152 166 154 155 150 155 162 174 167 165 173 171 163 173 159 156 147 139 153 149 156 154 164 180 174 161 165 150 164 173 169 167 174 167 159 171 161 168 179 190 184 206 193 173 160 154 160 164 174 173 157 177 184 179 167 163 160 168 153 175 181 189 176 193 199 166 182 197 179 192 179 177 181 191 182 182 187 167 171 160 176 188 185 169 176 151 169 174 180 169 176 170 171 177 170 196 196 198 208 198 208 196 198 189 201 210 191 212 184 181 172 163 162 172 169 163 147 169 174 186 183 172 176 173 161 172 175 170 172 176 178 169 170 174 182 203 196 201 196 187 198 195 186 184 203 193 184 177 199 210 192 199 184 183 172 187 197 204 179 177 176 174 183 192 197 181 181 181 163 174 185 180 190 174 180 194 186 182 191 176 162 181 183 197 186 189 184 164 172 185 181 184 193 209 209 196 215 181 194 185 181 177 186 196 202 202 190 192 170 162 157 165 170 178 189 196 200 197 192 197 173 192 188 206 197 205 189 190 189 198 206 210 202 183 191 184 182 193 177 180 186 183 198 215 208 211 210 207 206 204 200 201 199 201 193 223 220 217 208 206 205 195 194 190 197 190 190 204 193 196 194 165 182 189 183 182 202 206 222 192 197 199 200 221 229 221 218 211 200 217 195 226 234 243 224 222 240 235 233 232 236 219 213 213 223 230 247 226 215 227 215 218 218 214 217 222 209 204 214 198 210 193 200 228 217 234 221 219 197 205 189 
	PassiveActor 3:
		MolID 0:
			Count:
				0 0 0 0 0 0 0 0 0 0 0 0 0 0 0 0 0 0 0 0 0 0 0 0 0 0 0 0 0 0 0 0 0 0 0 0 0 0 0 0 0 0 0 0 0 0 0 0 0 0 0 0 0 0 0 0 0 0 0 0 0 0 0 0 0 0 0 0 0 0 0 0 0 0 0 0 0 0 0 0 0 0 0 0 0 0 0 0 0 0 0 0 0 0 0 0 0 0 0 0 0 0 0 0 0 0 0 0 0 0 0 0 0 0 0 0 0 0 0 0 0 0 0 0 0 0 0 0 0 0 0 0 0 0 0 0 0 0 0 0 0 0 0 0 0 0 0 0 0 0 0 0 0 0 0 0 0 0 0 0 0 0 0 0 0 0 0 0 0 0 0 0 0 0 0 0 0 0 0 0 0 0 0 0 0 0 0 0 0 0 0 0 0 0 0 0 0 0 0 0 0 0 0 0 0 0 0 0 0 0 0 0 0 0 0 0 0 0 0 0 0 0 0 0 0 0 0 0 0 0 0 0 0 0 0 0 0 0 0 0 0 0 0 0 0 0 0 0 0 0 0 0 0 0 0 0 0 0 0 0 0 0 0 0 0 0 0 0 0 0 0 0 0 0 0 0 0 0 0 0 0 0 0 0 0 0 0 0 0 0 0 0 0 0 0 0 0 0 0 0 0 0 0 0 0 0 0 0 0 0 0 0 0 0 0 0 0 0 0 0 0 0 0 0 0 0 0 0 0 0 0 0 0 0 0 0 0 0 0 0 0 0 0 0 0 0 0 0 0 0 0 0 0 0 0 0 0 0 0 0 0 0 0 0 0 0 0 0 0 0 0 0 0 0 0 0 0 0 0 0 0 0 0 0 0 0 0 0 0 0 0 0 0 0 0 0 0 0 0 0 0 0 0 0 0 0 0 0 0 0 0 0 0 0 0 0 0 0 0 0 0 0 0 0 0 0 0 0 0 0 0 0 0 0 0 0 0 0 0 0 0 0 0 0 0 0 0 0 0 0 0 0 0 0 0 0 0 0 0 0 0 0 0 0 0 0 0 0 0 0 0 0 0 0 0 0 0 0 0 0 0 0 0 0 0 0 0 0 0 0 0 0 0 0 0 0 0 0 0 0 0 0 0 0 0 0 0 0 0 0 0 0 0 0 0 0 0 0 0 0 0 0 0 0 0 0 0 0 0 0 0 0 0 0 0 0 0 0 0 0 0 0 0 0 0 0 0 0 0 0 0 0 0 0 0 0 0 0 0 0 0 0 0 0 0 0 0 0 0 0 0 0 0 0 0 0 0 0 0 0 0 0 0 0 0 0 0 0 0 0 0 0 0 0 0 0 0 0 0 0 0 0 0 0 0 0 0 0 0 0 0 0 0 0 0 0 0 0 0 0 0 0 0 0 0 0 0 0 0 0 0 0 0 0 0 0 0 0 0 0 0 0 0 0 0 0 0 0 0 0 0 0 0 0 0 0 0 0 0 0 0 0 0 0 0 0 0 0 0 0 0 0 0 0 0 0 0 0 0 0 0 0 0 0 0 0 0 0 0 0 0 0 0 0 0 0 0 0 0 0 0 0 0 0 0 0 0 0 0 0 0 0 0 0 0 0 0 0 0 0 0 0 0 0 0 0 0 0 0 0 0 0 0 0 0 0 0 0 0 0 0 0 0 0 0 0 0 0 0 0 0 0 0 0 0 0 0 0 0 0 0 0 0 0 0 0 0 0 0 0 0 0 0 0 0 0 0 0 0 0 0 0 0 0 0 0 0 0 0 0 0 0 0 0 0 0 0 0 0 0 0 0 0 0 0 0 0 0 0 0 0 0 0 0 0 0 0 0 0 0 0 0 0 0 0 0 0 0 1 1 1 0 0 0 0 0 0 0 0 0 0 0 0 0 0 0 0 0 0 0 0 0 0 0 0 0 0 0 0 0 0 0 0 0 0 0 0 0 0 0 0 0 0 0 0 0 0 0 0 0 0 0 0 0 0 0 0 0 0 0 0 0 0 0 0 0 0 0 0 0 0 0 0 0 0 0 0 0 0 0 0 0 0 0 0 0 0 0 0 0 0 0 0 0 0 0 0 0 0 0 0 0 0 0 0 0 0 0 0 0 0 0 0 0 0 0 0 0 0 0 0 0 0 0 0 0 0 0 0 0 0 0 0 0 0 0 0 0 0 0 0 0 0 0 0 0 0 0 0 0 0 0 0 0 0 0 0 0 0 0 0 0 0 0 0 0 0 0 0 0 0 1 1 1 1 2 1 1 1 1 1 1 0 1 1 1 1 1 1 1 1 0 1 1 1 0 0 0 1 1 1 0 0 0 0 0 0 0 0 0 0 0 0 0 0 0 0 0 0 0 0 0 0 0 0 0 0 0 0 0 0 0 0 0 0 0 0 0 0 0 0 0 0 0 0 0 0 0 0 0 0 0 0 0 0 0 0 0 0 0 0 0 0 0 0 0 0 0 0 0 0 0 0 0 0 0 0 0 0 0 0 0 0 0 0 0 0 0 0 0 0 0 0 0 0 0 0 0 0 0 0 0 0 0 0 0 0 0 0 0 0 0 0 0 0 0 0 0 0 0 0 0 0 0 0 0 0 0 0 0 0 0 0 0 0 0 0 0 0 0 0 0 0 0 0 0 0 0 0 0 0 0 0 0 0 0 0 0 0 0 0 0 0 0 0 0 0 0 0 0 0 0 0 0 0 0 0 0 0 0 0 0 0 0 0 0 0 0 0 0 0 0 0 0 0 0 0 0 0 0 0 0 0 0 0 0 0 0 0 0 0 0 0 0 0 0 0 0 0 0 0 0 0 0 0 0 1 1 1 0 1 0 0 0 0 0 0 0 0 0 1 1 0 0 0 1 0 0 0 0 0 0 0 0 0 0 0 0 0 0 0 0 0 0 0 0 0 1 1 0 0 1 1 0 0 0 0 0 0 0 0 0 0 0 0 0 0 0 0 0 0 0 0 0 0 0 0 0 1 1 1 1 1 1 1 1 1 1 0 0 0 0 0 0 0 0 0 0 1 1 0 0 0 0 1 2 2 1 2 1 1 2 2 1 1 1 1 1 1 2 1 0 0 0 0 0 0 0 0 0 0 0 0 0 0 0 0 1 1 1 0 1 0 1 0 0 0 0 0 0 0 0 0 0 0 1 2 2 2 1 2 2 0 1 0 0 0 0 1 1 2 1 2 2 1 3 2 4 3 3 2 1 1 2 2 2 2 2 1 0 1 1 2 2 2 1 1 1 1 0 2 1 0 1 0 0 0 1 1 1 1 1 1 1 1 1 1 2 0 0 0 0 0 0 0 0 0 0 1 1 1 1 2 2 2 2 1 1 1 1 0 0 1 1 1 1 1 0 0 0 1 2 2 2 0 1 1 0 0 0 0 0 0 0 1 1 0 0 1 1 1 0 0 0 0 0 0 0 0 0 0 0 0 0 0 0 0 0 0 0 0 0 0 0 0 0 0 0 0 0 0 0 0 0 0 0 0 0 0 0 1 0 0 0 0 0 0 0 0 0 0 0 0 0 0 0 0 0 1 0 0 1 1 1 1 1 1 1 0 0 1 0 1 1 1 1 1 1 1 2 1 1 1 1 1 0 0 1 0 1 0 0 0 0 0 0 0 0 0 0 0 0 0 0 0 0 0 0 2 2 1 3 1 1 2 2 2 1 2 2 2 1 1 1 0 0 0 1 0 1 0 3 1 2 3 2 2 3 2 1 3 3 2 4 3 4 3 3 3 3 2 1 1 3 3 3 2 3 2 3 5 3 3 4 1 2 1 1 3 2 0 1 1 2 1 0 1 2 1 1 2 2 1 1 1 1 2 1 1 2 1 2 2 1 1 2 1 2 1 1 1 1 1 1 1 2 2 3 2 4 3 3 2 2 2 3 2 1 3 1 1 1 1 2 2 3 4 3 3 2 4 5 2 3 4 2 1 1 1 2 1 1 2 1 1 0 0 0 1 2 3 3 2 1 1 2 4 5 1 1 4 2 3 1 1 3 3 4 3 3 3 2 1 3 0 0 0 0 1 1 3 2 3 3 4 2 1 1 1 1 2 2 3 3 3 1 1 2 2 3 2 1 2 3 3 3 3 3 2 2 3 2 2 1 1 2 1 1 2 2 1 2 1 2 2 2 1 2 1 1 2 1 2 3 2 2 2 3 1 2 

