Realization 0:
	ActiveActor 0:
		1 1 0 1 0 1 0 1 1 0 1 1 
	PassiveActor 1:
		MolID 1:
			Count:
				0 0 0 0 0 0 0 0 0 0 0 0 0 0 0 0 0 0 0 0 0 0 0 0 0 0 0 0 0 0 0 0 0 0 0 0 0 0 0 0 0 0 0 0 0 0 0 0 0 0 0 0 0 0 0 0 0 0 0 0 0 0 0 0 0 0 0 0 0 0 0 0 0 0 0 0 0 0 0 0 0 0 0 0 0 0 0 0 0 0 0 0 0 0 0 0 0 0 0 0 0 0 0 0 0 0 0 0 0 0 0 0 0 0 0 0 0 0 0 0 0 0 0 0 0 0 0 0 0 0 0 0 0 0 0 0 0 0 0 0 0 0 0 0 0 0 0 0 0 0 0 0 0 0 0 0 0 0 0 0 0 0 0 0 0 0 0 0 0 0 0 0 0 0 0 0 0 0 0 0 0 0 0 0 0 0 0 0 0 0 0 0 0 0 0 0 0 0 0 0 0 0 0 0 0 0 0 0 0 0 0 0 0 0 0 0 0 0 0 0 0 0 0 0 0 0 0 0 0 0 0 0 0 0 0 0 0 0 0 0 0 0 0 0 0 0 0 0 0 0 0 0 0 0 0 0 0 0 0 0 0 0 0 0 0 0 0 0 0 0 0 0 0 0 0 0 0 0 0 0 0 0 0 0 0 0 0 0 0 0 0 0 0 0 0 0 0 0 0 0 
	PassiveActor 2:
		MolID 0:
			Count:
				0 288 583 875 1183 1477 1755 2033 2301 2599 2900 3196 3491 3779 4078 4375 4687 4995 5304 5591 5901 5988 6081 6171 6276 6376 6500 6601 6702 6792 6879 6987 7094 7197 7294 7393 7508 7605 7703 7796 7898 8006 8129 8210 8294 8390 8496 8597 8699 8798 8890 8989 9072 9164 9261 9361 9450 9541 9649 9756 9845 9929 10036 10131 10226 10335 10443 10545 10659 10769 10869 10970 11080 11159 11253 11360 11472 11572 11684 11794 11873 12065 12277 12493 12688 12880 13112 13311 13497 13678 13868 14069 14277 14482 14682 14905 15105 15298 15509 15724 15940 16250 16561 16853 17146 17458 17753 18037 18331 18650 18934 19232 19525 19844 20140 20434 20746 21078 21384 21679 22004 22004 22004 22004 22004 22004 22004 22004 22004 22004 22004 22004 22004 22004 22004 22004 22004 22004 22004 22004 22004 22004 22004 22004 22004 22004 22004 22004 22004 22004 22004 22004 22004 22004 22004 22004 22004 22004 22004 22004 22004 22004 22004 22004 22004 22004 22004 22004 22004 22004 22004 22004 22004 22004 22004 22004 22004 22004 22004 22004 22004 22004 22004 22004 22004 22004 22004 22004 22004 22004 22004 22004 22004 22004 22004 22004 22004 22004 22004 22004 22004 22004 22004 22004 22004 22004 22004 22004 22004 22004 22004 22004 22004 22004 22004 22004 22004 22004 22004 22004 22004 22004 22004 22004 22004 22004 22004 22004 22004 22004 22004 22004 22004 22004 22004 22004 22004 22004 22004 22004 22004 22004 22004 22004 22004 22004 22004 22004 22004 22004 22004 22004 22004 22004 22004 22004 22004 22004 22004 22004 22004 22004 22004 22004 22004 22004 22004 22004 22004 22004 22004 22004 22004 22004 22004 22004 22004 22004 22004 22004 22004 22004 22004 22004 22004 22004 22004 22004 22004 22004 22004 22004 22004 22004 22004 22004 22004 22004 22004 22004 

