Realization 0:
	ActiveActor 0:
		0 0 1 0 0 0 0 1 0 1 0 0 0 0 0 1 0 0 1 0 0 1 0 0 0 1 0 0 0 0 1 0 
	PassiveActor 1:
		MolID 0:
			Count:
				0 0 0 0 0 0 0 0 0 0 0 0 0 0 0 0 0 0 0 0 0 0 0 0 0 0 0 0 0 0 0 0 0 0 0 0 0 0 0 0 0 0 0 0 0 0 0 0 0 0 0 0 0 0 0 0 0 0 0 0 0 0 0 0 0 0 0 0 0 0 0 0 0 0 0 0 0 0 0 0 0 0 0 0 0 0 0 0 0 0 0 0 0 0 0 0 0 0 0 0 0 0 0 0 0 0 0 0 0 0 0 0 0 0 0 0 0 0 0 0 0 0 0 0 0 0 0 0 0 0 0 0 0 0 0 0 0 0 0 0 0 0 0 0 0 0 0 0 0 0 0 0 0 0 0 0 0 0 0 0 0 0 0 0 0 0 0 0 0 0 0 0 0 0 0 0 0 0 0 0 0 0 0 0 0 0 0 0 0 0 0 0 0 0 0 0 0 0 0 0 0 0 0 0 0 0 0 0 0 0 0 0 0 0 0 0 0 0 0 0 0 0 0 0 0 0 0 0 0 0 0 0 0 0 0 0 0 0 0 0 0 0 0 0 0 0 0 0 0 0 0 0 0 0 0 0 0 0 0 0 0 0 0 0 0 0 0 0 0 0 0 0 0 0 0 0 0 0 0 0 0 0 0 0 0 0 0 0 0 0 0 0 0 0 0 0 0 0 0 0 0 0 4 179 898 2238 4200 6536 9040 11696 14348 16829 19225 21286 23565 25168 27000 28605 30087 31439 32664 33786 34448 35379 36018 36609 36784 37341 37700 38192 38212 38580 38759 38760 38649 39048 38968 38674 38527 38365 38368 38183 38157 37922 37818 37656 37553 37410 37263 36776 36605 36379 36380 35981 35721 35464 35107 34827 34496 34174 33612 33414 33099 32690 32409 32350 32071 31779 31480 31109 30975 30463 30364 30097 29821 29545 29182 28985 28558 28384 28250 28029 27654 27546 27219 26799 26572 26540 26352 26189 25813 25636 25414 25139 24953 24640 24491 24273 23975 23823 23680 23378 23310 23269 22878 22616 22443 22214 21923 21782 21613 21432 21153 21296 21086 20846 20760 20643 20395 20216 19977 19878 19656 19580 19449 19342 19216 19071 18933 18819 18766 18695 18485 18310 18109 17982 17827 17518 17326 17286 17169 16990 16883 16835 16742 16572 16437 16269 16069 15979 15935 15756 15773 15500 15566 15459 15342 15173 15140 15169 15050 14834 14707 14639 14583 14507 14474 14235 14185 14122 14062 13937 13872 13742 13607 13438 13326 13362 13224 13262 13026 13034 12823 12621 12621 12479 12370 12367 12201 12159 12310 12216 12107 11927 11984 11914 11846 11741 11652 11711 11643 11588 11501 11434 11331 11237 11149 11280 11170 11079 10923 10842 10745 10711 10662 10495 10506 10406 10394 10391 10307 10354 10287 10247 10105 10038 10108 9824 9855 9762 9815 9746 9727 9726 9689 9604 9512 9550 9478 9355 9393 9306 9226 9139 9147 9028 9050 8958 8798 8874 8756 8778 8786 8743 8654 8613 8519 8494 8551 8458 8517 8450 8413 8373 8363 8360 8291 8272 8246 8106 8038 7953 7944 7888 7801 7718 7777 7691 7645 7539 7583 7601 7588 7589 7598 7519 7595 7476 7551 7365 7344 7347 7302 7218 7149 7173 7151 7155 7168 7100 7029 6931 6889 7011 6928 7008 6990 6979 6884 6905 6821 6743 6734 6629 6677 6587 6553 6529 6448 6521 6536 6501 6507 6487 6546 6505 6430 6400 6439 6377 6379 6337 6295 6274 6193 6178 6114 6082 6067 6082 5972 5956 6005 6022 5917 5844 5883 5839 5811 5841 5768 5737 5710 5652 5664 5671 5591 5601 5615 5574 5586 5623 5616 5662 5629 5585 5468 5472 5502 5459 5432 5405 5401 5375 5270 5260 5299 5303 5269 5214 5210 5269 5179 5214 5291 5284 5259 5246 5146 5233 5202 5159 5179 5158 5155 5066 5016 5012 4972 4996 4900 4902 4862 4869 4810 4815 4833 4803 4726 4783 4759 4722 4728 4689 4629 4638 4608 4645 4647 4628 4639 4585 4618 4548 4511 4473 4454 4513 4408 4380 4398 4420 4472 4397 4344 4300 4366 4344 4327 4299 4305 4303 4305 4238 4194 4212 4130 4117 4141 4158 4141 4158 4145 4116 4132 4130 4099 4050 4048 4067 4045 4010 4039 4066 4014 3993 4020 3968 3927 3935 3879 3866 3826 3808 3824 3853 3837 3820 3862 3844 3863 3797 3828 3831 3765 3745 3741 3720 3770 3786 3767 3759 3726 3723 3754 3739 3685 3688 3662 3711 3687 3599 3603 3617 3554 3555 3563 3504 3524 3474 3503 3430 3457 3500 3478 3442 3414 3440 3432 3387 3400 3402 3410 3368 3349 3322 3271 3349 3299 3290 3284 3283 3241 3272 3269 3262 3270 3261 3240 3199 3226 3221 3240 3246 3165 3161 3155 3194 3158 3101 3125 3121 3083 3072 3091 3106 3063 3056 3033 3053 3075 3028 3069 3052 3063 3059 3039 3053 3031 3010 3016 2937 2953 2994 2973 2961 2984 3009 2970 2901 2898 2966 2984 2972 2960 2959 2861 2872 2860 2861 2899 2919 2885 2873 2813 2923 2939 2926 2942 2913 2873 2857 2904 2863 2821 2782 2828 2824 2820 2854 2757 2789 2715 2747 2763 2735 2742 2705 2703 2729 2710 2716 2691 2705 2626 2681 2682 2680 2672 2643 2677 2638 2633 2647 2686 2716 2696 2683 2731 2657 2690 2629 2652 2612 2606 2581 2599 2612 2622 2600 2603 2542 2569 2551 2543 2500 2523 2529 2494 2514 2480 2499 2447 2438 2432 2454 2483 2441 2416 2395 2391 2410 2412 2397 2390 2379 2341 2330 2330 2318 2359 2335 2315 2372 2397 2376 2402 2370 2352 2339 2324 2326 2266 2323 2322 2289 2293 2333 2310 2337 2327 2336 2293 2325 2348 2379 2347 2339 2322 2305 2288 2315 2278 2254 2211 2200 2223 2294 2279 2258 2235 2205 2192 2208 2161 2148 2150 2206 2212 2147 2140 2147 2122 2144 2143 2125 2112 2145 2111 2114 2112 2146 2097 2066 2078 2136 2134 2101 2145 2122 2089 2103 2083 2235 2888 4274 6236 8604 11164 13841 16339 18865 21240 23263 25572 27191 28879 30653 31853 33397 34284 35498 36474 37372 37881 38543 39032 39330 39711 40007 40249 40370 40571 40784 40878 40879 40842 40852 40827 40776 40556 40474 40347 39906 39691 39730 39294 38806 38611 38340 38147 38050 37876 37489 37257 36979 36754 36305 35924 35819 35538 35233 34826 34599 34393 34070 33844 33525 33235 32845 32576 32410 32101 31916 31733 31353 31158 30837 30602 30202 30048 29940 29615 29114 28766 28561 28274 28050 27942 27672 27506 27269 27202 27017 26768 26401 26094 25908 25787 25562 25485 25194 24987 24650 24469 24303 24026 23932 23670 23374 23361 23091 23078 22802 22719 22509 22357 22203 22040 21805 21664 21516 21223 21096 20911 20801 20655 20436 20414 20304 20112 19989 19751 19620 19556 19268 19211 19096 18945 18817 18716 18528 18495 18340 18368 18155 17897 17775 17664 17653 17654 17380 17226 17056 16842 16744 16588 16479 16498 16344 16186 15994 15937 15880 15818 15701 15620 15490 15278 15239 15072 15155 14897 14915 14843 14823 14699 14553 14537 14446 14408 14399 14279 14183 14091 13984 13866 13870 13732 13765 13615 13610 13506 13391 13253 13179 13199 13155 13043 12944 12931 12847 12824 12721 12652 12620 12491 12612 12459 12361 12246 12246 12132 12132 12076 12074 12040 11886 11789 11769 11617 11560 11468 11471 11435 11238 11230 11296 11286 11088 10947 10983 11064 10954 10905 10907 10849 10845 10800 10750 10783 10709 10716 10727 10601 10360 10350 10247 10301 10340 10250 10185 10228 10157 10126 10056 9932 9779 9805 9670 9659 9526 9513 9530 9595 9484 9504 9447 9444 9314 9306 9168 9170 9236 9235 9298 9157 9114 9123 9063 9054 9091 8941 8982 8878 8824 8868 8869 8824 8706 8631 8584 8538 8418 8418 8385 8429 8368 8343 8275 8289 8181 8084 8291 8942 10245 12257 14462 17171 19695 22126 24688 27116 29222 31304 33128 34777 36132 37742 38784 40040 40802 41883 42682 43388 43740 44315 44827 45111 45443 45501 45630 45787 45910 46260 46296 45862 45828 45667 45437 45502 45197 44909 44793 44679 44600 44382 44108 43778 43529 43285 42921 42763 42519 42100 41811 41460 41326 40943 40682 40203 40162 39835 39579 39230 38882 38570 38292 38037 37614 37282 36885 36651 36425 36169 35894 35444 35113 34850 34585 34423 34400 34182 33912 33573 33104 32850 32584 32399 32261 31897 31615 31462 31401 31159 30808 30475 30347 30101 29681 29620 29164 29057 28814 28748 28464 28238 27989 27826 27637 27410 27242 27099 26901 26711 26507 26142 25998 26058 25988 25639 25605 25326 24961 24989 24823 24567 24498 24200 24154 23972 23672 23577 23531 23301 23253 23049 22812 22628 22446 22318 22123 21987 22126 21907 21728 21476 21232 21160 21071 20941 20878 20674 20585 20641 20410 20400 20265 19985 19917 19874 19683 19469 19464 19391 19282 19286 19124 19068 18913 18718 18492 18523 18417 18261 18217 18150 18057 17922 17910 17867 17846 17619 17475 17377 17395 17351 17104 17154 17092 17029 16864 16843 16788 16505 16535 16591 16403 16358 16308 16103 16257 16026 16043 15999 15798 15659 15680 15462 15382 15360 15410 15266 15339 15093 14909 14867 14791 14744 14650 14620 14859 14604 14590 14536 14469 14339 14402 14180 14099 14078 13955 13768 13868 13821 13822 13732 13664 13631 13510 13489 13406 13297 13293 13258 13191 13173 13068 13041 13027 12973 12842 12931 12793 12791 12753 12674 12784 12640 12702 12577 12595 12566 12514 12431 12521 12328 12293 12200 12150 12085 12123 11928 11861 11856 11786 11695 11637 11763 11660 11593 11512 11521 11420 11403 11308 11314 11139 11095 11046 10975 10927 10925 10996 10985 10916 10967 10938 10907 10844 10720 10724 10567 10596 10541 10457 10466 10300 10385 10275 10265 10254 10242 10269 10205 10184 10118 10090 9958 10003 10008 9988 9779 9743 9751 9796 9783 9696 9604 9611 9520 9465 9546 9676 9613 9657 9643 9631 9594 9602 9561 9488 9465 9455 9421 9306 9301 9257 9206 9131 9118 9133 9021 9109 9119 9084 9011 8994 8956 8986 9022 8936 8948 8986 8903 8833 8738 8665 8754 8663 8607 8642 8605 8581 8607 8530 8560 8477 8360 8341 8327 8313 8388 8332 8300 8297 8266 8284 8326 8310 8323 8321 8342 8357 8284 8244 8261 8169 8174 8181 8136 8154 8037 7947 7896 7853 7829 7802 7739 7642 7702 7682 7662 7546 7564 7570 7549 7577 7525 7524 7485 7529 7382 7406 7372 7276 7178 7206 7182 7179 7157 7144 7082 7144 7050 6976 6982 6978 7001 6911 6947 6949 6931 6873 6916 6913 6901 6825 6862 6837 6755 6814 6869 6853 6831 6843 6816 6763 6789 6739 6671 6649 6719 6638 6629 6661 6645 6627 6613 6633 6594 6634 6554 6517 6580 6528 6514 6609 6515 6499 6462 6589 6524 6464 6440 6424 6386 6357 6337 6441 6429 6424 6357 6324 6404 6420 6302 6257 6219 6198 6143 6202 6222 6122 6185 6149 6121 6069 6005 5919 5973 5895 5953 5945 6015 5976 6008 6022 6021 6072 6085 6065 5958 5929 6032 5905 5931 5911 5959 5983 5925 5905 5941 5887 5895 5879 5809 5775 5820 5794 5718 5755 5672 5657 5667 5650 5633 5534 5497 5589 5572 5537 5543 5498 5473 5447 5360 5439 5411 5464 5435 5448 5421 5373 5453 5452 5437 5467 5444 5460 5374 5402 5395 5393 5442 5417 5339 5310 5287 5281 5293 5319 5261 5267 5240 5212 5198 5132 5153 5146 5136 5118 5090 5127 5081 5041 5003 5026 5007 5007 4960 5069 4962 4965 4925 4993 4972 4954 5046 5021 4979 4916 4929 4826 4789 4885 4872 4935 4904 4917 4884 4894 4907 4859 4779 4788 4694 4683 4774 4735 4707 4757 4752 4754 4801 4784 4780 4802 4818 4822 4735 4726 4715 4686 4685 4723 4675 4678 4700 4642 4610 4621 4537 4591 4596 4642 4699 4649 4573 4596 4548 4537 4599 4576 4571 4572 4555 4561 4525 4539 4488 4527 4467 4503 4470 4437 4385 4351 4380 4350 4357 4271 4305 4319 4307 4267 4234 4190 4170 4179 4209 4248 4159 4147 4215 4212 4244 4252 4263 4259 4199 4148 4170 4222 4197 4227 4130 4170 4203 4214 4251 4175 4156 4110 4125 4123 4137 4138 4085 4120 4084 4084 4020 4041 4118 4002 4016 4043 3967 4018 4023 3996 4001 4028 4020 3951 3937 3981 3961 3992 3950 3963 3978 3973 3965 3998 3879 3881 3848 3869 3850 3803 3823 3838 3911 3867 3828 3826 3856 3849 3837 3787 3822 3880 3911 3839 3802 3833 3845 3805 3755 3763 3753 3756 3757 3744 3803 3757 3819 3792 3772 3766 3717 3779 3797 3744 3748 3727 3715 3736 3759 3734 3686 3668 3671 3699 3672 3643 3608 3620 3586 3639 3625 3637 3652 3613 3654 3660 3594 3599 3586 3547 3645 3580 3597 3555 3602 3644 3566 3609 3569 3548 3564 3509 3529 3538 3485 3462 3471 3480 3482 3487 3472 3438 3481 3491 3486 3417 3473 3389 3458 3449 3450 3367 3389 3424 3464 3422 3451 3385 3368 3363 3336 3372 3366 3292 3365 3330 3341 3307 3259 3274 3254 3294 3300 3335 3341 3273 3298 3354 3305 3303 3246 3248 3228 3193 3204 3186 3250 3203 3252 3268 3285 3267 3301 3223 3207 3249 3241 3234 3221 3186 3259 3244 3238 3219 3213 3196 3270 3259 3249 3243 3221 3325 4053 5484 7410 9796 12298 14947 17377 20088 22447 24648 26710 28537 30243 31915 33264 34491 35656 36626 37591 38485 39230 39697 40018 40542 40900 41128 41295 41433 41505 41557 41637 41729 41658 41513 41605 41425 41384 41031 40934 40794 40834 40560 40331 39986 39756 39532 39360 39132 38687 38619 38269 37932 37873 37514 37243 36988 36707 36556 36059 35806 35670 35243 34808 34626 34289 33797 33563 33317 32911 32733 32496 32186 32050 31926 31647 31460 31098 30863 30786 30551 30241 29847 29592 29317 29189 28822 28555 28391 28053 27868 27620 27556 27363 27090 26799 26586 26423 26184 25996 25756 25477 25330 25329 24959 24834 24572 24476 24347 24169 23988 23871 23723 23587 23304 23026 22967 22848 22609 22440 22365 22066 21958 21791 21694 21632 21449 21358 21163 20996 20895 20787 20783 20500 20390 20053 19845 19666 19568 19418 19391 19322 19091 19118 19005 18776 18721 18521 18522 18294 18251 18256 18085 18074 17934 17721 17673 17608 17451 17473 17401 17253 17172 17042 16941 16801 16588 16556 16597 16433 16468 16336 16154 16057 15974 15888 15742 15718 15621 15597 15382 15215 15233 15165 15123 15021 14958 14899 14824 14845 14572 14671 14475 14331 14351 14186 14151 14148 14105 14078 13858 13906 13954 13944 13878 13797 13620 13530 13423 13350 13453 13261 13171 13166 13117 13037 13017 12986 12931 12918 12800 12747 12739 12674 12715 12597 12615 12390 12402 12327 12180 12178 12074 11956 12001 11940 11972 11816 11681 11760 11873 11626 11554 11441 11359 11376 11284 11277 11219 11128 11041 10975 11109 11038 11009 10945 11051 10958 10906 10810 10742 10674 10651 10689 10665 10620 10666 10569 10524 10457 10400 10451 10268 10221 10181 10084 10047 10025 10024 9907 9898 9924 9882 9788 9765 9775 9862 9767 9757 9757 9645 9574 9587 9580 9363 9369 9326 9349 9360 9372 9195 9152 9108 9119 9140 9088 9152 9057 8996 8925 8908 8826 8771 8727 8668 8623 8647 8624 8654 8570 8566 8516 8513 8480 8563 8480 8435 8395 8446 8421 8356 8321 8308 8312 8310 8360 8315 8330 8327 8244 8212 8111 8103 8120 8067 8089 8114 8048 7944 7958 7948 7954 7924 7851 7858 7838 7820 7804 7833 7819 7688 7638 7548 7533 7484 7455 7512 7510 7492 7500 7367 7400 7392 7335 7366 7307 7358 7359 7385 7337 7322 7315 7339 7215 7188 7141 7113 7104 6984 6976 6949 6938 6848 6916 6824 6874 6908 6919 6923 6827 6837 6771 6670 6637 6577 6624 6618 6571 6529 6623 6578 6619 6552 6520 6550 6494 6503 6534 6446 6520 6495 6500 6453 6426 6386 6384 6390 6503 6433 6393 6351 6297 6193 6166 6156 6145 6166 6106 6222 6237 6134 6096 6120 6171 6219 6229 6103 6055 6096 6075 6281 6989 8429 10357 12686 15138 17801 20190 22693 25085 27140 29351 31244 32849 34498 35940 36989 38119 39171 40092 40692 41502 42143 42362 43013 43511 43700 43976 44022 43993 44128 44200 44405 44186 44191 44250 43878 43858 43743 43527 43248 43008 42832 42694 42426 42189 42241 42047 41653 41498 41154 40844 40551 40394 40233 39874 39451 39291 38816 38600 38014 37811 37813 37403 37357 36975 36478 36215 35887 35678 35456 35188 34807 34480 34291 34033 33636 33427 33297 32946 32608 32323 32024 31572 31442 31197 30931 30786 30583 30459 30183 30030 29744 29805 29438 29211 28895 28532 28250 28086 27895 27677 27409 27226 27096 26934 26865 26496 26374 26213 26099 25701 25761 25605 25302 25371 24997 24857 24729 24503 24336 24300 24046 23745 23741 23582 23429 23182 23151 23197 22910 22840 22526 22375 22205 22193 21939 21827 21645 21731 21620 21400 21308 21269 20897 20898 20780 20644 20541 20340 20178 20115 19970 19803 19660 19469 19475 19330 19024 19051 19018 18988 18793 18688 18497 18456 18316 18108 18085 18168 17990 17708 17781 17772 17541 17575 17499 17469 17210 17196 17123 17078 16998 16941 16884 16782 16695 16711 16601 16491 16498 16364 16306 16093 16038 16006 15818 15699 15672 15697 15583 15564 15409 15268 15255 15139 15044 15118 14976 14927 14745 14832 14701 14616 14673 14596 14494 14466 14400 14357 14144 14182 14023 14005 14023 13886 13880 13682 13535 13596 13619 13613 13472 13354 13378 13318 13190 13219 13208 13254 13123 13028 13012 12950 12915 12848 12972 12899 12874 12693 12693 12696 12668 12606 12455 12358 12300 12236 12182 12088 12147 12095 12105 12030 11934 11885 11823 11722 11767 11765 11671 11701 11636 11606 11557 11532 11590 11470 11366 11362 11271 11089 11111 11065 11093 11065 11044 10955 10939 10903 10811 10882 10911 10788 10668 10466 10514 10519 10521 10601 10512 10402 10249 10292 10249 10194 10166 10064 10115 10107 10125 10191 10152 10109 10056 9947 9945 9849 9953 9984 10082 9903 9944 9854 9871 9793 9759 9747 9633 9548 9462 9503 9575 9454 9448 9371 9406 9324 9273 9336 9321 9337 9227 9286 9207 9252 9126 9084 9078 9128 9025 9023 8877 8897 8784 8834 8905 8846 8805 8761 8694 8715 8658 8682 8717 8628 8603 8556 8461 8466 8484 8475 8476 8411 8418 8351 8275 8322 8307 8397 8230 8168 8233 8137 8231 8141 8095 8098 8035 8065 8023 8100 8105 8078 8081 8032 7985 8018 7945 7902 7859 7880 7911 7855 7900 7902 7907 7862 7769 7735 7726 7736 7705 7718 7593 7677 7561 7613 7654 7590 7536 7523 7483 7472 7473 7470 7436 7364 7346 7401 7402 7326 7397 7322 7330 7391 7288 7292 7210 7276 7269 7177 7247 7192 7239 7173 7171 7099 7064 6979 7142 7854 9245 11294 13549 15938 18667 21276 23806 26189 28221 30249 32181 33844 35518 36746 38051 39091 40262 41162 41960 42732 43200 43750 44187 44443 44846 45280 45299 45354 45570 45413 45619 45627 45340 45293 45208 45001 45048 44960 44496 44321 44003 43803 43728 43263 43039 42694 42639 42487 41997 41844 41641 41301 40840 40496 40246 40086 39601 39437 38903 38713 38406 37997 37719 37477 37207 36823 36684 36284 36007 35897 35647 35354 35007 34886 34342 34341 34183 33810 33601 33429 33171 32969 32648 32427 32203 31877 31615 31187 30874 30710 30411 30291 30067 29838 29502 29495 29252 28887 28560 28459 28149 28173 28007 27820 27652 27321 27304 27019 26844 26649 26332 26189 26021 26054 25683 25626 25409 25079 24944 24668 24674 24528 24280 24098 24096 23900 23798 23627 23497 23350 23312 23138 22927 22745 22639 22652 22498 22341 22136 22065 21868 21659 21567 21404 21242 21107 21105 21025 20897 20819 20591 20449 20451 20259 20166 19931 19892 19856 19709 19502 19482 19400 19203 19193 19133 19064 18822 18795 18614 18536 18588 18454 18403 18299 18175 18120 18023 17931 17796 17755 17824 17581 17512 17172 17171 17197 17069 17029 17016 16865 16701 16698 16629 16627 16537 16364 16317 16277 16225 16190 16096 15970 16022 15914 15903 15798 15724 15697 15564 15479 15493 15431 15272 15162 15112 14968 14925 14856 14853 14866 14779 14732 14664 14590 14392 14508 14355 14324 14333 14206 14174 14046 14124 14031 13907 13910 13903 13720 13636 13599 13465 13604 13569 13651 13621 13546 13520 13331 13362 13290 13160 13116 13090 12931 13014 12947 12911 12818 12792 12762 12535 12591 12542 12492 12495 12459 12445 12367 12393 12332 12196 12208 12127 12162 11930 11907 11968 11900 11766 11793 11827 11780 11670 11652 11577 11691 11660 11470 11510 11541 11526 11475 11431 11384 11419 11417 11390 11419 11290 11185 11131 11109 11191 11056 11038 11045 10882 10915 10837 10725 10783 10679 10614 10573 10549 10540 10631 10539 10562 10587 10553 10474 10473 10398 10404 10312 10315 10360 10255 10120 10247 10262 10293 10208 10079 10050 10017 9975 9858 9803 9719 9787 9765 9723 9699 9750 9577 9599 9630 9648 9487 9499 9417 9384 9457 9435 9463 9424 9376 9361 9302 9267 9321 9188 9260 9086 9113 9091 8969 8868 8971 8913 8940 8885 8841 8778 8883 8844 8793 8847 8704 8688 8671 8688 8725 8698 8728 8614 8590 8663 8629 8555 8496 8483 8504 8406 8467 8481 8422 8367 8324 8342 8286 8389 8302 8285 8369 8322 8357 8273 8284 8397 8291 8251 8217 8295 8148 8125 8086 7964 7960 8012 7948 7838 7824 7846 7855 7853 7981 7893 7924 7823 7819 7783 7716 7855 7744 7762 7750 7690 7720 7706 7628 7673 7669 7614 7573 7543 7581 7527 7448 7443 7377 7375 7323 7408 7321 7370 7391 7345 7337 7306 7286 7289 7246 7262 7290 7267 7204 7186 7199 7236 7194 7244 7226 7102 7160 7098 7125 7161 7061 7061 7024 7062 7039 7070 6936 6868 6951 6984 6931 6918 6904 6844 6919 6878 6882 6881 6858 6711 6681 6663 6605 6654 6566 6640 6583 6596 6597 6620 6599 6577 6539 6554 6661 6669 6605 6658 6509 6499 6516 6515 6501 6545 6505 6563 6522 6588 6559 6485 6484 6484 6510 6575 6523 6454 6494 6407 6424 6403 6467 6356 6381 6296 6278 6205 6223 6172 6226 6190 6208 6216 6156 6151 6136 6154 6125 6162 6056 6025 6099 6032 6073 6046 6011 6045 6060 6026 6026 6001 6000 5942 5941 5961 5933 5936 5993 5948 6018 5985 5959 5860 5869 5879 5847 5775 5884 5873 5764 5732 5808 5846 5848 5797 5751 5801 5784 5804 6003 6601 8008 9827 12081 14615 17136 19710 22246 24621 26652 28869 30680 32501 34114 35528 36879 37967 39067 39981 40690 41451 42007 42490 43060 43445 43616 43866 44203 44460 44579 44343 44272 44254 44104 43832 43906 43744 43712 43553 43138 42959 42740 42557 42392 42107 42268 41777 41531 41152 40894 40736 40308 40050 39810 39424 39015 38860 38450 38038 37713 37478 36987 36796 36649 36414 36174 35885 35399 35158 35066 34769 34367 34185 33957 33733 33344 33056 33096 32789 32405 32168 31839 31614 31354 31109 30834 30525 30486 30175 30012 29722 29571 29435 29179 29006 28842 28435 28392 28160 27938 27782 27760 27484 27400 27099 26906 26691 26538 26344 26365 26272 26030 25728 25611 25448 25164 24984 24792 24582 24478 24125 23919 23901 23743 23706 23522 23487 23178 23076 22869 22708 22628 22452 22372 22258 22290 22102 21917 21782 21533 21402 21267 21156 21004 20924 20735 20797 20641 20310 20354 20129 20191 20068 20004 19808 19738 19535 19626 19488 19418 19342 19187 19043 18970 18857 18666 18552 18359 18371 18294 18341 18110 18110 17934 17822 17843 17799 17523 17466 17380 17309 17187 17127 17153 17011 16912 16918 16816 16775 16690 16555 16388 16368 16222 16207 16240 16146 16128 15881 15648 15622 15489 15490 15298 15291 15095 15147 15049 14928 14912 14832 14748 14648 14684 14655 14621 14658 14632 14627 14428 14421 14328 14318 14360 14226 14173 14171 14011 14064 13943 13953 13879 13750 13702 13502 13482 13425 13437 13353 13372 13344 13293 13210 13163 13158 13103 13196 13186 13039 13055 13015 12982 12904 12781 12667 12575 12697 12653 12523 12575 12491 12429 12382 12376 12338 12224 12121 12210 12093 12055 12033 11999 11897 11885 11774 11634 11519 11565 11467 11424 11330 11350 11258 11283 11201 11320 11271 11254 11127 11221 11231 11132 11196 11198 11171 11151 11042 11031 11003 10962 10919 10981 10877 10885 10887 10700 10679 10605 10642 10574 10558 10531 10498 10494 10517 10481 10435 10516 10396 10359 10279 10240 10084 10056 10097 10153 10054 10098 10040 10108 9992 9917 9903 9836 9827 9883 9858 9696 9743 9756 9768 9674 9673 9573 9557 9563 9492 9503 9465 9528 9447 9439 9397 9295 9271 9152 9205 9217 9200 9185 9204 9221 9164 9136 9207 9083 9060 8973 8905 8888 8970 8939 8917 8921 8896 8879 8882 8788 8768 8685 8744 8742 8694 8717 8728 8558 8600 8457 8386 8338 8390 8346 8323 8392 8288 8314 8269 8279 8224 8192 8210 8240 8257 8273 8176 8189 8203 8169 8122 8134 8150 8178 8105 8249 8165 8114 8080 8075 8063 7976 7962 7857 7811 7954 7875 7867 7810 7771 7833 7776 7782 7661 7698 7607 7586 7565 7638 7678 7570 7539 7480 7521 7460 7372 7394 7451 7454 7466 7352 7347 7310 7422 7426 7287 7282 7252 7267 7176 7188 7235 7249 7228 7153 7156 7223 7147 7178 7080 7042 7062 7114 7067 7064 7111 7019 6988 7051 6996 7029 6978 7014 6976 7031 6997 6965 6876 6945 6945 6876 6848 6844 6879 6848 6816 6770 6751 6813 6692 6657 6651 6633 6640 6650 6595 6672 6734 6629 6683 6683 6574 6602 6579 6535 6502 6496 6484 6547 6484 6465 6461 6547 6483 6567 6510 6580 6482 6477 6494 6448 6443 6410 6377 6482 6424 6350 6248 6321 6351 6325 6295 6262 6200 6197 6213 6206 6154 6096 6196 6207 6184 6190 6195 6151 6157 6183 6141 6101 6139 5976 6007 5995 6017 5978 5957 6076 6035 5981 5892 5843 5901 5913 5900 5841 5736 5794 5814 5794 5826 5845 5710 5663 5702 5703 5640 5688 5751 5747 5648 5622 5575 5614 5617 5601 5633 5659 5647 5625 5582 5583 5521 5571 5518 5517 5503 5531 5523 5543 5519 5437 5398 5401 5456 5438 5518 5508 5492 5417 5505 5469 5527 5526 5570 5534 5501 5500 5473 5472 5451 5481 5489 5475 5439 5321 5332 5397 5383 5351 5313 5278 5295 5238 5249 5257 5244 5177 5239 5187 5177 5208 5173 5135 5110 5164 5139 5167 5196 5167 5126 5120 5173 5095 5188 5149 5144 5051 5029 5074 4962 4977 4999 4993 5060 5018 4969 4999 5060 4995 4951 4986 4931 4902 4915 4923 4933 4906 4898 4836 4862 4900 4845 4841 4892 4877 4864 4932 4864 4822 4831 4847 4838 4825 4826 4839 4833 4789 4812 4802 4820 4964 4934 4865 4913 4893 4833 4821 4817 4837 4737 4721 4710 4680 4644 4617 4650 4692 4694 4695 4588 4677 4627 4671 4678 4677 4602 4649 4688 4711 4658 4615 4633 4636 4572 4559 4557 4584 4543 4547 4545 4514 4748 5513 6781 8761 11022 13660 16321 18797 21444 23813 26136 28086 29826 31552 33029 34527 35589 36990 37709 38755 39535 40522 41001 41483 41729 42201 42602 42554 43009 43018 43150 43046 42966 43104 42924 42730 42635 42873 42503 42112 41784 41859 41590 41323 41230 40883 40604 40445 40278 39989 39811 39450 39422 39064 38715 38422 38030 37771 37479 37298 36730 36440 36454 36052 35742 35455 35100 35012 34700 34436 33969 33880 33261 33061 32848 32360 32266 32017 31653 31606 31443 30938 30791 30451 30373 30143 29951 29635 29542 29150 29084 28845 28678 28466 28153 27968 28015 27663 27421 27392 27308 27069 26729 26595 26385 26268 26062 25903 25670 25459 25399 25184 24953 25023 24720 24495 24293 24207 23875 23669 23653 23458 23264 23021 22832 22807 22534 22581 22442 22147 22048 22090 21761 21770 21377 21320 21251 21038 20949 20643 20480 20535 20415 20261 20004 19981 19765 19654 19676 19620 19362 19349 19089 19093 18788 18730 18799 18621 18574 18394 18194 18282 18102 18024 18035 17885 17844 17701 17625 17699 17401 17558 17393 17334 17263 17171 17168 16977 16862 16855 16855 16799 16666 16476 16539 16364 16179 16163 16215 16241 16091 15947 15834 15856 15766 15627 15556 15427 15427 15316 15343 15147 15110 15058 15053 15027 14908 14821 14731 14581 14591 14527 14453 14450 14375 14300 14301 14106 14072 14031 14001 13954 13918 13688 13724 13674 13673 13492 13393 13428 13440 13447 13323 13291 13450 13362 13244 13086 12999 13007 12939 12969 12800 12698 12833 12703 12640 12595 12542 12532 12380 12403 12380 12252 12288 12184 12137 11977 12031 11850 11864 11859 11888 11849 11796 11828 11799 11761 11718 11639 11594 11662 11476 11444 11414 11331 11353 11312 11288 11344 11388 11277 11242 11153 11039 10963 10939 10819 10811 10661 10672 10588 10549 10583 10470 10474 10338 10410 10385 10251 10319 10405 10318 10359 10261 10247 10130 10103 10072 10023 10146 10040 9952 9968 9965 9989 9912 9887 9807 9816 9803 9757 9634 9677 9660 9660 9590 9687 9629 9654 9483 9450 9554 9444 9407 9360 9268 9268 9241 9219 9304 9220 9209 9228 9142 9117 9023 9010 8862 8806 8798 8862 8740 8710 8753 8736 8797 
	PassiveActor 2:
		MolID 0:
			Count:
				0 0 0 0 0 0 0 0 0 0 0 0 0 0 0 0 0 0 0 0 0 0 0 0 0 0 0 0 0 0 0 0 0 0 0 0 0 0 0 0 0 0 0 0 0 0 0 0 0 0 0 0 0 0 0 0 0 0 0 0 0 0 0 0 0 0 0 0 0 0 0 0 0 0 0 0 0 0 0 0 0 0 0 0 0 0 0 0 0 0 0 0 0 0 0 0 0 0 0 0 0 0 0 0 0 0 0 0 0 0 0 0 0 0 0 0 0 0 0 0 0 0 0 0 0 0 0 0 0 0 0 0 0 0 0 0 0 0 0 0 0 0 0 0 0 0 0 0 0 0 0 0 0 0 0 0 0 0 0 0 0 0 0 0 0 0 0 0 0 0 0 0 0 0 0 0 0 0 0 0 0 0 0 0 0 0 0 0 0 0 0 0 0 0 0 0 0 0 0 0 0 0 0 0 0 0 0 0 0 0 0 0 0 0 0 0 0 0 0 0 0 0 0 0 0 0 0 0 0 0 0 0 0 0 0 0 0 0 0 0 0 0 0 0 0 0 0 0 0 0 0 0 0 0 0 0 0 0 0 0 0 0 0 0 0 0 0 0 0 0 0 0 0 0 0 0 0 0 0 0 0 0 0 0 0 0 0 0 0 0 0 0 0 0 0 0 0 0 0 0 0 0 0 0 0 0 0 0 0 0 0 0 0 0 0 0 0 0 0 0 0 0 0 0 0 0 0 0 0 0 0 1 1 0 1 0 0 1 1 0 0 0 0 0 1 2 1 2 3 3 6 5 3 6 12 14 13 18 17 14 12 16 15 23 21 21 24 29 39 38 41 42 48 57 58 72 74 76 78 85 89 87 92 102 107 109 113 107 121 127 114 127 155 154 160 165 166 173 197 204 211 210 226 231 238 254 253 272 277 277 286 287 308 318 319 332 322 321 329 337 359 391 396 365 388 403 415 417 422 421 457 461 464 470 488 506 503 507 499 502 486 527 544 570 560 550 563 590 613 584 620 622 635 656 664 680 666 697 687 700 711 705 730 774 754 767 769 767 777 760 782 818 827 820 813 813 847 839 824 833 843 884 882 893 912 911 933 936 911 928 935 963 963 994 974 953 994 990 1027 1039 1029 1016 1033 1065 1049 1055 1097 1094 1099 1074 1101 1107 1073 1110 1095 1090 1106 1104 1130 1122 1134 1159 1167 1149 1183 1164 1152 1184 1159 1198 1204 1182 1187 1178 1240 1226 1213 1257 1234 1222 1226 1260 1282 1306 1279 1291 1273 1272 1320 1319 1322 1359 1364 1320 1342 1351 1355 1336 1313 1330 1333 1356 1372 1368 1360 1371 1379 1414 1407 1400 1414 1425 1353 1360 1397 1406 1390 1404 1410 1381 1380 1413 1395 1407 1382 1387 1393 1381 1385 1348 1342 1351 1377 1394 1414 1425 1455 1404 1396 1398 1382 1389 1379 1406 1401 1422 1433 1447 1459 1481 1437 1438 1450 1445 1458 1466 1459 1442 1431 1437 1442 1427 1475 1468 1461 1452 1456 1461 1444 1445 1386 1377 1410 1393 1380 1368 1365 1407 1395 1415 1384 1419 1382 1393 1400 1415 1388 1388 1380 1413 1404 1419 1456 1440 1457 1486 1471 1495 1481 1484 1489 1463 1466 1455 1435 1456 1456 1446 1468 1464 1470 1469 1402 1420 1437 1459 1432 1462 1424 1451 1380 1376 1420 1428 1407 1359 1377 1403 1419 1436 1442 1456 1410 1424 1412 1421 1402 1440 1434 1452 1416 1435 1421 1441 1436 1430 1412 1460 1436 1441 1460 1458 1457 1442 1459 1415 1398 1394 1395 1408 1379 1374 1417 1392 1409 1418 1412 1449 1375 1390 1381 1392 1369 1367 1348 1353 1397 1388 1402 1433 1401 1403 1344 1352 1353 1356 1337 1339 1331 1376 1373 1378 1373 1395 1345 1368 1354 1345 1354 1376 1371 1338 1340 1318 1322 1355 1364 1397 1386 1385 1378 1331 1381 1340 1368 1358 1370 1368 1357 1387 1355 1353 1317 1297 1292 1327 1369 1365 1352 1369 1388 1371 1377 1388 1355 1342 1364 1380 1347 1346 1384 1357 1340 1384 1404 1388 1346 1348 1332 1325 1329 1377 1368 1412 1383 1385 1363 1359 1357 1360 1357 1342 1355 1366 1334 1330 1382 1367 1345 1382 1329 1336 1364 1343 1342 1341 1302 1273 1267 1246 1225 1237 1282 1269 1252 1251 1268 1296 1302 1274 1253 1258 1265 1264 1260 1277 1243 1272 1270 1296 1311 1304 1266 1270 1265 1240 1229 1218 1218 1192 1207 1204 1176 1195 1190 1225 1242 1252 1264 1273 1314 1325 1340 1313 1327 1301 1267 1279 1324 1287 1265 1239 1254 1225 1221 1229 1248 1233 1264 1263 1261 1263 1277 1254 1231 1228 1201 1218 1225 1190 1202 1190 1188 1191 1149 1180 1196 1168 1180 1183 1192 1204 1173 1166 1177 1199 1179 1201 1194 1259 1238 1242 1219 1199 1209 1196 1178 1216 1201 1193 1209 1205 1202 1137 1149 1171 1164 1156 1196 1164 1228 1225 1200 1201 1174 1153 1186 1152 1189 1158 1138 1140 1148 1094 1161 1128 1114 1130 1120 1130 1136 1143 1160 1165 1134 1148 1139 1146 1140 1129 1169 1151 1174 1136 1116 1140 1118 1140 1152 1133 1162 1183 1166 1159 1171 1169 1127 1117 1112 1088 1106 1104 1125 1095 1093 1110 1086 1130 1121 1112 1104 1078 1069 1101 1077 1084 1104 1112 1099 1060 1057 1043 1053 1038 1049 1065 1089 1070 1029 1042 1051 1082 1082 1095 1091 1047 1043 1086 1067 1048 1079 1097 1060 1029 1031 1045 1042 1033 1060 1055 1035 1047 1075 1038 1073 1047 1067 1054 1063 1062 1080 1107 1082 1074 1065 1083 1098 1082 1108 1067 1067 1019 1029 1034 1022 1017 1023 1020 997 997 956 993 981 1004 981 1006 988 984 1018 1022 1011 1008 976 971 953 942 975 988 984 983 991 1006 1009 974 1014 998 1001 1004 984 988 999 989 983 972 983 994 1014 1016 1008 1041 1037 1027 1020 1016 993 1037 1009 1023 1039 1053 1050 1069 1079 1075 1059 1072 1062 1091 1063 1061 1089 1102 1100 1107 1142 1145 1162 1178 1181 1178 1175 1200 1216 1196 1197 1215 1193 1201 1184 1174 1214 1210 1232 1254 1248 1234 1274 1279 1304 1296 1332 1319 1306 1307 1328 1342 1370 1379 1377 1410 1462 1441 1473 1437 1459 1461 1481 1479 1485 1514 1483 1512 1532 1530 1520 1503 1507 1545 1496 1517 1503 1468 1550 1560 1536 1574 1532 1571 1635 1610 1629 1604 1640 1640 1679 1626 1651 1659 1671 1636 1646 1643 1663 1672 1677 1680 1733 1742 1785 1762 1737 1733 1765 1767 1795 1775 1797 1765 1799 1783 1776 1840 1838 1858 1847 1881 1902 1884 1927 1884 1922 1897 1924 1903 1907 1881 1866 1851 1883 1886 1912 1908 1883 1908 1909 1986 2028 2017 1946 1996 1958 2011 1984 1951 2003 2015 1953 1987 1961 2011 1959 2010 2071 2041 2032 2018 2033 2063 2074 2092 2075 2029 2094 2105 2088 2150 2131 2100 2112 2103 2104 2102 2105 2114 2106 2090 2082 2073 2079 2105 2127 2098 2094 2136 2143 2167 2219 2132 2163 2091 2122 2132 2141 2126 2159 2161 2116 2086 2130 2134 2158 2150 2144 2102 2133 2106 2115 2121 2120 2093 2157 2143 2151 2162 2188 2168 2155 2171 2169 2168 2236 2171 2121 2153 2135 2132 2148 2127 2125 2100 2096 2064 2045 2066 2123 2130 2163 2160 2201 2201 2206 2191 2189 2144 2136 2133 2156 2156 2143 2145 2126 2111 2071 2114 2055 2073 2116 2072 2138 2143 2132 2125 2164 2091 2149 2159 2172 2178 2137 2156 2164 2174 2148 2203 2171 2203 2191 2169 2202 2139 2155 2175 2148 2139 2168 2220 2176 2198 2185 2156 2173 2175 2169 2184 2142 2179 2194 2175 2199 2200 2236 2222 2217 2200 2216 2218 2222 2231 2173 2203 2266 2225 2284 2221 2251 2244 2258 2270 2319 2338 2391 2375 2366 2341 2378 2368 2379 2376 2413 2404 2439 2428 2405 2444 2419 2501 2452 2480 2512 2494 2512 2525 2516 2519 2478 2478 2517 2477 2469 2542 2511 2561 2550 2539 2545 2515 2549 2540 2512 2567 2590 2649 2693 2681 2661 2732 2687 2660 2675 2693 2675 2744 2734 2744 2739 2798 2772 2849 2844 2817 2794 2817 2848 2788 2766 2804 2776 2764 2842 2863 2879 2876 2880 2823 2845 2812 2838 2869 2922 2889 2927 2871 2900 2898 2944 2936 2999 2941 2908 2937 2922 2957 2919 2948 2941 3002 2991 3082 2995 3046 3087 3118 3081 3136 3021 3064 3064 3092 3094 3105 3075 3118 3137 3173 3180 3095 3154 3159 3125 3069 3154 3179 3097 3140 3156 3142 3110 3096 3119 3102 3202 3165 3211 3228 3200 3210 3213 3242 3287 3231 3198 3226 3231 3239 3265 3200 3214 3297 3191 3215 3163 3164 3154 3193 3211 3247 3217 3235 3270 3251 3318 3296 3295 3249 3194 3231 3312 3294 3323 3273 3253 3290 3274 3276 3247 3289 3269 3329 3233 3244 3303 3315 3298 3321 3297 3333 3321 3342 3315 3341 3337 3285 3338 3295 3271 3234 3250 3219 3178 3261 3231 3216 3220 3205 3201 3229 3255 3295 3230 3255 3286 3239 3289 3265 3287 3221 3207 3217 3174 3175 3202 3204 3224 3203 3207 3114 3148 3166 3141 3167 3163 3184 3206 3187 3250 3222 3189 3142 3205 3227 3214 3189 3217 3188 3190 3139 3214 3214 3253 3260 3197 3216 3222 3235 3222 3286 3231 3270 3273 3249 3232 3186 3270 3235 3222 3193 3247 3238 3209 3195 3207 3187 3180 3188 3166 3190 3164 3207 3248 3283 3265 3256 3250 3261 3245 3176 3185 3187 3169 3123 3121 3028 3133 3136 3165 3095 3174 3130 3145 3166 3181 3172 3182 3248 3192 3174 3165 3146 3132 3158 3101 3104 3093 3130 3130 3101 3112 3148 3088 3053 3025 3001 3034 2970 2970 3012 3008 3092 3059 3080 3057 3074 3027 3023 2968 2985 3006 2984 2969 2996 3030 3014 3026 3025 3003 3015 3029 3033 2993 2983 2972 2944 2951 2913 2973 2981 2973 2944 2904 2889 2871 2849 2861 2857 2898 2966 2880 2889 2899 2890 2945 2893 2902 2883 2888 2881 2919 2851 2861 2881 2895 2868 2865 2924 2897 2858 2883 2883 2861 2838 2834 2840 2803 2813 2810 2878 2873 2882 2885 2905 2903 2909 2853 2965 2913 2901 2868 2891 2854 2924 2849 2877 2875 2910 2901 2904 2956 2869 2885 2844 2876 2809 2822 2810 2820 2807 2819 2802 2861 2807 2789 2805 2755 2813 2809 2790 2768 2780 2779 2789 2802 2822 2817 2787 2820 2804 2774 2761 2797 2764 2720 2767 2704 2749 2730 2709 2732 2790 2740 2704 2714 2709 2733 2776 2693 2711 2754 2791 2764 2794 2806 2783 2761 2758 2791 2751 2702 2729 2765 2794 2788 2718 2723 2747 2665 2672 2732 2720 2700 2726 2693 2660 2732 2733 2676 2691 2686 2705 2682 2655 2637 2656 2677 2672 2663 2657 2658 2683 2679 2667 2648 2679 2609 2592 2637 2611 2620 2650 2643 2595 2622 2580 2585 2557 2542 2528 2515 2553 2567 2558 2557 2591 2572 2560 2555 2592 2632 2571 2534 2543 2571 2538 2520 2530 2539 2502 2458 2489 2479 2479 2452 2473 2453 2456 2441 2457 2423 2502 2461 2451 2488 2472 2479 2439 2444 2383 2370 2380 2396 2363 2404 2363 2365 2340 2339 2356 2384 2408 2444 2434 2411 2380 2402 2394 2405 2412 2390 2392 2434 2397 2419 2402 2434 2392 2427 2389 2388 2366 2364 2369 2385 2358 2350 2312 2367 2396 2394 2371 2412 2378 2382 2359 2360 2401 2409 2361 2350 2311 2366 2374 2346 2365 2419 2406 2470 2454 2418 2454 2443 2435 2453 2472 2441 2405 2423 2404 2416 2418 2442 2374 2373 2348 2320 2286 2315 2306 2270 2300 2367 2395 2370 2360 2340 2349 2307 2360 2357 2314 2255 2231 2242 2229 2241 2195 2282 2215 2262 2264 2265 2259 2269 2269 2305 2310 2283 2222 2231 2263 2259 2237 2254 2269 2281 2229 2236 2248 2213 2222 2212 2163 2144 2133 2167 2164 2131 2097 2104 2148 2147 2176 2151 2135 2168 2168 2124 2180 2187 2196 2157 2209 2194 2169 2208 2184 2131 2125 2098 2088 2162 2175 2120 2144 2175 2180 2174 2142 2150 2111 2091 2104 2061 2094 2112 2125 2115 2142 2107 2101 2070 2080 2055 2051 2067 2051 2059 2030 2040 2035 2048 2068 2098 2103 2084 2062 2051 2089 2080 2107 2073 2053 2066 2046 2005 2016 1999 2015 1997 2045 2008 2018 2023 2056 2014 2032 2023 2075 2059 2007 1995 2044 2038 1993 1990 2006 2011 1984 1949 1953 1940 1990 1939 2010 1969 1997 1977 2025 1981 1972 2010 2017 1967 1991 1960 1964 1925 1963 1977 1943 1914 1963 1959 1948 1981 1940 1969 1948 1946 1913 1963 1951 1997 1943 2004 1991 1947 1942 1933 1935 1938 1902 1913 1914 1863 1850 1882 1879 1934 1957 1971 1960 1966 1921 1959 1911 1935 1950 1987 1956 1939 1938 1942 1952 1932 1956 1973 1939 1937 1960 1953 1966 1914 1895 1894 1911 1912 1930 1917 1948 1964 1965 1959 1954 1936 1930 1905 1979 2017 1986 1983 1987 2005 2025 2057 1982 2004 1958 1980 1974 1980 1983 2041 2091 2125 2112 2144 2123 2117 2134 2151 2136 2157 2123 2134 2112 2141 2152 2147 2159 2164 2192 2161 2184 2187 2196 2195 2184 2192 2196 2217 2159 2225 2209 2206 2233 2231 2244 2222 2223 2230 2210 2264 2305 2308 2315 2302 2317 2344 2327 2311 2349 2428 2443 2439 2479 2446 2423 2448 2439 2415 2402 2427 2439 2465 2425 2426 2431 2463 2469 2506 2457 2447 2463 2447 2445 2462 2512 2572 2538 2519 2537 2531 2496 2529 2523 2566 2589 2560 2553 2579 2577 2644 2609 2678 2649 2671 2687 2684 2672 2734 2780 2721 2767 2730 2740 2724 2737 2710 2732 2798 2766 2800 2866 2832 2884 2937 2845 2854 2877 2889 2861 2874 2857 2887 2849 2850 2893 2902 2823 2792 2835 2835 2830 2889 2910 2917 2890 2932 2841 2809 2779 2812 2797 2767 2837 2846 2860 2876 2916 2940 2934 2955 2897 2938 2961 2902 2884 2906 2868 2926 2907 2916 2887 2873 2881 2886 2924 2924 2990 2941 2968 2927 2963 2953 2948 2893 2925 2905 2936 2921 2937 2905 2927 2970 2933 3001 3023 2985 2959 2913 2940 2969 2956 2973 2968 2971 3012 2980 3069 3015 3008 2988 3005 3049 3010 2988 2976 3008 3068 3029 2996 3010 3018 3039 3043 3055 3052 3043 3022 3010 2986 2980 2978 2999 3000 2990 3004 2964 2972 3028 3007 2999 2985 2947 3013 3014 3043 3089 3090 3144 3092 3015 3036 3010 2934 2930 2950 2970 2962 3031 3012 3011 2992 2992 2885 2921 2954 3000 2965 2976 2983 3006 2999 3056 3027 2951 2978 2928 3005 2985 2887 2928 2918 2882 2881 2915 2952 2861 2901 2917 2889 2895 2943 2944 2910 2868 2907 2810 2841 2845 2817 2798 2831 2835 2857 2859 2862 2876 2851 2852 2862 2866 2879 2869 2904 2890 2853 2892 2886 2874 2852 2852 2822 2856 2837 2776 2788 2773 2768 2798 2818 2795 2792 2746 2732 2717 2744 2778 2769 2733 2719 2775 2794 2798 2813 2809 2777 2827 2807 2778 2773 2810 2845 2837 2896 2873 2904 2882 2838 2776 2743 2769 2779 2842 2867 2870 2794 2920 2941 2917 2906 2839 2849 2893 2893 2884 2841 2842 2803 2778 2818 2838 2808 2855 2833 2856 2856 2876 2842 2795 2811 2752 2750 2801 2767 2770 2800 2801 2844 2791 2799 2767 2745 2806 2777 2699 2757 2710 2738 2720 2768 2739 2764 2788 2718 2705 2717 2730 2711 2688 2693 2754 2721 2715 2727 2743 2761 2789 2796 2751 2757 2708 2756 2743 2772 2718 2670 2659 2747 2745 2745 2774 2801 2725 2769 2720 2698 2770 2824 2831 2790 2759 2783 2732 2748 2759 2746 2763 2773 2800 2806 2781 2775 2784 2763 2763 2785 2789 2798 2812 2874 2874 2806 2798 2751 2799 2783 2770 2814 2857 2918 2900 2930 2952 2977 2962 3018 2949 2994 2985 2967 2932 2989 2955 2967 2952 2952 2998 2970 3013 2990 3039 3054 3066 3034 3088 3077 3120 3155 3100 3161 3164 3166 3204 3150 3128 3132 3150 3175 3180 3197 3166 3176 3211 3260 3308 3278 3238 3263 3241 3285 3278 3310 3317 3266 3292 3316 3269 3233 3232 3233 3255 3279 3271 3273 3234 3242 3260 3191 3278 3239 3303 3270 3275 3309 3338 3301 3270 3300 3288 3333 3340 3358 3336 3287 3299 3335 3297 3316 3321 3334 3336 3325 3303 3290 3385 3412 3430 3459 3487 3476 3469 3431 3484 3465 3497 3486 3452 3521 3483 3483 3507 3517 3526 3510 3512 3501 3439 3462 3497 3527 3491 3467 3502 3426 3433 3398 3467 3418 3493 3477 3482 3546 3548 3547 3542 3579 3514 3529 3537 3521 3534 3549 3508 3484 3496 3495 3505 3543 3550 3572 3590 3618 3624 3524 3569 3624 3694 3625 3603 3601 3599 3522 3547 3490 3492 3518 3477 3518 3585 3597 3632 3693 3689 3676 3642 3691 3645 3654 3688 3695 3723 3711 3763 3704 3644 3609 3588 3613 3639 3671 3675 3656 3763 3679 3725 3658 3674 3739 3701 3709 3666 3681 3645 3616 3622 3601 3658 3631 3614 3583 3581 3538 3543 3558 3566 3562 3554 3543 3606 3632 3619 3611 3655 3617 3606 3606 3595 3620 3581 3604 3646 3624 3604 3552 3603 3569 3545 3558 3579 3564 3603 3569 3515 3497 3567 3546 3592 3560 3504 3578 3511 3495 3547 3502 3554 3595 3546 3586 3543 3576 3507 3564 3552 3565 3494 3488 3468 3428 3445 3449 3473 3438 3434 3501 3492 3459 3451 3439 3492 3456 3425 3358 3392 3370 3390 3391 3405 3419 3424 3442 3388 3399 3439 3433 3416 3349 3419 3438 3402 3412 3435 3414 3428 3375 3411 3351 3361 3384 3406 3408 3380 3371 3339 3368 3381 3399 3410 3361 3332 3382 3303 3237 3265 3299 3371 3316 3310 3235 3305 3330 3349 3411 3439 3430 3422 3428 3321 3295 3306 3346 3407 3382 3406 3378 3356 3422 3366 3372 3321 3379 3339 3354 3343 3428 3383 3414 3344 3331 3325 3285 3259 3306 3287 3311 3291 3301 3328 3284 3320 3369 3348 3357 3410 3425 3364 3339 3321 3335 3269 3266 3292 3282 3253 3244 3259 3264 3254 3204 3210 3197 3178 3135 3159 3174 3142 3174 3163 3166 3196 3214 3221 3245 3302 3257 3267 3303 3245 3219 3313 3322 3277 3284 3295 3293 3304 3310 3289 3287 3357 3400 3318 3373 3387 3337 3385 3286 3339 3349 3340 3405 3384 3344 3389 3360 3358 3326 3355 3316 3330 3332 3362 3370 3365 3364 3390 3380 3419 3410 3446 3410 3463 3424 3394 3482 3496 3511 3535 3536 3555 3505 3532 3510 3500 3504 3542 3579 3578 3598 3516 3485 3555 3550 3513 3478 3487 3496 3552 3528 3579 3558 3654 3630 3615 3665 3638 3647 3639 3695 3690 3690 3680 3710 3715 3715 3772 3774 3760 3772 3791 3797 3741 3791 3764 3770 3767 3745 3755 3797 3803 3793 3846 3839 3837 3838 3834 3802 3862 3852 3843 3839 3855 3867 3892 3909 3869 3860 3902 3871 3946 3948 3979 3983 4005 3954 3950 3977 3956 3979 4008 4005 3957 4003 3985 3990 4017 3963 3976 3973 4035 3970 3962 4047 4051 4072 4080 4082 4089 4079 4084 4060 4043 4102 4053 4079 4027 4015 3981 3979 3993 4017 3982 3971 4023 4029 4042 3986 3994 4059 4059 4050 4073 4102 4093 4046 4130 4062 4156 4097 4074 4048 4029 3998 3934 3941 4046 3961 3995 3979 4016 4005 4006 4023 4044 4004 4045 4000 3988 4017 4053 4082 4047 4095 4065 4057 4059 4020 3989 4096 4051 4066 4083 4037 4036 4017 3987 4009 3991 4014 4038 3988 4043 4020 4040 4005 4030 4038 3994 4078 4065 4039 4050 4095 4032 4057 4047 4035 4011 4029 3997 3981 4017 4019 4077 4049 4069 4111 4094 4133 4136 4152 4098 4141 4147 4151 4171 4176 4099 4130 4169 4207 4162 4187 4126 4146 4115 4132 4093 4075 4100 4132 4174 4062 4133 4096 4020 4056 4032 4037 4035 3976 4041 4079 4182 4199 4108 4005 4043 3988 4036 4075 4064 4041 4099 4097 4009 4095 4051 4008 4002 4083 4078 4048 4046 4061 4067 3997 3994 3979 4047 3992 4008 3981 3977 3959 3937 3961 3946 3972 3953 3962 3997 4001 3987 3911 3963 3946 3978 4002 3943 3886 3916 3961 3997 3977 3963 3986 3946 3958 3935 3910 3942 3913 3946 3869 3887 3969 3959 3946 3940 3907 3933 3906 3957 3913 3902 3886 3818 3770 3808 3890 3844 3796 3782 3730 3727 3708 3693 3767 3743 3758 3772 3732 3803 3794 3793 3808 3780 3800 3770 3726 3678 3723 3746 3705 3731 3723 3720 3714 3673 3680 3766 3782 3777 3714 3707 3773 3762 3686 3668 3664 3698 3658 3708 3700 3683 3601 3622 3671 3675 3682 3735 3705 3725 3751 3654 3651 3689 3735 3703 3690 3654 3600 3557 3577 3606 3569 3583 3553 3559 3630 3589 3603 3602 3582 3564 3542 3542 3564 3541 3499 3492 3510 3512 3523 3562 3538 3548 3453 3466 3433 3517 3509 3559 3526 3602 3619 3627 3581 3569 3601 3621 3572 3632 3633 3584 3612 3519 3445 3484 3533 3533 3533 3526 3551 3498 3502 3521 3518 3448 3474 3459 3536 3505 3449 3445 3419 3394 3416 3462 3411 3402 3436 3431 3451 3484 3447 3467 3440 3396 3468 3458 3474 3444 3453 3471 3444 3504 3416 3409 3348 3344 3399 3344 3331 3340 3352 3354 3394 3335 3438 3389 3350 3352 3366 3356 3324 3352 3291 3287 3352 3346 3349 3311 3349 3366 3354 3314 3325 3366 3337 3350 3330 3315 3322 3328 3279 3366 3343 3332 3331 3370 3337 3313 3283 3232 3208 3280 3257 3240 3221 3227 3312 3217 3211 3222 3210 3175 3133 3201 3182 3153 3174 3112 3110 3150 3155 3129 3160 3117 3102 3138 3134 3111 3153 3117 3092 3077 3092 3049 3076 3060 3057 3041 3089 3129 3107 3115 3077 3050 3087 3135 3113 3101 3141 3180 3190 3167 3207 3139 3136 3109 3151 3200 3184 3192 3203 3231 3248 3239 3212 3264 3203 3198 3244 3256 3197 3175 3258 3232 3229 3205 3185 3169 3229 3234 3242 3250 3255 3242 3212 3255 3200 3249 3264 3259 3300 3350 3272 3272 3287 3300 3381 3381 3395 3468 3455 3505 3540 3529 3585 3512 3577 3499 3477 3581 3560 3600 3621 3575 3585 3597 3609 3641 3640 3597 3619 3610 3614 3585 3575 3543 3658 3616 3541 3576 3580 3617 3590 3693 3658 3669 3619 3630 3622 3615 3668 3674 3732 3678 3708 3762 3753 3758 3726 3798 3851 3771 3781 3813 3819 3866 3863 3917 3919 3873 3890 3843 3866 3853 3859 3894 3890 3945 4017 3950 3955 3949 3941 3914 3898 3887 3901 3863 3927 3841 3945 3972 3950 3916 3892 3922 3980 3986 4012 3977 4021 3990 4009 3986 3997 3995 4067 4016 4036 4073 4097 4149 4040 3951 4085 4056 4109 4068 4071 4041 4067 4010 4032 4077 4048 4001 4005 4028 3978 3904 3873 3933 3904 3974 3969 3952 3955 3986 3984 4014 4075 4059 4005 4009 4003 4067 3959 3970 4027 4033 4034 4012 4023 4115 4007 3988 4030 4075 4032 4123 4142 4143 4160 4131 4109 4080 4076 4031 4020 3999 4040 4029 4059 4062 3993 3952 4042 4022 4099 4116 4087 4075 4074 4137 4080 4132 4098 4079 4057 3989 3971 4073 4005 4031 3988 4014 4024 4040 4017 3962 3963 3986 4006 4007 3978 3974 3997 4029 4048 4031 4017 3977 3960 3929 3903 3893 3824 3867 3881 3904 3887 3939 3923 3958 3900 3977 4041 3951 3998 4022 4045 4014 3979 4011 4054 3963 3986 3985 4014 4030 3979 3956 3949 3926 3969 4011 3967 3969 3992 3994 3942 3907 3908 3961 3923 3933 3938 3876 3898 3912 3930 3897 3980 3934 3898 3962 3918 3975 3963 3972 4036 3959 3965 3868 3957 3968 3960 3902 3860 3904 3906 3850 3855 3854 3799 3864 3816 3796 3819 3747 3770 3776 3714 3733 3713 3739 3717 3764 3692 3759 3783 3789 3735 3787 3791 3776 3760 3760 3826 3807 3833 3811 3867 3827 3839 3881 3841 3799 3846 3815 3824 3823 3868 3799 3842 3767 3856 3905 3832 3836 3854 3871 3828 3821 3795 3807 3844 3872 3872 3783 3807 3783 3851 3767 3789 3756 3728 3721 3766 3700 3699 3666 3659 3692 3752 3721 3750 3787 3663 3675 3692 3734 3652 3662 3645 3661 3675 3663 3657 3684 3660 3695 3698 3705 3664 3651 3682 3677 3639 3685 3603 3601 3583 3581 3565 3601 3602 3581 3581 3587 3540 3586 3541 3551 3582 3548 3533 3576 3587 3561 3568 3627 3617 3554 3572 3581 3599 3630 3628 3598 3641 3649 3647 3622 3688 3636 3634 3626 3617 3593 3553 3582 3579 3575 3580 3495 3506 3503 3493 3572 3515 3538 3544 3512 3516 3533 3507 3490 3537 3521 3521 3524 3517 3568 3559 3512 3483 3454 3539 3499 3558 3489 3505 3484 3468 3461 3344 3371 3410 3398 3413 3353 3396 3382 3391 3350 3356 3349 3334 3357 3363 3377 3411 3459 3409 3390 3411 3407 3427 3442 3407 3394 3401 3382 3409 3439 3392 3345 3383 3388 3365 3374 3348 3396 3356 3375 3350 3283 3264 3357 3360 3380 3441 3348 3370 3351 3355 3311 3330 3316 3246 3296 3328 3339 3329 3291 3289 3327 3279 3345 3312 3343 3326 3259 3270 3249 3263 3284 3325 3309 3302 3275 3301 3263 3278 3299 3264 3278 3330 3338 3295 3266 3274 3238 3277 3264 3274 3271 3269 3282 3281 3267 3221 3222 3219 3226 3186 3248 3255 3287 3246 3199 3243 3231 3204 3209 3239 3229 3206 3243 3259 3259 3220 3286 3294 3292 3229 3180 3232 3246 3242 3279 3294 3270 3214 3237 3271 3200 3211 3210 3176 3262 3225 3191 3241 3169 3183 3164 3143 3179 3153 3168 3121 3166 3135 3104 3109 3119 3132 3135 3137 3135 3074 3089 3078 3111 3097 3100 3154 3097 3119 3065 3076 3029 3009 3037 3049 3046 3048 3064 3044 3077 3037 3032 3023 3068 3094 3089 3055 3051 3028 2942 2999 2955 3067 3048 3010 2971 2994 2985 3049 2997 2994 2984 2979 2980 2959 2997 3015 2975 3001 2970 3008 3004 2966 2978 2949 2939 2936 2919 2937 2917 2941 2912 2931 2977 2988 2900 2949 2929 2855 2911 2960 2926 2876 2861 2867 2843 2928 2873 2891 2915 2901 2863 2864 2894 2925 2942 2876 2906 2852 2891 2882 2912 2894 2878 2857 2867 2922 2913 2947 2902 2925 2976 2977 2982 2988 2993 2986 2979 2986 2972 2965 3035 2973 2974 2970 2910 2930 2871 2907 2955 2942 2902 2987 2974 2947 2981 2995 2961 2987 2996 3020 3025 3044 3058 3092 3089 3137 3105 3086 3103 3114 3129 3102 3094 3112 3140 3144 3158 3179 3188 3146 3162 3234 3157 3223 3277 3226 3203 3225 3212 3261 3295 3275 3297 3320 3319 3344 3314 3290 3357 3393 3421 3384 3360 3455 3443 3435 3398 3435 3351 3361 3423 3405 3439 3450 3480 3473 3436 3468 3456 3453 3445 3452 3498 3483 3443 3491 3411 3432 3494 3436 3506 3489 3553 3556 3550 3539 3502 3514 3554 3486 3463 3531 3543 3491 3512 3564 3582 3597 3543 3579 3578 3631 3637 3671 3642 3628 3638 3637 3682 3686 3692 3671 3652 3702 3737 3731 3718 3684 3675 3721 3661 3718 3692 3692 3731 3703 3749 3695 3810 3839 3796 3739 3719 3722 3694 3752 3779 3809 3832 3803 3808 3824 3825 3860 3737 3729 3780 3744 3737 3734 3667 3722 3779 3730 3761 3779 3765 3700 3766 3751 3783 3782 3807 3828 3804 3828 3888 3860 3839 3852 3814 3751 3756 3791 3852 3816 3893 3848 3846 3836 3788 3762 3760 3772 3755 3784 3749 3779 3789 3783 3842 3808 3867 3878 3807 3796 3820 3870 3812 3835 3891 3923 3927 3881 3867 3893 3892 3743 3734 3745 3756 3778 3813 3788 3779 3803 3716 3809 3775 3754 3801 3816 3838 3832 3768 3695 3711 3684 3714 3796 3757 3786 3744 3685 3734 3740 3766 3717 3779 3787 3850 3819 3837 3768 3761 3771 3736 3774 3763 3808 3805 3828 3820 3821 3812 3723 3792 3826 3842 3810 3793 3784 
	PassiveActor 3:
		MolID 0:
			Count:
				0 0 0 0 0 0 0 0 0 0 0 0 0 0 0 0 0 0 0 0 0 0 0 0 0 0 0 0 0 0 0 0 0 0 0 0 0 0 0 0 0 0 0 0 0 0 0 0 0 0 0 0 0 0 0 0 0 0 0 0 0 0 0 0 0 0 0 0 0 0 0 0 0 0 0 0 0 0 0 0 0 0 0 0 0 0 0 0 0 0 0 0 0 0 0 0 0 0 0 0 0 0 0 0 0 0 0 0 0 0 0 0 0 0 0 0 0 0 0 0 0 0 0 0 0 0 0 0 0 0 0 0 0 0 0 0 0 0 0 0 0 0 0 0 0 0 0 0 0 0 0 0 0 0 0 0 0 0 0 0 0 0 0 0 0 0 0 0 0 0 0 0 0 0 0 0 0 0 0 0 0 0 0 0 0 0 0 0 0 0 0 0 0 0 0 0 0 0 0 0 0 0 0 0 0 0 0 0 0 0 0 0 0 0 0 0 0 0 0 0 0 0 0 0 0 0 0 0 0 0 0 0 0 0 0 0 0 0 0 0 0 0 0 0 0 0 0 0 0 0 0 0 0 0 0 0 0 0 0 0 0 0 0 0 0 0 0 0 0 0 0 0 0 0 0 0 0 0 0 0 0 0 0 0 0 0 0 0 0 0 0 0 0 0 0 0 0 0 0 0 0 0 0 0 0 0 0 0 0 0 0 0 0 0 0 0 0 0 0 0 0 0 0 0 0 0 0 0 0 0 0 0 0 0 0 0 0 0 0 0 0 0 0 0 0 0 0 0 0 0 0 0 0 0 0 0 0 0 0 0 0 0 0 0 0 0 0 0 0 0 0 0 0 0 0 0 0 0 0 0 0 0 0 0 0 0 0 0 0 0 0 0 0 0 0 0 0 0 0 0 0 0 0 0 0 0 0 0 0 0 0 0 0 0 0 0 0 0 0 0 0 0 0 0 0 0 0 0 0 0 0 0 0 0 0 0 0 0 0 0 0 0 0 0 0 0 0 0 0 0 0 0 0 0 0 0 0 0 0 0 0 0 0 0 0 0 0 1 1 2 3 2 3 3 3 3 4 4 4 4 4 5 6 7 7 10 8 9 7 5 5 6 7 7 7 5 8 8 7 7 5 5 7 8 8 9 9 8 10 13 12 10 9 11 11 12 12 9 8 7 8 8 9 11 13 13 11 13 13 13 16 21 20 21 18 17 19 16 24 25 22 20 16 20 20 17 19 24 23 19 18 19 17 19 19 17 19 22 21 28 27 26 23 26 22 27 33 28 38 37 37 39 39 43 41 43 46 46 39 38 41 45 39 42 44 48 47 51 51 53 55 52 55 54 49 56 54 58 58 62 71 70 76 73 78 71 82 78 69 77 73 77 77 71 84 86 85 87 71 69 78 74 73 74 70 74 68 67 74 78 80 77 70 71 72 80 79 78 77 75 71 70 65 67 72 89 85 82 78 75 75 75 79 86 95 94 79 85 78 88 89 92 89 85 85 91 96 91 98 95 88 90 96 102 111 109 100 96 91 98 114 114 105 120 118 111 105 113 119 120 121 125 133 121 123 118 121 124 119 121 134 138 137 147 133 138 137 146 142 141 135 140 143 122 130 134 134 124 122 112 123 121 138 138 132 137 142 137 130 123 133 134 142 155 146 150 154 149 148 146 136 133 127 133 139 130 135 139 130 134 140 147 131 145 149 145 160 152 154 144 140 147 147 150 169 173 171 165 165 165 162 154 157 149 159 156 173 152 169 172 170 166 166 169 172 172 170 160 162 168 164 174 184 179 180 181 187 192 203 195 201 194 185 173 183 182 187 197 214 217 198 195 206 196 189 196 209 202 209 191 199 197 205 199 210 203 198 193 202 200 198 198 203 211 198 205 197 205 210 207 217 205 206 189 204 204 208 199 218 223 222 213 201 204 211 209 211 210 209 226 217 198 203 208 202 191 193 194 204 198 215 211 222 211 208 217 221 221 218 230 223 224 226 204 211 210 223 235 232 222 218 226 216 228 223 223 238 236 240 247 243 233 259 236 240 251 236 230 253 250 245 247 244 227 237 233 228 227 229 231 224 244 244 246 258 258 253 271 270 272 270 265 253 270 273 277 293 272 273 260 260 248 262 239 261 258 251 249 245 244 257 265 271 276 284 279 277 263 289 288 286 293 299 295 294 293 300 296 297 315 301 315 298 303 293 289 276 290 300 315 328 307 315 304 329 315 322 303 297 293 289 310 308 298 284 281 307 315 285 315 297 312 304 294 297 299 294 293 273 282 278 289 287 295 292 303 292 294 297 290 288 284 285 274 277 281 285 259 274 267 252 260 251 270 277 288 273 254 274 281 277 278 277 277 278 288 291 262 280 293 295 307 309 301 307 315 309 314 307 305 314 312 312 300 322 321 315 323 334 316 320 327 325 341 329 326 304 297 298 291 302 309 291 296 290 289 275 275 283 284 290 290 297 285 297 305 306 322 305 298 307 296 292 299 301 304 328 323 333 318 320 330 319 322 318 301 293 296 312 304 321 300 295 299 315 306 300 299 291 309 295 298 290 294 295 311 312 288 299 313 303 294 304 292 298 291 282 277 294 275 264 276 278 292 280 286 300 294 299 288 292 287 289 315 283 304 293 299 279 286 286 287 296 308 307 311 313 312 294 303 298 304 317 312 313 294 306 290 304 304 306 300 305 309 328 328 311 316 316 298 314 324 298 313 328 309 331 315 327 325 312 315 315 316 326 321 309 310 323 342 341 323 335 315 315 323 335 339 336 332 338 338 332 326 338 339 322 335 313 315 333 333 337 322 319 316 314 308 312 295 333 329 331 333 331 299 302 316 315 315 329 312 313 298 313 318 330 344 332 332 322 332 325 354 344 331 348 333 338 350 348 358 357 336 333 324 345 331 316 326 335 334 345 347 354 356 346 345 351 352 349 349 364 344 351 357 369 361 353 344 357 363 360 356 362 353 386 371 370 381 370 367 385 381 396 393 394 406 393 395 391 376 388 380 366 366 366 365 350 356 365 371 361 350 342 363 338 349 373 357 365 354 367 354 381 352 356 373 376 368 359 362 379 366 344 373 364 365 375 380 376 371 383 381 395 368 356 378 368 365 378 393 372 389 371 374 372 384 379 364 397 384 391 374 365 356 367 368 372 389 374 401 400 384 391 397 400 401 403 384 380 399 390 390 389 395 416 419 408 402 407 414 431 429 416 417 425 427 412 425 420 403 411 422 405 418 425 414 406 402 419 403 406 432 470 441 427 435 454 457 439 446 437 420 431 447 438 449 436 464 449 447 429 429 420 424 408 423 435 426 424 419 405 430 412 422 429 417 419 407 425 409 413 426 426 428 417 441 427 418 427 455 427 439 431 424 419 413 431 423 427 437 437 462 442 446 437 445 445 459 456 441 467 465 456 472 477 483 463 472 474 478 487 495 486 467 445 463 461 469 451 452 488 502 483 502 509 502 501 496 492 506 510 508 547 526 522 494 518 520 504 511 524 505 513 528 511 506 501 495 515 483 490 477 498 512 490 501 500 509 492 498 508 516 498 517 545 525 552 535 512 528 526 526 508 517 527 504 533 501 516 506 507 505 538 545 540 542 553 547 517 553 536 542 547 543 541 549 569 563 548 560 566 592 586 577 551 587 571 556 574 598 598 543 553 570 554 560 579 571 595 587 573 561 552 582 580 577 584 578 574 563 568 562 562 576 568 571 566 565 567 566 560 578 581 571 564 570 603 602 602 616 637 622 605 592 628 628 617 601 587 594 577 566 592 589 589 585 606 584 599 582 601 612 603 618 625 611 603 606 597 619 604 616 618 614 615 601 593 626 610 632 640 639 643 624 634 623 625 638 613 602 625 638 636 634 663 661 676 678 671 673 684 683 694 705 711 690 690 709 710 727 700 718 696 699 687 700 691 717 727 730 739 711 697 700 672 689 696 686 684 668 676 669 678 681 688 702 694 671 691 693 725 708 737 742 697 679 726 696 710 715 720 705 659 676 689 703 715 701 698 702 694 723 692 718 709 707 727 710 729 730 726 717 709 711 685 704 728 726 728 709 741 755 760 778 774 779 756 759 745 746 743 750 755 747 718 738 750 764 752 724 741 752 742 722 722 717 721 728 726 729 728 725 719 721 722 722 725 732 730 739 758 713 738 741 735 747 737 716 715 688 716 720 735 728 745 759 754 754 727 754 762 746 723 747 761 731 754 743 727 725 755 770 772 763 786 766 766 782 759 795 790 782 764 773 784 795 750 744 765 747 748 773 755 770 774 766 739 756 752 758 745 754 758 736 738 741 709 746 742 772 785 768 784 798 828 807 785 794 764 775 771 757 784 783 756 788 798 803 858 802 814 841 830 839 842 827 811 815 841 853 821 813 835 830 819 819 838 858 836 806 824 820 816 814 823 826 832 851 823 820 814 871 798 802 812 804 812 815 847 824 835 840 839 842 840 838 806 859 834 841 833 838 850 815 822 829 820 821 807 808 814 806 813 803 821 792 809 817 818 830 831 855 854 846 848 841 836 860 877 842 858 880 886 891 869 841 837 838 868 856 839 849 857 844 844 831 848 857 853 874 883 876 877 879 872 880 857 853 853 848 861 853 861 837 829 849 844 841 848 859 870 848 855 874 860 888 846 847 851 857 850 859 867 822 839 847 849 832 839 846 847 824 834 810 816 849 854 841 866 818 809 818 810 830 835 821 819 831 820 796 808 843 813 820 811 805 851 822 828 805 823 812 825 829 829 847 838 838 819 822 834 843 825 824 825 840 840 845 840 845 819 848 852 869 867 848 855 847 832 820 812 846 836 854 852 858 861 846 862 852 833 840 851 854 863 879 848 880 869 885 873 897 894 875 866 860 892 863 864 861 873 891 865 877 865 869 879 871 886 887 854 846 862 878 857 853 849 853 868 868 861 869 889 897 881 872 869 861 821 832 837 855 835 860 842 853 857 861 849 864 843 885 868 851 858 873 891 900 911 888 892 904 878 869 891 884 919 894 873 880 903 897 887 872 860 877 873 895 876 858 858 822 838 826 816 829 827 806 843 853 819 838 804 837 867 865 855 824 841 821 845 845 850 882 869 870 900 911 881 898 864 876 866 853 813 847 823 837 820 819 824 812 816 866 881 867 837 845 859 879 859 839 858 836 844 877 849 855 842 822 800 818 823 815 800 801 835 822 822 838 841 810 832 830 836 841 812 852 825 811 847 834 854 887 848 874 879 888 901 905 903 883 893 872 888 880 859 849 826 836 865 877 854 852 857 853 836 822 837 824 791 827 823 834 858 843 857 873 845 832 835 858 867 873 871 876 865 876 872 853 856 869 873 872 891 878 867 876 834 858 849 868 888 885 854 878 898 871 872 871 857 842 831 825 832 834 855 825 832 824 864 862 861 825 851 834 839 817 808 829 834 823 818 801 808 800 798 782 814 818 815 807 825 835 815 808 826 838 854 840 849 847 848 845 841 862 856 865 844 833 868 876 883 891 872 876 890 902 877 873 867 863 862 865 838 825 838 842 834 842 845 812 804 821 823 818 820 851 841 832 828 852 834 831 859 881 886 822 795 762 776 777 813 799 793 788 800 821 816 828 845 832 846 832 861 871 863 840 842 826 846 829 854 862 849 824 820 819 808 825 829 837 827 820 840 851 852 837 841 842 832 861 845 843 834 849 855 833 855 859 865 866 867 888 858 856 890 870 881 881 867 844 872 841 880 837 854 848 847 872 835 811 834 805 799 818 819 841 828 816 822 825 820 796 812 831 828 836 819 841 840 825 840 831 829 808 815 806 817 805 824 830 871 876 879 910 875 903 896 886 871 890 888 869 873 844 868 854 852 852 852 863 858 865 868 872 843 855 850 873 855 871 855 855 849 846 833 808 823 817 837 830 838 835 826 856 838 817 823 838 862 863 866 859 846 868 833 832 829 838 829 840 871 855 857 865 841 873 846 863 858 853 851 868 844 872 870 867 902 875 868 897 892 847 860 852 924 901 895 882 874 838 882 878 903 887 910 903 886 884 853 868 890 896 914 888 900 890 872 893 947 893 880 897 900 917 899 903 887 902 887 908 909 925 921 933 916 897 925 891 910 936 924 895 913 902 901 919 915 909 925 908 917 935 917 899 917 899 909 922 941 931 927 933 953 907 932 956 953 963 917 919 916 951 916 914 929 926 922 915 863 900 903 903 941 928 919 924 913 947 901 926 938 918 914 881 900 920 883 890 908 944 891 908 925 901 930 925 938 932 915 910 922 934 913 899 911 949 947 970 965 974 941 924 959 941 938 968 976 959 934 955 959 956 926 940 960 936 957 975 986 1001 998 998 1006 1016 1002 1004 1022 959 977 983 988 1009 1009 1022 1021 1019 1014 1022 1017 986 972 966 986 979 957 963 981 986 1005 981 980 1021 969 970 961 989 981 970 936 919 928 966 950 951 968 971 949 956 962 985 1006 985 954 963 970 969 951 954 947 965 981 952 952 964 954 960 951 947 934 923 986 979 994 1001 980 977 937 982 993 984 960 977 981 983 982 954 973 968 997 991 974 983 996 997 1005 977 1003 982 998 997 945 1004 1000 1012 1007 1042 1033 1016 1025 1006 996 970 1002 1026 994 983 996 1000 1018 990 979 993 979 962 998 992 975 947 962 966 957 962 982 946 966 1002 1042 1022 966 968 970 978 951 983 984 1002 978 961 956 965 996 971 968 993 966 993 1007 988 1012 1025 997 979 974 1002 973 972 987 982 973 975 1012 999 1036 1052 1047 1031 1034 1004 1031 1043 1059 1063 1051 1022 1045 1055 1024 1014 1034 1049 1039 1012 985 972 1007 995 985 998 981 1009 1037 1022 1001 1035 1009 998 1037 1036 1024 1018 988 1001 1029 1017 1050 1026 995 1004 1045 1045 1047 1055 1052 1088 1097 1066 1083 1059 1047 1060 1061 1063 1070 1078 1086 1090 1090 1082 1091 1084 1072 1050 1081 1082 1058 1081 1069 1072 1057 1055 1045 1029 1052 1059 1066 1073 1083 1070 1083 1074 1085 1082 1045 1081 1108 1082 1114 1090 1084 1092 1093 1096 1107 1084 1122 1101 1089 1100 1109 1085 1084 1088 1093 1091 1090 1094 1113 1117 1110 1132 1129 1144 1120 1110 1098 1074 1072 1069 1075 1070 1114 1123 1125 1087 1099 1095 1052 1070 1062 1070 1069 1066 1056 1096 1063 1098 1120 1077 1113 1139 1165 1135 1097 1089 1080 1084 1057 1036 1080 1075 1056 1087 1067 1082 1109 1069 1088 1072 1076 1107 1122 1108 1086 1109 1072 1066 1063 1065 1063 1111 1100 1118 1113 1103 1088 1110 1115 1120 1127 1163 1147 1135 1140 1154 1159 1160 1173 1158 1149 1120 1171 1151 1154 1124 1139 1140 1147 1132 1167 1144 1161 1146 1142 1147 1150 1137 1132 1155 1210 1184 1192 1181 1160 1140 1153 1135 1133 1133 1132 1129 1089 1104 1171 1149 1101 1135 1130 1181 1197 1156 1163 1187 1181 1168 1190 1182 1184 1165 1181 1172 1199 1194 1177 1171 1187 1200 1209 1211 1215 1215 1202 1198 1212 1205 1212 1217 1186 1208 1224 1236 1198 1179 1160 1219 1199 1241 1222 1221 1201 1202 1238 1191 1164 1199 1177 1174 1176 1201 1200 1195 1204 1204 1206 1213 1156 1140 1129 1115 1115 1129 1131 1118 1120 1140 1143 1127 1166 1157 1155 1148 1118 1082 1140 1133 1164 1138 1122 1141 1167 1174 1205 1160 1167 1146 1175 1180 1169 1172 1191 1177 1175 1170 1192 1178 1190 1151 1168 1148 1153 1167 1186 1119 1161 1165 1190 1196 1177 1211 1187 1161 1182 1205 1216 1241 1219 1230 1200 1163 1170 1197 1197 1270 1218 1217 1216 1220 1200 1250 1230 1202 1203 1186 1240 1241 1206 1234 1259 1271 1263 1233 1217 1232 1199 1237 1224 1238 1244 1233 1288 1256 1269 1247 1244 1259 1251 1231 1225 1231 1232 1210 1213 1193 1191 1143 1150 1190 1164 1167 1172 1184 1158 1163 1190 1147 1138 1179 1209 1159 1159 1169 1191 1165 1202 1186 1186 1215 1202 1217 1221 1202 1261 1287 1232 1274 1245 1262 1225 1227 1220 1243 1194 1210 1215 1214 1224 1233 1242 1259 1247 1245 1214 1255 1263 1266 1227 1218 1230 1203 1231 1254 1278 1250 1257 1218 1229 1218 1251 1207 1204 1214 1208 1214 1229 1224 1250 1277 1267 1266 1259 1234 1258 1219 1231 1272 1253 1241 1251 1288 1250 1288 1252 1244 1275 1275 1259 1318 1296 1260 1255 1289 1263 1245 1259 1240 1217 1200 1221 1242 1225 1220 1266 1243 1249 1269 1250 1223 1245 1235 1209 1247 1263 1291 1301 1295 1334 1319 1337 1288 1326 1326 1309 1306 1273 1307 1299 1339 1320 1293 1282 1284 1284 1297 1315 1347 1305 1309 1284 1293 1281 1308 1238 1302 1300 1301 1321 1296 1335 1341 1351 1325 1324 1275 1292 1282 1265 1282 1275 1251 1295 1291 1279 1352 1316 1328 1346 1345 1342 1361 1340 1344 1315 1299 1318 1303 1287 1296 1294 1332 1306 1311 1332 1281 1285 1289 1281 1273 1290 1286 1279 1328 1312 1271 1271 1278 1307 1325 1354 1380 1371 1360 1367 1367 1348 1323 1333 1304 1307 1309 1289 1329 1325 1331 1313 1350 1342 1325 1378 1325 1327 1335 1375 1365 1395 1382 1378 1382 1390 1360 1365 1343 1347 1358 1378 1349 1363 1333 1339 1323 1351 1327 1316 1333 1309 1319 1341 1334 1340 1345 1324 1336 1330 1330 1351 1335 1339 1302 1312 1352 1331 1315 1324 1358 1336 1372 1390 1358 1355 1365 1351 1377 1382 1415 1404 1405 1425 1444 1433 1402 1371 1405 1361 1390 1418 1427 1394 1426 1412 1397 1409 1412 1382 1387 1392 1373 1379 1396 1399 1424 1380 1430 1404 1423 1387 1380 1397 1387 1379 1424 1401 1406 1337 1346 1393 1423 1397 1391 1418 1377 1380 1400 1369 1360 1408 1368 1348 1319 1375 1357 1359 1354 1356 1398 1375 1343 1376 1338 1366 1337 1351 1301 1339 1346 1329 1309 1273 1290 1300 1238 1276 1317 1326 1358 1381 1338 1310 1356 1338 1335 1338 1333 1332 1348 1381 1378 1369 1352 1351 1365 1363 1377 1386 1352 1350 1323 1334 1325 1339 1328 1345 1320 1285 1325 1280 1268 1332 1350 1322 1307 1299 1325 1363 1342 1356 1335 1353 1334 1365 1373 1358 1347 1379 1321 1322 1320 1321 1331 1335 1315 1327 1336 1333 1319 1334 1364 1366 1398 1375 1360 1376 1377 1364 1387 1375 1387 1393 1398 1379 1349 1386 1368 1369 1395 1387 1392 1373 1384 1359 1336 1387 1330 1348 1332 1338 1328 1356 1361 1352 1363 1357 1413 1386 1384 1391 1398 1389 1401 1423 1399 1435 1436 1441 1371 1381 1369 1334 1346 1336 1357 1380 1387 1378 1355 1396 1375 1380 1354 1323 1347 1372 1360 1361 1365 1377 1358 1336 1339 1338 1361 1380 1348 1358 1348 1393 1372 1350 1354 1357 1340 1348 1361 1340 1341 1309 1317 1323 1318 1357 1302 1278 1301 1286 1306 1340 1362 1375 1366 1356 1356 1381 1390 1361 1372 1379 1382 1386 1419 1425 1462 1479 1425 1414 1433 1409 1436 1422 1388 1387 1373 1358 1393 1351 1348 1355 1411 1413 1391 1400 1387 1409 1430 1431 1404 1410 1412 1438 1480 1438 1412 1430 1451 1424 1455 1441 1426 1397 1390 1373 1406 1387 1384 1378 1415 1392 1381 1384 1388 1387 1407 1369 1323 1346 1314 1352 1337 1333 1361 1350 1359 1395 1399 1390 1416 1390 1375 1359 1376 1395 1396 1350 1328 1391 1409 1406 1384 1417 1393 1388 1383 1371 1327 1343 1347 1348 1326 1339 1364 1358 1358 1353 1365 1358 1401 1391 1375 1365 1367 1371 1358 1363 1394 1395 1403 1398 1404 1404 1409 1394 1398 1364 1357 1375 1387 1412 1457 1442 1415 1411 1388 1424 1410 1373 1406 1388 1365 1400 1399 1373 1433 1363 1375 1365 1355 1387 1379 1382 1342 1340 1341 1361 1337 1365 1332 1318 1284 1302 1322 1336 1332 1333 1307 1344 1382 1373 1388 1369 1385 1361 1451 1416 1419 1411 1430 1429 1455 1477 1454 1470 1462 1465 1451 1433 1485 1515 1483 1451 1442 1464 1469 1499 1470 1426 1425 1410 1426 1440 1453 1425 1410 1387 1423 1383 1425 1377 1396 1422 1410 1464 1443 1429 1450 1433 1461 1444 1462 1438 1457 1417 1454 1503 1488 1455 1431 1421 1434 1402 1463 1442 1418 1435 1441 1435 1464 1425 1397 1431 1380 1431 1405 1402 1400 1436 1429 1465 1459 1441 1432 1445 1411 1383 1368 1410 1396 1428 1427 1380 1398 1447 1442 1416 1430 1421 1420 1432 1441 1446 1472 1465 1484 1502 1465 1509 1479 1460 1490 1485 1453 1472 1462 1490 1513 1529 1537 1555 1513 1515 1509 1489 1506 1514 1476 1469 1448 1428 1464 1453 1437 1425 1442 1439 1418 1430 1410 1436 1475 1492 1496 1498 1475 1523 1511 1483 1492 1484 1478 1470 1491 1443 1464 1474 1462 1491 1466 1467 1455 1465 1462 1455 1463 1494 1465 1488 1480 1486 1426 1459 1472 1486 1487 1489 1505 1521 1502 1471 1493 1508 1484 1472 1484 1430 1473 1450 1445 1444 1470 1446 1459 1420 1458 1512 1472 1487 1459 1496 1491 1474 1483 1474 1506 1518 1504 1526 1541 1487 1463 1488 1490 1468 1457 1447 1449 1457 1448 1422 1449 1483 1470 1450 1459 1461 1456 1436 1411 1408 1427 1341 1367 1383 1396 1406 1418 1440 1462 1436 1485 1479 1478 1491 1494 1505 1506 1461 1461 1478 1491 1539 1512 1492 1493 1502 1508 1523 1496 1540 1493 1519 1532 1469 1485 1472 1509 1508 1499 1498 1481 1479 1468 1467 1463 1484 1513 1498 1463 1456 1472 1502 1488 1458 1488 1449 1458 1479 1450 1468 1474 1497 1498 1503 1452 1456 1431 1463 1451 1453 1446 1459 1481 1442 1446 1433 1415 1420 1459 1446 1440 1459 1486 1490 1495 1474 1474 1461 1429 1463 1444 1445 1464 1423 1450 1428 1447 1446 1442 1453 1497 1502 1518 1516 1486 1480 1484 1508 1519 1441 1434 1454 1483 1492 1491 1503 1491 1489 1493 1482 1489 1527 1526 1530 1570 1515 1534 1513 1485 1491 1486 1497 1490 1463 1465 1465 1436 1440 1426 1410 1402 1373 1411 1422 1422 1453 1469 1485 1477 1473 1480 1492 1474 1485 1436 1451 1487 1490 1449 1469 1449 1454 1489 1481 1461 1436 1450 1457 1432 1428 1445 1433 1426 1452 1486 1460 1427 1478 1511 1479 1447 1451 1480 1471 1489 1500 1479 1483 1470 1464 1442 1437 1412 1435 1431 1432 1449 1437 1444 1448 1459 1488 1477 1484 1488 1492 1491 1490 1511 1492 1527 1519 1514 1482 1461 1436 1462 1465 1459 1422 1433 1434 1419 1447 1398 1403 1453 1449 1472 1430 1425 1475 1508 1487 1454 1489 1477 1454 1463 1455 1412 1383 1469 1448 1456 1462 1440 1458 1471 1457 1421 1420 1448 1422 1414 1439 1406 1392 1421 1452 1441 1414 1446 1460 1428 1418 1451 1402 1411 1443 1385 1358 1406 1425 1435 1438 1456 1422 1438 1452 1458 1462 1476 1446 1435 1438 1442 1399 1367 1396 1383 1392 1375 1379 1436 1451 1428 1466 1429 1444 1453 1448 1459 1423 1466 1463 1468 1414 1410 1369 1435 1479 1449 1434 1407 1381 1374 1370 1394 1396 1405 1357 1400 1369 1398 1401 1401 1409 1403 1385 1406 1385 1400 1370 1383 1396 1419 1382 1395 1444 1447 1436 1460 1481 1471 1443 1431 1456 1445 1400 1407 1433 1440 1395 1391 1419 1416 1429 1425 1420 1424 1451 1445 1454 1441 1416 1439 1462 1431 1448 1435 1429 1426 1469 1470 1412 1429 1420 1479 1480 1431 1429 1434 1460 1491 1485 1449 1469 1446 1480 1464 1460 1448 1478 1403 1461 1453 1453 1457 1463 1435 1446 1456 1442 1440 1413 1422 1415 1421 1412 1398 1401 1377 1388 1394 1407 1393 1392 1376 1397 1387 1403 1426 1425 1430 1424 1411 1425 1403 1451 1476 1477 1477 1429 1434 1420 1369 1380 1341 1353 1357 1352 1391 1400 1391 1398 1386 1438 1391 1402 1386 1379 1378 1433 1394 1374 1408 1376 1367 1372 1348 1369 1326 1340 1352 1320 1336 1390 1385 1352 1371 1381 1382 1388 1396 1360 1389 1385 1390 1402 1391 1391 1401 1403 1422 1418 1433 1437 1435 1411 1452 1396 1425 1405 1392 1429 1448 1470 1455 1473 1463 1469 1446 1476 1466 1465 1422 1443 1478 1456 1489 1495 1519 1496 1502 1467 1439 1440 1431 1471 1443 1468 1444 1402 1381 1384 1380 1433 1424 1490 1526 1500 1467 1477 1499 1478 1470 1473 1446 1419 1446 1443 1430 1428 1403 1463 1442 1392 1388 1394 1401 1418 1443 1454 1398 1407 1414 1453 1451 1470 1429 1506 1535 

