Realization 0:
	ActiveActor 0:
		0 0 1 0 0 0 0 1 0 1 0 0 0 0 0 1 0 0 1 0 0 1 0 0 0 1 0 0 0 0 1 0 
	PassiveActor 1:
		MolID 0:
			Count:
				0 0 0 0 0 0 0 0 0 0 0 0 0 0 0 0 0 0 0 0 0 0 0 0 0 0 0 0 0 0 0 0 0 0 0 0 0 0 0 0 0 0 0 0 0 0 0 0 0 0 0 0 0 0 0 0 0 0 0 0 0 0 0 0 0 0 0 0 0 0 0 0 0 0 0 0 0 0 0 0 0 0 0 0 0 0 0 0 0 0 0 0 0 0 0 0 0 0 0 0 0 0 0 0 0 0 0 0 0 0 0 0 0 0 0 0 0 0 0 0 0 0 0 0 0 0 0 0 0 0 0 0 0 0 0 0 0 0 0 0 0 0 0 0 0 0 0 0 0 0 0 0 0 0 0 0 0 0 0 0 0 0 0 0 0 0 0 0 0 0 0 0 0 0 0 0 0 0 0 0 0 0 0 0 0 0 0 0 0 0 0 0 0 0 0 0 0 0 0 0 0 0 0 0 0 0 0 0 0 0 0 0 0 0 0 0 0 0 0 0 0 0 0 0 0 0 0 0 0 0 0 0 0 0 0 0 0 0 0 0 0 0 0 0 0 0 0 0 0 0 0 0 0 0 0 0 0 0 0 0 0 0 0 0 0 0 0 0 0 0 0 0 0 0 0 0 0 0 0 0 0 0 0 0 0 0 0 0 0 0 0 0 0 0 0 0 0 0 0 0 0 0 0 0 0 0 0 0 0 0 0 0 0 0 0 0 0 0 0 0 0 0 0 0 0 0 0 0 0 0 0 0 0 0 0 0 0 0 0 0 0 0 0 0 0 0 0 0 0 0 0 0 0 0 0 0 0 0 0 0 0 0 0 0 0 0 0 0 0 0 0 0 0 0 0 0 0 0 0 0 0 0 0 0 0 0 0 0 0 0 0 0 0 0 1 0 0 0 0 0 0 0 0 0 2 1 1 0 2 2 1 1 0 0 0 1 1 1 1 0 0 0 1 2 2 3 1 1 0 0 1 0 1 1 1 0 2 1 2 3 0 2 4 4 3 3 5 5 6 7 9 7 7 6 6 9 4 3 6 7 7 5 7 8 11 9 6 4 6 4 4 10 11 9 11 8 13 13 11 18 19 17 22 19 16 15 13 18 17 18 16 16 17 15 25 28 31 28 26 21 19 23 27 26 25 26 29 28 25 22 19 27 26 29 30 26 31 27 29 30 32 29 30 34 32 32 27 29 39 36 37 49 40 30 40 40 42 41 47 45 50 52 40 44 38 43 48 38 44 52 49 43 37 50 47 47 36 41 38 53 53 51 42 47 43 49 58 57 55 61 45 47 55 49 55 53 51 70 61 60 56 59 61 61 66 66 64 62 72 63 65 71 73 71 71 67 67 76 75 66 66 67 73 68 73 74 73 85 81 71 68 73 77 74 73 70 75 84 79 76 79 75 69 77 70 72 78 69 69 74 72 83 79 82 81 86 74 98 87 89 84 85 79 90 82 89 101 105 99 100 98 98 81 94 94 85 102 95 106 91 87 90 88 91 85 87 94 99 87 95 106 114 104 90 91 88 75 72 100 97 107 107 102 105 111 117 100 99 109 102 106 106 119 116 108 109 110 107 114 107 113 111 106 109 103 101 112 114 101 110 109 111 107 125 125 115 113 119 119 111 106 104 104 101 112 116 101 103 129 118 102 119 104 96 111 112 103 113 100 107 100 101 128 114 112 109 108 100 116 125 103 116 118 125 113 115 129 118 125 133 125 121 111 112 122 115 118 109 103 107 101 109 112 114 116 103 111 106 118 112 105 108 105 106 104 107 100 111 105 92 96 112 106 115 119 125 123 121 109 116 99 121 123 125 114 119 108 115 136 144 117 133 138 122 122 134 131 130 140 141 118 111 129 127 114 120 117 124 120 131 121 114 103 108 96 97 92 103 107 108 111 129 118 112 118 113 116 97 106 99 108 109 101 108 120 123 121 125 136 133 133 141 130 122 126 122 126 149 131 138 142 126 144 144 146 125 131 129 126 125 112 125 119 134 118 119 117 129 131 116 124 117 129 130 124 128 139 134 137 128 112 117 114 126 124 139 152 136 131 130 138 122 143 149 157 148 140 155 139 143 128 121 139 154 163 155 121 131 128 129 132 132 124 131 123 134 126 118 114 115 121 132 114 124 139 126 132 124 130 130 128 141 143 150 156 155 144 128 139 138 135 128 138 137 139 127 150 143 142 130 135 133 129 127 125 125 143 125 128 136 140 145 152 136 131 141 142 151 146 142 146 143 152 143 148 131 144 148 156 145 151 157 145 141 145 143 145 141 147 144 119 120 142 133 138 144 131 129 136 132 120 126 125 124 128 138 129 119 139 132 137 141 137 149 152 143 144 124 124 119 121 138 128 122 124 117 123 116 109 116 122 131 129 129 138 135 139 143 138 133 136 130 141 136 142 137 137 128 130 133 130 135 141 136 142 141 150 147 129 131 130 149 149 138 128 130 128 121 134 133 151 155 133 125 123 124 128 119 110 137 147 144 138 136 143 138 150 159 131 123 124 130 128 130 119 107 118 141 134 115 114 135 128 114 120 114 119 132 144 131 140 130 129 141 136 130 123 126 141 115 122 123 122 126 134 119 119 128 115 126 120 116 123 139 140 129 135 140 130 134 131 125 127 137 139 129 133 117 114 122 125 119 119 115 115 126 133 148 147 150 136 122 137 132 127 135 130 139 133 133 123 124 124 112 119 132 130 125 123 117 132 131 132 134 124 117 122 101 112 110 117 117 128 132 127 127 126 126 129 126 130 123 135 124 115 137 131 135 122 140 140 134 141 140 137 138 134 131 129 144 132 153 146 156 145 173 148 155 155 149 156 150 136 162 137 145 146 124 142 145 159 163 192 167 176 154 155 169 160 172 167 156 147 158 151 147 143 167 164 161 157 148 150 170 174 180 172 177 166 171 171 161 171 164 183 189 180 190 168 176 179 176 150 182 170 142 160 172 178 178 183 193 191 206 194 201 199 181 173 146 168 169 164 169 155 159 169 174 172 168 178 151 175 171 179 178 194 175 176 160 173 180 169 182 189 186 184 172 191 182 168 177 190 186 184 180 181 189 180 178 180 165 190 167 178 176 180 180 183 172 165 182 191 202 186 179 187 181 178 192 176 166 181 198 184 188 189 174 172 175 190 201 217 217 206 217 207 193 204 191 212 200 203 219 187 187 201 185 189 192 209 203 206 184 191 198 213 220 213 211 193 185 192 198 196 183 189 211 202 199 203 211 211 206 223 212 201 204 207 216 211 220 207 205 190 198 217 209 224 202 214 211 222 221 223 219 207 212 212 221 223 202 199 232 225 237 208 218 211 225 215 222 244 210 246 237 231 229 221 219 233 235 232 256 238 248 245 239 247 261 247 236 231 218 246 242 240 238 235 228 224 221 219 227 224 225 226 219 247 237 217 217 205 208 226 225 229 245 230 218 238 228 219 230 234 241 237 237 235 243 253 248 243 236 237 226 248 249 239 245 244 226 228 254 258 249 247 239 244 245 248 261 237 253 248 237 223 242 244 259 248 255 275 299 291 264 260 284 269 241 242 253 265 260 276 278 276 280 266 240 265 249 248 255 232 256 251 255 262 276 267 274 281 285 272 266 264 277 259 252 253 242 265 251 264 273 280 281 276 289 276 287 295 278 293 288 278 296 283 266 286 295 276 278 301 301 282 271 289 310 302 282 300 306 307 316 296 311 297 310 308 322 292 295 262 286 274 285 296 284 269 289 276 279 273 291 282 292 290 285 308 280 276 266 262 272 274 278 269 275 276 260 272 285 304 299 297 285 318 305 298 284 293 297 295 292 306 306 316 307 324 320 310 310 328 344 321 331 325 324 323 300 321 327 306 303 328 301 302 304 322 345 325 323 329 325 332 331 325 334 347 333 324 327 314 306 324 334 308 325 337 327 335 327 347 333 324 337 335 332 349 339 332 314 330 342 342 332 327 337 334 332 340 343 333 341 343 330 313 330 352 348 334 338 336 334 348 346 348 324 318 329 340 335 335 338 341 369 362 333 353 331 315 316 339 332 338 332 344 340 328 339 359 340 353 340 326 320 307 303 312 343 322 326 331 338 312 300 322 332 341 338 323 308 329 328 332 340 357 334 340 367 369 356 361 371 362 363 328 335 333 327 336 351 355 376 374 352 352 366 352 353 360 351 349 344 368 328 346 339 341 344 347 336 321 340 337 341 329 353 348 359 344 338 349 347 320 349 344 352 369 363 347 346 343 343 358 345 355 360 349 367 354 352 322 353 343 325 340 344 352 342 344 345 335 336 330 318 313 340 335 346 332 351 325 334 322 293 322 329 335 310 309 318 283 311 313 318 318 318 334 325 344 340 324 357 343 325 322 350 322 323 329 326 342 348 331 329 319 327 322 330 361 348 362 353 339 333 332 313 319 346 326 343 353 347 342 331 311 323 327 323 306 293 307 320 318 316 340 317 327 290 306 305 296 310 325 312 311 302 309 324 311 326 324 298 312 324 313 304 290 323 318 341 355 316 314 308 315 309 309 320 327 332 322 333 324 329 312 319 301 315 304 311 336 327 331 318 333 342 343 337 341 341 317 326 325 331 315 322 320 329 329 283 288 282 315 301 315 306 310 304 297 304 319 314 324 335 347 315 316 335 316 322 330 331 332 327 309 315 313 332 335 307 316 305 304 296 298 300 333 314 327 319 323 335 310 315 324 327 318 316 310 333 329 347 338 333 324 307 307 297 290 300 274 306 310 292 341 319 307 319 314 325 335 331 337 349 334 341 309 308 294 303 290 299 302 274 311 307 320 313 302 314 330 336 321 321 332 313 306 315 306 311 315 300 299 284 286 290 291 284 278 292 305 291 290 277 288 299 308 290 295 296 287 292 295 277 274 284 305 295 290 283 291 297 300 326 322 294 290 291 296 280 314 294 311 312 305 289 290 291 315 293 284 286 312 299 279 298 310 303 294 295 322 311 293 296 267 277 300 297 308 296 311 315 292 289 306 306 294 305 297 312 293 304 292 285 292 285 291 277 288 277 298 292 310 282 311 290 298 293 295 296 308 309 299 292 286 292 288 298 284 271 267 288 294 303 313 302 309 296 290 277 293 276 293 283 282 282 297 305 307 312 320 321 299 286 280 291 312 296 284 287 279 279 291 291 304 301 314 295 293 285 308 298 289 290 312 295 291 312 279 288 289 286 308 293 290 292 299 282 277 296 282 281 281 281 299 313 289 275 268 282 277 271 269 262 259 251 271 272 273 252 294 284 302 284 285 271 309 312 308 289 289 276 278 267 295 287 279 291 301 295 271 284 284 292 293 279 273 277 288 268 290 302 289 293 313 286 276 283 276 275 266 273 282 269 272 280 276 262 307 299 287 301 300 313 284 304 276 283 296 281 267 277 263 303 261 283 292 283 299 280 294 279 280 278 278 268 275 289 289 283 273 284 294 309 286 298 298 284 291 299 295 279 296 272 294 283 282 275 291 283 313 310 296 311 284 290 296 277 263 273 285 283 272 281 272 276 277 284 276 275 287 273 266 287 293 286 297 293 302 289 271 283 291 306 299 313 299 284 311 285 288 295 302 311 301 302 298 283 306 309 297 286 287 288 285 298 293 315 308 306 293 295 279 275 287 314 320 326 300 312 308 313 305 298 310 318 337 327 324 329 326 338 310 308 319 312 328 323 322 301 317 295 312 312 316 337 340 333 319 300 330 308 315 328 322 345 310 324 300 311 318 326 316 313 296 342 331 318 323 333 334 335 312 322 324 331 321 330 341 331 354 326 317 333 350 344 360 329 339 341 348 343 339 345 333 326 318 329 323 349 350 351 347 358 325 309 332 318 315 292 313 337 324 343 298 296 325 319 294 303 317 308 323 297 289 299 312 316 317 327 320 327 334 345 343 327 314 324 335 318 314 356 339 363 341 334 341 311 324 336 332 319 334 331 347 335 327 336 322 318 306 304 338 321 321 309 297 330 326 324 326 328 335 336 310 311 305 304 319 307 308 336 335 317 309 327 330 316 334 346 348 350 329 318 345 333 337 367 376 348 338 326 353 359 363 379 362 352 362 360 361 378 374 368 365 373 376 371 362 359 339 341 368 364 365 380 371 368 352 350 341 316 321 338 354 358 377 360 361 372 363 355 375 374 366 352 350 347 333 351 378 368 366 324 334 333 328 343 329 332 340 333 345 345 346 311 336 353 345 347 340 358 365 353 366 361 367 357 344 369 348 363 352 379 358 371 364 384 379 363 375 358 359 342 345 333 347 346 335 333 332 335 336 333 313 331 317 328 318 315 335 328 309 329 346 326 321 297 305 323 325 331 338 336 341 342 328 337 323 348 332 325 349 337 364 360 346 356 356 344 353 343 338 336 351 356 357 354 374 366 355 347 360 362 339 343 330 356 343 336 336 337 355 335 330 336 339 330 342 359 351 351 358 362 338 335 337 340 312 323 342 337 341 337 328 333 348 347 341 361 353 381 357 346 367 370 388 368 380 361 368 363 370 349 353 365 350 336 363 352 341 355 384 377 382 382 378 353 356 375 370 370 373 368 334 351 362 358 398 390 397 375 356 378 386 392 376 408 413 398 400 384 395 411 374 391 378 387 387 372 359 370 371 357 357 358 346 361 365 376 362 386 362 393 386 405 416 406 393 415 386 387 391 398 410 407 406 391 398 429 412 387 380 376 368 382 387 390 406 410 413 369 364 383 393 417 433 428 424 405 403 370 370 379 371 370 366 368 379 374 383 370 377 399 391 398 407 368 372 350 344 355 348 363 388 391 396 394 382 382 378 397 403 385 368 367 383 376 408 386 395 385 384 392 406 390 426 410 428 420 407 440 436 419 399 413 420 407 396 388 418 428 441 430 446 427 436 440 425 415 427 415 406 444 431 420 408 389 366 375 380 379 404 404 436 436 395 417 409 409 401 375 391 396 410 406 401 404 401 393 407 388 403 410 416 414 390 383 416 418 426 421 450 444 421 416 437 438 434 419 451 428 434 431 429 437 430 415 419 400 396 407 393 419 421 440 420 408 398 377 385 396 387 401 397 381 387 390 403 379 381 396 412 432 411 397 400 425 430 415 422 424 422 440 406 430 406 397 410 418 419 415 418 415 409 390 396 405 432 437 426 431 433 435 434 441 419 398 386 412 423 401 445 403 443 461 453 451 441 469 466 489 467 453 471 474 456 466 440 435 463 475 441 454 430 423 420 449 445 447 416 407 436 407 417 409 433 435 423 435 430 414 409 405 394 406 406 437 427 422 426 419 402 418 444 428 437 422 404 389 384 399 392 400 395 386 394 392 400 397 405 406 421 427 431 444 465 454 445 444 453 456 465 460 464 454 432 430 415 435 450 455 422 435 441 441 453 445 465 410 452 422 421 423 441 433 432 436 444 442 430 410 420 428 431 428 407 433 421 437 422 416 402 409 413 426 410 425 434 451 441 427 399 406 403 444 462 455 421 434 418 444 416 429 425 420 423 423 428 429 430 422 410 403 416 436 424 445 416 437 421 413 407 410 401 420 419 445 444 431 438 426 427 439 452 446 469 473 451 433 441 452 425 449 471 459 465 452 459 453 479 493 483 456 471 467 429 468 456 432 439 434 400 400 427 430 435 462 466 450 452 453 453 458 443 434 430 416 433 425 440 455 430 414 426 430 470 472 494 465 448 451 446 446 500 494 498 511 500 468 469 460 456 471 466 461 448 443 438 444 454 473 471 472 470 482 489 491 505 466 485 449 449 470 457 488 477 464 504 461 458 464 454 469 487 497 489 485 474 449 422 435 424 437 463 464 492 472 486 491 484 452 421 448 444 436 454 442 435 444 425 473 474 477 503 474 462 483 466 486 478 481 502 488 469 469 462 450 455 475 457 446 462 464 470 449 453 476 478 462 465 447 469 473 452 455 455 476 489 463 432 438 434 444 439 463 449 483 494 459 471 487 480 494 495 434 414 415 453 449 469 480 511 476 476 474 458 458 451 480 478 446 450 464 445 499 464 463 446 443 479 490 507 482 459 459 460 458 487 474 476 477 477 487 501 479 463 468 464 467 450 457 465 456 461 480 471 461 471 474 459 487 471 483 509 480 495 502 500 505 516 506 524 516 477 486 499 460 500 484 481 484 464 479 475 503 493 496 506 480 503 505 507 525 541 513 499 498 510 507 516 536 488 467 433 460 476 480 524 520 548 522 486 520 514 476 497 483 529 526 515 492 502 509 506 484 476 469 506 490 489 507 489 492 502 510 525 533 519 515 508 483 486 492 492 497 501 523 504 523 533 533 517 500 498 500 502 515 509 504 495 488 499 481 479 477 478 462 451 454 482 486 475 502 494 502 501 502 496 486 493 483 507 500 474 500 496 472 464 467 480 476 488 502 494 495 501 510 487 511 500 486 506 510 482 470 454 475 495 496 514 523 500 495 496 501 517 487 488 459 492 471 464 448 509 458 445 480 479 495 483 437 446 453 460 478 461 488 471 485 486 482 482 475 473 471 462 478 475 456 458 472 458 445 442 447 465 432 445 444 478 482 442 459 459 475 473 476 458 446 460 480 455 437 460 447 437 460 462 488 466 483 489 484 475 446 444 435 461 462 489 479 479 459 484 466 460 470 498 473 441 471 470 455 458 486 446 470 465 446 448 467 493 469 490 449 457 473 468 473 473 499 484 486 466 471 457 467 488 445 455 463 466 457 449 445 460 419 457 460 464 459 460 442 455 476 449 453 455 475 467 434 438 423 409 429 443 447 436 447 462 443 463 483 454 482 443 457 446 451 440 449 461 457 440 463 451 449 454 482 487 474 483 489 466 492 494 473 480 492 481 486 471 508 506 511 473 462 467 495 460 476 471 464 474 463 469 477 501 460 460 438 461 446 455 482 477 486 474 474 479 435 474 446 457 455 450 457 428 450 457 463 467 433 435 436 478 474 461 448 454 430 430 404 403 433 436 439 436 435 448 434 442 439 450 454 422 427 444 445 445 474 488 500 477 470 485 461 447 436 445 439 446 458 453 463 493 511 494 450 457 478 466 479 475 459 492 479 484 454 472 472 463 446 479 466 474 479 491 478 487 460 462 442 457 474 478 493 473 489 482 443 447 426 425 460 486 473 460 440 462 467 470 462 453 487 478 484 463 475 506 495 515 496 499 514 520 502 457 479 481 488 469 485 493 478 487 476 518 521 522 535 526 528 521 516 511 527 531 518 478 500 497 522 535 536 508 530 498 508 516 495 461 462 486 467 499 488 492 501 515 526 495 528 518 518 511 479 509 534 534 516 539 513 519 509 493 482 536 514 508 483 484 495 499 480 494 488 504 497 501 491 501 513 502 500 504 488 532 543 538 525 525 500 508 529 523 547 532 535 528 507 529 492 496 536 513 469 491 498 500 528 520 527 584 545 523 557 541 529 519 495 496 528 558 512 525 548 541 529 522 526 506 487 465 474 489 503 485 490 494 485 491 453 499 503 493 487 476 498 498 499 510 531 515 529 494 506 505 503 502 513 552 518 520 523 512 502 510 513 511 528 515 517 508 511 527 558 557 517 542 555 546 551 561 550 533 520 538 536 504 499 505 464 472 493 482 485 492 474 523 508 500 492 489 490 523 524 530 505 521 518 513 465 478 521 521 501 496 512 490 474 508 495 480 498 494 523 544 514 476 488 491 499 489 487 479 491 472 464 477 483 480 513 520 502 558 506 538 512 521 521 525 521 517 518 517 503 513 495 519 530 514 536 526 550 541 504 546 503 496 513 478 490 484 481 479 483 507 518 497 471 455 470 481 490 464 456 475 447 522 511 493 477 506 503 480 479 484 479 501 491 505 541 537 545 547 529 496 491 511 524 519 488 514 500 468 498 491 466 470 460 467 464 482 476 510 474 528 535 515 510 472 476 480 493 494 488 502 518 502 465 465 460 479 493 471 486 502 521 516 533 521 508 473 467 487 481 482 482 466 493 506 483 465 500 465 466 473 475 507 487 489 472 467 465 464 489 498 518 518 483 503 482 489 479 485 454 488 480 466 482 483 457 500 481 482 480 469 487 497 488 486 460 479 459 450 457 442 436 457 477 456 496 496 474 483 486 469 495 499 500 488 501 477 498 502 473 485 507 542 509 512 513 506 520 492 485 492 490 478 474 482 484 486 476 488 488 488 501 519 484 479 490 497 494 470 468 413 440 436 462 474 439 456 453 443 441 484 450 468 473 499 495 479 477 487 466 493 497 484 494 496 448 438 442 464 447 468 475 474 457 464 484 429 439 454 454 449 452 452 437 460 459 450 458 470 434 449 465 459 463 453 475 464 482 468 468 497 489 464 456 497 478 453 462 491 473 451 472 475 470 469 456 418 434 428 458 453 454 445 458 455 451 447 425 435 420 445 437 466 442 425 431 411 393 406 401 421 428 423 448 471 450 458 443 460 483 460 446 447 433 450 432 436 442 408 394 419 423 421 431 414 418 419 413 396 414 427 436 429 440 419 406 415 420 409 408 432 438 449 433 467 474 467 471 444 461 479 471 417 435 443 443 461 434 459 446 468 471 486 471 476 465 444 436 444 451 448 441 433 428 428 415 397 403 422 432 416 425 446 411 409 421 437 431 452 437 451 454 443 426 429 449 471 460 477 474 453 453 438 445 461 438 462 423 454 477 463 464 484 468 483 506 473 473 467 484 483 484 484 475 475 476 491 491 482 463 484 497 481 474 486 484 488 482 469 475 423 429 451 446 444 464 454 479 454 479 485 464 459 492 477 460 492 488 493 472 478 481 478 479 451 437 452 437 454 459 459 480 460 437 471 478 476 492 464 479 470 477 482 490 469 500 473 448 431 492 485 464 499 508 455 447 446 446 464 439 471 455 477 475 443 458 479 484 498 477 499 490 485 500 502 493 508 474 486 483 485 459 458 481 472 484 528 512 531 537 536 531 527 505 476 487 503 503 478 485 488 506 536 525 564 542 530 524 516 488 485 516 482 513 487 514 508 522 
	PassiveActor 2:
		MolID 0:
			Count:
				0 0 0 0 0 0 0 0 0 0 0 0 0 0 0 0 0 0 0 0 0 0 0 0 0 0 0 0 0 0 0 0 0 0 0 0 0 0 0 0 0 0 0 0 0 0 0 0 0 0 0 0 0 0 0 0 0 0 0 0 0 0 0 0 0 0 0 0 0 0 0 0 0 0 0 0 0 0 0 0 0 0 0 0 0 0 0 0 0 0 0 0 0 0 0 0 0 0 0 0 0 0 0 0 0 0 0 0 0 0 0 0 0 0 0 0 0 0 0 0 0 0 0 0 0 0 0 0 0 0 0 0 0 0 0 0 0 0 0 0 0 0 0 0 0 0 0 0 0 0 0 0 0 0 0 0 0 0 0 0 0 0 0 0 0 0 0 0 0 0 0 0 0 0 0 0 0 0 0 0 0 0 0 0 0 0 0 0 0 0 0 0 0 0 0 0 0 0 0 0 0 0 0 0 0 0 0 0 0 0 0 0 0 0 0 0 0 0 0 0 0 0 0 0 0 0 0 0 0 0 0 0 0 0 0 0 0 0 0 0 0 0 0 0 0 0 0 0 0 0 0 0 0 0 0 0 0 0 0 0 0 0 0 0 0 0 0 0 0 0 0 0 0 0 0 0 0 0 0 0 0 0 0 0 0 0 0 0 0 0 0 0 0 0 0 0 0 0 0 0 0 0 0 0 0 0 0 0 0 0 0 0 0 0 0 0 0 0 0 0 0 0 0 0 0 0 0 0 0 0 0 0 0 0 0 0 0 0 0 0 0 0 0 0 0 0 0 0 0 0 0 0 0 0 0 0 0 0 0 0 0 0 0 0 0 0 0 0 0 0 0 0 0 0 0 0 0 0 0 0 0 0 0 0 0 0 0 0 0 0 0 0 0 0 0 0 0 0 0 0 0 0 0 0 0 0 0 0 0 0 0 0 0 0 0 0 0 0 0 0 0 0 0 0 0 0 0 0 0 0 0 0 0 0 0 0 0 0 0 0 0 0 0 0 0 0 0 0 0 0 0 0 0 0 0 0 0 0 0 0 0 0 0 0 0 0 0 0 0 0 0 0 0 0 0 0 0 0 0 0 0 0 0 0 0 0 0 0 0 0 0 0 0 0 0 0 0 0 0 0 0 0 0 0 0 0 0 0 0 0 0 0 0 0 0 0 0 0 0 0 0 0 0 0 0 0 0 0 0 0 0 0 0 0 0 0 0 0 0 0 0 0 0 1 0 0 0 0 0 0 0 0 0 0 0 0 0 0 0 0 0 0 0 0 0 0 0 0 0 0 1 1 1 1 0 1 0 0 0 1 0 0 1 2 1 2 2 3 2 3 3 3 1 1 0 0 0 0 0 0 0 1 2 1 1 1 1 1 1 2 1 2 1 1 2 2 3 1 1 1 1 1 3 3 4 4 4 3 2 2 1 1 1 1 1 1 1 0 1 1 1 1 2 1 1 3 1 2 3 4 3 3 2 2 1 3 3 2 3 2 2 1 2 4 3 5 5 5 7 5 7 2 5 6 5 5 5 4 4 5 3 5 6 3 5 3 8 5 7 5 6 5 6 4 6 4 5 6 5 5 5 7 6 4 3 6 6 2 2 2 4 5 5 4 5 6 6 8 8 5 7 6 5 3 3 3 2 2 5 1 4 4 5 4 5 6 5 7 8 8 12 10 8 8 6 5 6 2 6 6 7 4 7 7 11 9 7 11 11 9 9 9 14 11 11 10 8 7 7 8 8 6 4 4 5 5 6 5 7 10 6 6 5 10 4 7 8 9 8 3 3 5 7 9 10 12 9 13 13 13 10 15 13 12 14 13 8 12 15 12 11 13 13 6 10 9 9 7 10 9 7 10 13 11 13 15 12 15 13 12 7 8 10 10 13 13 13 11 13 16 10 10 12 15 13 13 10 8 9 7 10 8 7 8 10 10 11 11 12 10 12 9 11 15 17 16 14 17 16 12 14 13 15 12 13 12 14 14 16 15 13 11 10 11 13 7 17 15 17 15 15 16 21 18 24 17 17 18 19 18 17 17 17 19 17 19 19 16 14 17 22 14 13 16 14 11 16 20 15 13 16 13 19 15 18 20 22 21 24 18 20 21 29 20 33 23 22 23 30 28 30 22 25 19 19 21 23 25 19 21 20 23 27 28 25 24 25 22 23 22 23 25 24 21 21 23 19 23 16 19 20 22 20 23 19 21 22 15 20 19 20 15 16 21 18 13 20 18 23 24 21 25 26 31 25 23 23 23 17 21 23 29 23 24 18 22 24 24 23 25 21 15 17 15 22 16 19 20 20 18 16 21 22 23 21 25 28 25 29 28 23 26 29 29 30 33 34 32 26 25 26 23 18 27 28 26 28 27 31 30 28 25 27 29 23 18 26 25 27 27 17 17 21 21 22 20 23 17 19 21 24 20 19 23 29 21 20 21 24 28 24 26 31 25 37 41 38 29 31 30 27 28 28 35 35 35 27 30 26 29 27 34 31 26 31 29 24 23 27 35 30 33 32 33 37 33 35 28 26 22 26 29 33 32 32 35 29 31 31 31 27 26 24 22 20 26 28 25 26 27 25 26 19 16 22 20 22 21 28 27 31 29 24 19 21 20 21 19 18 21 19 22 23 21 26 27 24 27 33 31 25 24 30 33 30 23 22 21 25 31 36 38 36 31 25 30 26 27 20 28 27 36 35 29 33 33 30 34 33 30 27 26 25 24 26 33 31 31 30 30 31 26 30 29 29 25 20 22 25 22 22 19 21 17 23 22 34 27 23 25 30 29 34 33 29 26 28 24 25 25 28 25 26 18 23 26 25 26 26 26 17 24 21 23 25 22 25 25 24 26 22 31 32 36 33 39 41 36 31 26 30 30 36 32 31 31 28 27 24 29 35 29 34 32 36 32 25 26 30 29 28 33 24 31 28 36 33 31 44 42 38 35 27 39 30 36 31 24 27 29 34 36 32 28 31 28 31 23 29 26 24 31 31 32 30 33 31 27 33 28 32 25 28 29 27 28 25 27 28 31 34 42 37 48 43 46 48 41 41 48 40 34 39 38 36 41 43 38 38 32 36 34 33 32 29 30 43 38 38 35 35 36 28 28 34 47 37 44 35 42 48 50 52 46 47 45 45 43 42 37 41 43 37 38 36 34 31 30 27 27 36 27 35 36 35 36 40 35 37 35 28 30 26 24 26 29 40 35 32 31 32 33 40 42 40 40 41 47 38 44 41 48 45 52 49 54 54 51 48 48 44 41 50 51 47 35 42 36 38 45 42 49 47 57 56 48 53 44 54 61 56 59 56 52 58 46 44 46 42 45 43 49 45 42 49 48 49 56 46 45 37 44 52 49 44 44 52 48 44 38 43 46 40 46 51 40 42 43 50 54 47 51 48 44 49 54 47 52 50 58 51 47 54 46 43 42 46 57 58 45 43 31 37 28 30 36 38 37 44 46 44 50 48 55 55 50 47 43 51 45 50 49 49 49 55 49 48 45 39 44 41 41 39 43 45 46 55 54 53 53 51 50 56 57 54 47 46 47 38 41 38 42 43 52 54 55 57 64 60 58 54 46 52 57 47 61 60 59 54 63 60 60 63 51 59 55 59 53 52 50 50 53 55 55 53 61 65 62 62 61 58 52 50 61 55 51 53 48 58 58 55 55 59 64 55 55 63 57 53 60 64 60 53 55 50 49 49 52 46 47 56 51 57 48 46 48 59 57 59 60 52 55 56 59 51 52 44 51 42 52 51 58 65 55 52 56 63 65 72 73 68 66 69 70 71 75 80 72 73 73 73 62 62 57 60 62 67 64 57 58 56 57 56 51 56 56 58 56 50 54 57 65 55 62 64 68 67 65 69 59 55 62 57 56 61 56 70 69 77 72 67 73 77 68 62 64 58 60 60 50 52 56 59 63 63 58 60 77 66 73 65 69 61 66 60 65 65 54 57 69 62 70 75 82 76 83 81 73 71 67 70 75 74 84 78 93 82 70 71 64 63 64 70 60 66 69 69 66 62 72 77 67 71 63 72 70 72 70 77 61 64 67 61 63 65 62 60 70 61 69 63 56 69 64 68 79 76 64 76 71 77 72 74 80 68 80 72 63 59 72 69 79 78 76 82 80 82 77 87 88 95 86 76 75 71 74 80 75 77 88 76 84 70 70 80 80 72 77 75 73 69 65 75 80 71 76 88 74 69 75 75 83 84 73 80 77 77 68 78 73 73 75 74 63 52 61 57 65 77 91 75 66 60 64 68 74 63 70 76 84 80 84 73 75 78 81 86 88 81 81 81 83 70 72 79 83 84 91 91 71 77 85 87 91 92 87 75 66 59 74 80 74 81 85 87 89 70 64 93 83 84 89 82 79 85 81 86 87 82 74 94 89 87 71 80 69 73 75 76 80 84 86 86 70 79 84 83 81 74 84 83 88 89 97 86 77 86 81 87 74 82 79 71 85 92 95 94 88 84 100 90 85 88 88 86 93 102 100 83 81 96 99 88 97 94 97 91 96 98 86 91 93 103 93 84 88 89 90 81 83 93 85 93 98 88 91 88 91 83 80 86 80 83 86 90 84 90 99 94 93 86 101 98 91 92 84 87 86 94 83 75 98 92 88 83 89 89 89 93 92 87 90 95 91 85 79 80 85 92 90 87 86 86 95 76 81 81 84 91 92 86 92 99 95 85 94 91 91 99 103 101 106 120 98 95 102 102 109 86 82 88 98 90 95 108 105 116 105 100 98 94 106 96 101 108 104 105 110 110 103 91 98 105 101 92 96 104 101 97 108 99 97 99 100 100 104 106 104 116 103 98 100 103 97 103 112 106 99 106 101 102 94 105 102 108 109 104 100 105 96 103 111 109 117 104 103 103 104 105 104 110 119 105 104 105 113 111 113 100 100 100 105 102 101 112 106 98 96 114 107 104 93 104 101 100 97 92 99 107 99 99 101 102 92 90 84 78 83 83 91 99 99 105 96 98 91 100 97 96 104 115 103 112 111 111 101 107 112 117 122 115 123 122 119 103 109 103 105 111 119 122 121 130 131 134 129 117 131 116 98 93 83 93 106 113 113 112 98 93 93 99 94 96 92 104 99 108 103 98 110 99 107 104 96 101 107 101 107 108 108 111 106 99 102 108 100 102 114 114 107 98 102 116 128 116 104 102 108 101 108 109 112 109 107 106 120 111 102 98 110 113 115 108 105 100 103 90 97 104 106 106 102 105 113 114 100 119 122 119 109 109 111 117 116 101 94 88 94 101 113 104 105 107 107 109 114 110 113 123 115 119 111 112 116 116 111 119 104 115 103 113 104 105 100 114 110 102 110 110 109 103 102 107 99 91 106 101 90 97 110 117 114 107 117 115 116 137 120 116 103 119 110 113 119 115 107 104 106 106 114 116 104 88 102 106 104 108 105 104 107 131 113 115 115 114 119 116 111 119 119 98 118 115 122 123 113 120 104 94 104 99 91 90 95 101 104 92 90 88 103 97 88 89 83 88 97 91 96 90 86 99 98 94 106 103 106 118 109 105 108 102 107 99 113 120 133 126 113 112 110 120 119 118 122 115 119 109 120 124 117 103 103 110 103 96 92 85 102 101 97 106 120 119 128 117 116 118 115 120 111 108 121 128 114 115 126 127 129 117 129 110 115 113 116 108 111 117 113 116 111 111 105 100 106 128 122 119 134 116 109 121 110 107 116 112 110 110 112 107 120 110 113 101 107 106 107 100 114 103 118 106 92 104 100 116 116 126 115 120 112 110 96 94 107 101 104 125 128 112 111 113 116 123 117 121 125 118 120 125 110 100 97 114 123 120 117 107 91 96 109 86 94 81 98 91 113 102 98 111 116 112 116 127 120 112 116 109 94 105 121 117 120 119 115 116 127 103 98 100 106 112 115 104 106 134 135 117 127 117 113 112 121 113 117 110 119 114 121 124 108 115 111 121 98 109 108 112 120 105 128 117 108 114 130 115 112 115 111 111 124 110 109 129 113 127 116 123 128 124 118 120 112 106 103 92 87 96 97 98 103 102 102 97 105 96 101 108 103 114 109 104 113 103 106 107 106 111 91 99 110 105 119 117 122 120 115 131 153 158 158 148 144 153 147 134 133 126 121 123 129 132 135 132 123 121 127 120 127 114 119 114 118 109 111 120 112 112 112 112 109 115 126 124 114 119 109 113 122 131 121 126 129 127 125 133 113 130 117 112 115 109 118 111 108 127 111 119 103 114 112 106 104 99 95 88 103 102 108 115 112 104 105 105 110 119 106 106 108 109 127 114 114 105 116 110 115 108 105 97 107 107 107 110 114 125 120 118 113 127 120 115 116 114 132 126 116 114 128 108 103 116 115 116 108 111 110 106 116 120 133 118 124 121 124 107 116 110 106 113 123 111 113 118 102 101 95 99 96 102 101 101 120 114 113 118 124 123 132 136 128 124 129 129 118 118 115 120 134 138 147 142 126 126 127 126 121 117 128 136 127 118 117 112 122 119 118 125 112 114 121 112 114 124 113 105 127 118 105 118 121 120 109 110 103 115 120 133 126 119 121 134 137 137 133 128 117 110 112 115 108 103 116 124 126 133 123 130 125 133 119 127 120 125 135 114 109 113 110 123 130 131 122 138 136 125 121 132 125 137 127 126 129 130 139 142 137 138 145 138 154 144 139 156 148 160 176 166 162 159 158 149 136 134 137 153 147 145 142 131 131 121 123 140 144 143 146 141 148 150 133 133 148 141 132 122 119 112 122 137 133 130 133 129 134 128 127 135 131 131 116 122 145 141 128 138 140 142 154 132 134 127 140 148 157 152 140 140 132 135 139 152 149 165 148 149 147 147 134 145 157 144 148 141 129 134 141 134 141 145 138 134 128 137 147 141 134 137 149 153 147 149 154 141 157 148 159 151 146 141 152 150 151 165 160 167 158 164 184 165 174 167 170 184 166 158 177 182 162 148 157 148 150 138 150 143 134 139 149 148 136 152 150 147 145 136 144 138 131 136 133 134 122 123 124 143 133 142 147 147 140 145 137 138 142 162 144 138 136 129 133 132 138 134 146 140 129 145 173 168 164 151 155 149 151 158 146 173 174 184 171 180 182 162 183 170 160 149 138 143 128 136 141 159 140 147 160 149 137 138 142 151 151 146 151 153 140 141 138 134 138 141 142 146 147 149 141 151 146 141 135 139 140 146 135 143 143 149 152 140 150 135 136 132 122 140 119 131 134 148 149 154 146 152 150 162 159 145 146 161 168 168 160 158 161 152 152 155 144 149 146 146 154 152 146 159 167 189 177 173 162 173 155 159 157 153 156 144 148 136 147 146 134 149 147 154 154 164 143 128 162 152 160 167 147 152 156 140 148 158 143 142 157 156 162 154 149 161 161 169 175 178 167 159 169 181 170 169 167 158 165 161 146 138 143 144 149 148 150 157 168 154 153 162 158 151 160 162 143 153 166 160 158 183 173 166 166 150 158 159 164 159 165 161 151 151 142 151 157 147 173 159 146 169 146 152 158 130 131 127 131 148 138 140 147 149 160 160 153 145 154 143 137 146 149 158 150 133 140 154 147 143 148 145 152 164 157 159 159 153 146 146 149 148 147 138 132 133 127 130 133 137 145 151 148 135 136 153 152 164 151 162 152 150 144 143 146 150 148 167 146 148 157 161 156 167 147 141 147 130 158 159 155 158 168 175 174 183 167 158 165 155 151 161 164 154 163 160 160 163 164 156 170 162 165 184 177 165 151 157 155 150 151 163 152 164 153 156 160 153 150 153 152 162 156 159 161 155 144 138 114 123 129 130 140 152 146 132 158 153 149 149 151 156 162 157 151 151 170 152 159 158 149 159 160 175 153 156 155 148 153 170 149 154 166 151 154 163 164 172 146 159 152 158 150 149 156 139 153 154 173 165 161 149 161 155 144 158 166 156 163 170 182 167 176 166 154 160 170 164 153 163 171 157 158 162 154 170 148 152 156 162 147 144 151 167 169 175 167 156 171 167 175 173 189 181 173 157 181 169 175 180 157 173 178 182 175 156 163 161 152 169 161 189 191 202 196 183 194 171 162 167 160 171 168 172 165 158 154 171 157 155 164 176 165 177 182 186 184 174 192 189 190 190 180 176 170 179 185 185 196 195 172 187 174 188 196 194 189 182 190 175 186 170 163 181 159 171 164 179 191 193 181 202 194 165 181 164 175 167 167 170 167 177 169 177 158 188 184 182 164 173 153 187 181 177 166 172 174 186 182 175 173 170 197 180 181 177 184 155 153 169 152 171 155 163 158 164 169 167 184 181 170 176 168 178 189 193 172 187 168 173 175 186 166 179 175 185 176 181 182 181 196 194 197 175 176 184 192 166 167 166 170 176 180 179 180 172 162 169 165 173 181 181 191 170 195 180 185 194 195 190 192 193 190 194 186 192 187 189 188 199 192 179 169 182 184 193 177 189 177 179 181 194 187 200 181 204 183 174 168 157 173 166 171 152 163 181 179 162 160 164 173 166 183 176 183 173 170 172 155 163 175 162 166 173 175 182 180 185 186 181 190 186 185 197 197 192 196 195 189 194 201 194 200 217 194 181 192 178 198 197 190 205 193 212 218 207 196 186 211 201 202 193 177 181 165 207 194 161 160 192 197 188 197 183 189 179 190 181 177 170 178 181 168 187 185 175 181 178 165 180 180 179 166 165 179 183 184 202 202 187 174 168 176 178 181 164 159 170 160 178 159 155 143 156 164 170 173 159 168 173 169 184 174 178 168 160 163 182 181 183 208 198 195 192 184 167 179 171 174 181 179 156 166 169 186 195 161 173 175 174 191 181 191 198 190 200 180 189 186 173 174 192 188 178 171 171 175 203 166 194 184 193 197 178 173 185 167 193 184 162 180 169 178 179 191 196 199 195 183 185 187 182 178 184 192 177 194 189 194 186 182 174 196 182 188 173 180 175 189 179 182 180 190 196 188 195 185 182 182 186 180 190 202 176 168 185 159 180 173 178 184 192 184 186 186 181 190 198 201 189 172 197 204 172 187 182 170 205 194 190 209 219 198 190 183 183 188 187 199 178 193 192 193 171 180 188 182 186 194 190 197 190 188 176 192 201 208 195 199 185 194 190 197 200 193 192 204 206 189 188 192 199 200 170 192 209 202 195 186 195 214 221 197 203 188 190 183 187 180 178 186 162 180 177 193 203 193 188 175 187 184 189 196 192 203 203 195 192 226 214 205 212 197 200 189 221 219 202 202 196 189 181 191 166 178 196 206 215 205 206 207 198 203 206 215 200 209 200 191 204 213 224 206 193 186 187 174 171 188 184 179 189 194 181 192 193 190 201 194 183 186 201 209 190 192 212 206 195 201 192 197 173 184 203 184 199 210 198 198 214 205 192 190 185 191 181 180 192 176 171 174 174 168 185 186 199 184 174 186 190 186 165 177 183 209 213 206 206 182 207 205 198 184 191 196 204 189 198 189 194 193 176 197 183 209 194 184 168 173 194 199 196 203 199 175 200 209 206 194 199 185 213 213 198 207 208 189 189 195 196 194 182 197 205 201 205 209 204 211 207 228 225 201 184 196 203 207 208 215 203 218 216 227 197 194 195 206 185 214 212 207 201 191 193 205 190 204 191 200 183 193 182 178 186 179 180 186 186 192 191 200 170 172 185 196 196 186 213 199 194 186 178 189 181 191 185 192 196 203 202 228 228 207 208 193 207 200 189 234 201 206 199 196 195 211 220 203 197 198 203 191 200 200 190 186 194 183 183 201 205 209 202 196 215 206 206 210 201 202 211 212 213 203 199 208 204 211 197 197 202 208 229 215 204 203 196 186 198 182 193 190 191 188 202 185 175 185 187 191 207 190 190 193 191 219 209 193 207 198 198 209 201 178 192 219 187 195 219 202 193 194 195 202 205 200 205 197 180 187 175 164 166 168 178 174 192 189 198 188 212 204 209 231 213 206 212 225 209 229 219 191 186 177 215 200 218 226 210 209 236 232 241 228 233 239 226 237 218 222 208 203 204 190 190 185 202 225 216 217 223 246 231 235 242 236 236 218 227 216 213 219 222 216 227 224 233 210 217 210 213 225 207 197 204 214 186 195 206 178 194 197 205 219 216 203 218 200 208 187 208 205 204 210 200 200 194 195 183 189 184 180 185 199 188 203 200 211 235 221 234 244 234 227 226 232 225 234 226 228 214 219 221 232 223 216 201 212 228 211 208 212 199 201 205 223 234 248 249 259 243 229 230 218 226 215 227 241 224 217 215 207 217 201 210 203 209 207 210 210 204 201 208 205 201 199 197 209 199 197 190 201 202 195 220 219 195 203 187 214 186 213 203 195 202 198 202 203 215 214 190 203 216 200 203 210 210 201 197 195 186 181 184 178 186 193 198 191 203 199 213 223 229 221 230 223 213 225 217 225 232 211 214 214 220 214 218 211 195 194 191 214 207 205 214 192 214 210 200 208 223 211 210 240 236 215 223 196 200 208 210 224 201 196 190 180 176 179 202 217 207 215 207 216 200 215 222 220 212 213 222 208 206 218 209 210 217 208 218 219 228 222 214 232 205 212 207 210 205 211 221 197 210 210 206 208 224 199 216 208 223 214 210 199 196 210 196 224 231 251 235 221 223 235 249 240 252 230 246 230 205 225 224 215 225 223 211 220 223 219 208 191 196 211 225 217 222 218 229 218 232 221 220 244 207 207 214 217 223 224 225 217 201 215 203 208 208 221 206 206 209 204 217 222 201 196 196 186 185 183 190 196 208 212 207 204 213 214 215 231 219 234 224 209 206 193 193 193 198 190 192 214 209 200 220 218 215 212 208 208 209 213 204 206 185 180 196 200 198 200 201 179 188 191 191 209 220 224 220 224 208 198 205 206 209 215 207 222 201 216 229 231 221 211 222 221 225 225 235 218 217 221 214 217 227 222 213 224 251 231 226 214 211 198 217 207 218 210 215 211 199 193 196 196 204 208 201 205 208 215 
	PassiveActor 3:
		MolID 0:
			Count:
				0 0 0 0 0 0 0 0 0 0 0 0 0 0 0 0 0 0 0 0 0 0 0 0 0 0 0 0 0 0 0 0 0 0 0 0 0 0 0 0 0 0 0 0 0 0 0 0 0 0 0 0 0 0 0 0 0 0 0 0 0 0 0 0 0 0 0 0 0 0 0 0 0 0 0 0 0 0 0 0 0 0 0 0 0 0 0 0 0 0 0 0 0 0 0 0 0 0 0 0 0 0 0 0 0 0 0 0 0 0 0 0 0 0 0 0 0 0 0 0 0 0 0 0 0 0 0 0 0 0 0 0 0 0 0 0 0 0 0 0 0 0 0 0 0 0 0 0 0 0 0 0 0 0 0 0 0 0 0 0 0 0 0 0 0 0 0 0 0 0 0 0 0 0 0 0 0 0 0 0 0 0 0 0 0 0 0 0 0 0 0 0 0 0 0 0 0 0 0 0 0 0 0 0 0 0 0 0 0 0 0 0 0 0 0 0 0 0 0 0 0 0 0 0 0 0 0 0 0 0 0 0 0 0 0 0 0 0 0 0 0 0 0 0 0 0 0 0 0 0 0 0 0 0 0 0 0 0 0 0 0 0 0 0 0 0 0 0 0 0 0 0 0 0 0 0 0 0 0 0 0 0 0 0 0 0 0 0 0 0 0 0 0 0 0 0 0 0 0 0 0 0 0 0 0 0 0 0 0 0 0 0 0 0 0 0 0 0 0 0 0 0 0 0 0 0 0 0 0 0 0 0 0 0 0 0 0 0 0 0 0 0 0 0 0 0 0 0 0 0 0 0 0 0 0 0 0 0 0 0 0 0 0 0 0 0 0 0 0 0 0 0 0 0 0 0 0 0 0 0 0 0 0 0 0 0 0 0 0 0 0 0 0 0 0 0 0 0 0 0 0 0 0 0 0 0 0 0 0 0 0 0 0 0 0 0 0 0 0 0 0 0 0 0 0 0 0 0 0 0 0 0 0 0 0 0 0 0 0 0 0 0 0 0 0 0 0 0 0 0 0 0 0 0 0 0 0 0 0 0 0 0 0 0 0 0 0 0 0 0 0 0 0 0 0 0 0 0 0 0 0 0 0 0 0 0 0 0 0 0 0 0 0 0 0 0 0 0 0 0 0 0 0 0 0 0 0 0 0 0 0 0 0 0 0 0 0 0 0 0 0 0 0 0 0 0 0 0 0 0 0 0 0 0 0 0 0 0 0 0 0 0 0 0 0 0 0 0 0 0 0 0 0 0 0 0 0 0 0 0 0 0 0 0 0 0 0 0 0 0 0 0 0 0 0 0 0 0 0 0 0 0 0 0 0 0 0 0 0 0 0 0 0 0 0 0 0 0 0 0 0 0 0 0 0 0 0 0 0 0 0 0 0 0 0 0 0 0 0 0 0 0 0 0 0 0 0 0 0 0 0 0 0 0 0 0 0 0 0 0 0 0 0 0 0 0 0 0 0 0 0 0 0 0 0 0 0 0 0 0 0 0 0 0 0 0 0 0 0 0 0 0 0 0 0 0 0 0 0 0 0 0 0 0 0 0 0 0 0 0 0 0 0 0 0 0 0 0 0 0 0 0 0 0 0 0 0 0 0 0 0 0 0 0 0 0 0 0 0 0 0 0 0 0 0 0 0 0 1 0 0 1 0 0 1 1 0 0 0 0 0 1 0 0 0 0 0 0 0 0 1 0 0 0 1 1 1 1 1 0 0 0 0 0 0 0 0 0 0 0 0 0 0 0 0 0 0 0 0 0 0 0 0 0 0 0 0 0 1 1 1 0 1 1 0 0 0 0 0 0 0 0 0 0 0 0 0 0 0 0 0 0 0 0 0 0 0 0 0 0 0 0 0 0 1 1 1 0 0 0 1 1 0 0 0 0 0 0 0 0 0 0 0 0 1 1 1 1 1 1 1 2 1 1 2 2 0 0 0 1 1 0 0 0 0 0 0 0 1 0 0 0 1 0 0 0 1 2 1 0 0 0 1 1 0 0 0 1 0 2 1 1 1 1 3 3 2 1 0 1 2 0 1 0 0 0 1 1 1 1 1 2 1 1 1 1 2 2 0 0 1 2 0 0 1 0 0 0 1 0 0 1 0 1 1 1 1 2 2 3 3 3 2 2 3 2 2 3 3 4 4 3 2 1 0 0 0 1 1 2 2 2 1 3 3 2 1 0 0 1 1 0 0 0 0 1 0 2 1 2 1 0 1 1 1 1 2 2 0 1 1 1 1 1 2 2 4 1 1 0 1 0 0 0 0 1 2 3 2 2 2 2 2 1 4 2 1 1 0 1 1 1 1 1 2 2 2 2 2 2 2 3 3 3 3 2 4 3 2 0 1 3 4 2 3 4 3 2 2 0 1 1 0 1 2 0 2 3 2 5 3 2 1 2 5 4 4 3 4 3 6 4 6 5 3 4 5 6 4 3 2 1 1 3 3 4 6 4 3 5 4 4 1 3 6 5 5 5 3 6 8 8 7 5 4 4 5 7 4 3 4 5 4 4 5 5 6 5 6 3 4 4 4 5 3 4 4 3 2 3 1 1 1 1 1 1 1 1 1 1 1 0 1 1 1 1 1 1 2 2 1 2 1 2 1 2 2 1 2 3 5 5 3 2 5 5 5 4 3 6 5 3 5 3 1 3 4 6 4 4 5 3 3 1 2 2 3 2 3 2 3 2 2 2 3 3 2 3 4 5 7 5 7 5 5 4 3 3 2 3 2 6 5 6 7 6 3 7 7 6 6 6 4 5 6 6 5 5 6 3 6 7 6 6 4 3 7 7 6 4 5 5 5 5 4 5 5 3 2 2 3 2 2 2 2 1 2 2 2 2 2 4 4 5 6 5 5 5 5 3 4 1 3 4 8 6 8 9 10 8 9 9 9 7 7 5 3 3 4 5 5 6 3 3 6 6 4 8 5 3 7 8 5 6 10 9 9 5 6 4 1 2 3 3 1 4 6 4 6 9 6 5 5 4 5 3 3 4 3 6 7 9 8 8 8 6 7 8 7 3 4 3 2 2 4 2 3 1 3 5 4 4 7 5 3 4 4 4 3 2 1 8 2 5 3 3 4 6 8 5 5 3 5 5 5 7 9 6 9 3 6 5 5 4 5 3 5 0 2 2 6 5 7 7 3 2 4 6 5 5 5 7 6 7 5 8 8 10 4 5 5 8 3 5 7 4 6 5 6 8 5 7 5 9 8 13 10 5 8 8 12 7 5 11 9 9 10 8 7 7 6 5 6 9 7 9 7 7 6 4 8 8 5 8 6 10 6 5 6 11 10 12 9 11 9 9 12 13 13 12 10 11 9 8 6 11 8 8 10 9 13 12 11 12 7 13 9 9 8 8 9 8 9 7 4 6 7 8 6 6 5 7 8 6 9 8 11 9 9 8 8 10 7 8 6 4 4 5 5 5 7 9 9 11 8 11 7 6 4 10 10 7 7 5 12 10 10 8 8 5 10 13 14 7 8 8 9 10 11 10 6 6 7 9 5 7 12 12 12 15 14 13 11 13 13 15 14 14 20 20 21 17 20 26 16 11 14 15 18 16 15 20 18 17 17 17 14 14 14 14 16 15 17 21 20 21 20 15 18 14 12 16 16 16 19 20 19 19 19 14 10 7 8 13 13 10 12 12 13 12 13 16 14 10 9 9 11 14 18 13 18 12 16 10 9 7 7 7 10 11 17 13 14 11 12 12 10 12 13 8 7 9 11 8 7 8 6 3 4 4 3 9 6 7 7 8 6 6 6 10 8 8 9 9 9 10 8 6 9 8 7 7 9 8 5 9 15 17 15 16 17 17 16 16 15 14 19 17 15 16 11 13 14 11 10 10 16 11 14 17 15 10 11 11 12 9 7 11 12 11 12 16 17 14 15 12 13 16 16 11 16 13 12 15 11 14 17 13 15 16 14 15 13 9 10 13 12 11 18 14 15 11 18 19 19 17 23 17 17 13 13 11 12 12 14 17 14 15 14 17 14 14 11 11 13 11 13 9 11 9 14 14 16 16 15 9 16 12 13 15 11 13 15 11 12 12 10 9 9 10 8 11 14 12 10 10 12 12 10 18 16 14 12 16 16 18 17 17 11 12 10 16 13 18 18 22 16 16 16 15 19 14 12 11 10 13 14 17 14 15 11 15 10 13 12 9 14 16 19 16 14 18 18 16 14 16 11 15 12 19 16 20 18 24 27 19 13 16 17 20 21 20 21 17 16 19 18 12 12 10 13 18 14 17 15 13 14 16 16 19 18 12 19 16 25 24 19 17 17 19 29 26 20 24 18 20 23 27 20 24 19 20 18 19 19 17 18 18 17 19 18 14 19 21 26 25 24 23 22 21 17 18 22 23 18 19 23 21 25 20 27 23 25 26 30 24 17 19 19 20 16 16 15 18 16 15 15 16 16 15 13 18 23 23 22 19 23 25 23 21 26 29 31 25 27 27 26 23 22 21 20 17 14 19 17 15 21 15 18 19 15 17 21 15 24 20 18 17 18 14 19 18 23 24 22 19 21 20 19 14 17 18 12 18 22 27 20 21 23 21 21 21 17 16 13 17 23 18 24 20 22 23 17 21 16 17 25 27 21 22 22 21 27 26 20 24 22 20 19 18 22 18 21 21 20 19 22 19 19 17 19 27 27 25 21 22 26 21 17 20 12 16 19 15 21 17 21 21 15 20 26 26 31 24 24 24 20 24 23 27 26 20 23 28 23 19 19 22 20 23 18 21 25 24 20 19 23 25 28 24 19 26 26 16 18 22 25 24 22 25 25 17 15 14 17 18 17 16 13 18 13 12 21 25 25 20 16 17 20 18 21 17 17 22 21 20 16 21 16 20 23 17 22 20 17 18 14 16 13 15 21 20 21 27 27 26 18 20 30 32 28 28 22 27 27 21 25 24 29 34 24 23 30 28 26 25 26 26 24 22 29 30 32 38 30 30 33 38 27 27 20 27 21 19 22 19 26 18 21 24 27 23 25 26 26 27 21 18 18 23 23 16 18 31 31 25 29 27 19 26 23 20 24 30 31 30 26 28 34 27 29 28 27 28 33 32 30 27 27 28 25 28 32 29 31 38 25 24 25 30 28 25 24 23 26 26 27 28 24 19 30 32 34 31 27 32 34 31 26 28 23 28 31 29 24 26 27 30 35 32 31 37 36 38 28 36 36 30 29 29 32 36 45 39 36 42 38 34 25 24 28 35 32 30 37 29 35 45 39 43 34 35 31 34 31 33 30 32 35 36 37 44 37 37 38 34 35 34 27 30 35 36 28 25 23 24 25 28 22 25 24 34 36 37 32 35 36 41 40 39 34 37 32 37 26 32 30 28 27 30 30 24 25 17 16 16 17 21 24 26 28 28 30 34 39 37 28 30 30 26 35 34 36 36 35 31 32 37 38 33 34 28 34 36 31 36 32 34 30 32 40 34 30 43 31 33 28 29 19 23 28 29 29 26 28 26 30 28 30 26 35 28 32 30 34 33 33 33 33 36 34 30 28 30 30 32 28 36 37 32 31 35 28 40 45 36 36 31 40 42 39 43 38 37 42 40 37 33 36 35 30 26 36 38 33 38 37 35 42 25 27 33 27 34 38 32 30 39 29 28 34 32 40 37 38 41 49 46 51 48 36 36 37 33 39 34 36 34 32 28 34 28 29 32 30 34 41 40 38 37 36 42 47 44 40 44 44 39 36 35 39 34 38 38 41 38 35 36 33 29 30 40 36 32 40 46 46 46 42 39 40 41 39 37 39 32 35 32 34 36 41 33 34 36 37 44 38 33 39 32 29 39 39 37 39 39 43 35 42 49 39 39 43 43 33 45 43 43 43 39 45 41 38 41 35 34 39 38 43 35 39 41 37 38 51 45 41 48 38 35 38 46 36 31 41 41 39 40 32 35 29 32 32 33 39 35 37 38 36 27 38 37 34 29 37 44 43 38 35 40 38 38 44 44 44 51 46 41 41 42 51 45 44 47 44 38 35 42 39 48 39 39 40 34 35 34 46 43 40 37 40 31 35 35 33 39 32 42 36 38 41 41 36 37 37 39 39 38 43 40 48 40 46 46 41 40 38 48 48 36 36 31 37 34 32 38 42 40 41 43 37 32 32 45 39 35 31 33 36 42 42 38 40 38 43 41 46 45 41 39 51 46 39 43 45 52 50 44 38 43 42 40 47 44 44 46 43 45 40 35 29 34 36 37 37 25 31 40 41 41 37 49 45 58 51 47 43 40 46 50 47 39 44 51 49 43 43 34 41 37 34 34 36 31 26 31 34 36 42 43 36 41 34 34 38 36 43 39 41 46 42 40 40 43 42 40 41 41 37 47 42 45 44 40 45 46 49 48 50 44 42 41 35 33 28 34 31 38 38 39 51 47 50 50 43 46 46 49 55 50 42 51 43 49 50 58 52 44 50 43 46 37 43 40 33 38 35 39 41 42 40 41 48 52 49 40 42 34 29 30 43 44 45 52 52 49 46 43 43 44 46 40 47 39 36 38 48 40 45 45 41 34 40 44 35 39 43 36 37 44 45 50 48 44 46 51 45 52 48 37 35 47 43 44 50 50 46 34 42 40 36 42 37 49 43 37 41 42 55 47 46 36 35 36 33 35 36 44 50 44 47 46 45 39 48 48 43 46 45 47 45 41 41 39 40 28 39 46 48 43 45 44 49 43 43 52 44 40 39 47 42 36 50 47 47 45 42 34 35 33 29 33 37 40 45 45 48 49 41 53 62 56 57 46 44 55 57 52 51 52 53 46 47 55 51 58 48 47 58 50 46 44 45 52 55 59 56 61 55 41 50 55 50 46 50 39 51 53 51 50 51 55 53 51 48 52 61 50 47 48 47 43 49 49 56 45 42 50 41 39 41 43 44 41 44 40 50 44 44 49 49 47 55 36 55 56 59 54 60 62 50 55 56 60 56 59 64 58 66 57 60 55 56 58 49 46 42 44 41 46 53 45 42 53 51 48 49 39 47 50 55 59 59 51 48 47 39 43 34 37 47 45 42 46 44 46 41 38 44 45 51 48 46 38 52 44 47 44 39 43 48 43 44 47 52 50 48 57 57 56 47 45 52 46 46 54 44 48 46 51 62 50 46 46 45 48 49 46 62 52 58 63 62 58 62 53 60 49 55 48 46 43 48 60 48 57 53 59 61 58 57 47 48 51 51 53 50 59 61 48 41 41 45 49 51 58 63 66 59 47 48 47 46 46 50 48 50 53 55 47 64 54 52 50 57 57 47 41 44 40 42 37 45 46 57 56 67 53 50 47 44 46 44 46 45 46 47 51 42 44 51 50 57 60 64 57 54 51 57 65 66 61 47 50 47 54 49 49 40 44 52 54 46 42 39 46 47 50 55 51 57 58 57 52 58 61 52 53 49 46 39 44 62 48 50 46 44 47 47 50 55 50 50 64 51 57 62 55 57 55 64 66 57 53 58 66 49 62 55 64 59 56 50 56 54 47 60 59 57 53 53 52 62 63 71 68 67 58 64 63 62 56 64 62 62 64 54 55 60 56 56 57 50 45 53 60 51 47 61 59 56 55 58 59 55 54 57 53 46 55 51 46 57 52 48 47 46 46 46 55 54 55 61 61 60 59 59 57 65 58 54 63 56 56 53 49 57 50 56 52 50 47 52 50 49 57 61 57 55 54 59 59 54 58 51 52 43 48 50 53 56 68 66 64 59 59 58 49 60 56 60 55 62 53 64 54 54 65 57 49 62 65 69 59 69 62 67 75 62 58 60 62 55 55 62 56 63 58 51 58 48 59 56 61 51 59 61 68 63 62 49 47 55 56 54 53 60 59 60 59 48 54 64 57 51 53 61 57 48 62 55 53 50 52 49 45 52 53 52 47 50 58 57 61 59 57 68 70 63 70 57 64 63 57 60 57 54 65 63 55 56 63 64 66 63 63 55 69 66 67 63 59 61 67 59 66 60 76 67 71 65 59 56 58 55 58 56 55 53 55 58 70 67 83 73 74 72 73 72 71 70 61 68 61 67 72 76 75 71 80 70 59 58 54 63 71 63 68 71 69 70 68 71 59 55 53 52 56 59 55 47 60 65 62 64 67 59 66 70 67 60 59 54 66 64 62 73 61 61 57 53 62 62 60 57 47 51 48 49 51 49 45 50 41 49 57 56 53 60 66 69 67 59 66 68 57 55 57 67 57 64 59 68 74 78 80 69 74 78 62 55 59 64 64 64 65 65 59 64 65 66 75 72 70 65 67 68 75 69 69 72 63 63 57 64 63 63 66 61 68 63 48 51 63 64 62 58 50 56 59 60 63 50 58 67 70 69 72 68 76 72 73 78 72 60 66 63 68 71 68 63 79 77 68 70 61 66 64 51 63 55 59 59 63 58 59 56 55 63 63 51 54 68 66 62 66 62 60 64 69 86 75 66 62 69 69 65 70 72 60 72 70 74 71 66 65 71 62 69 59 65 65 70 60 56 65 69 55 62 61 73 78 69 69 66 62 72 69 66 77 62 67 65 67 75 73 68 66 67 68 61 75 78 81 66 66 67 59 66 65 67 65 70 79 70 75 69 71 77 70 74 60 65 64 66 58 69 53 66 56 66 69 71 63 75 88 82 81 77 69 81 80 78 69 76 68 68 70 65 70 70 59 62 57 63 69 68 65 72 66 71 72 69 70 68 69 71 63 68 77 71 72 67 73 74 61 75 75 77 64 70 75 61 57 53 59 58 57 63 63 68 59 56 65 70 62 62 67 70 70 67 72 69 67 67 71 70 68 71 71 72 69 62 66 76 61 68 67 77 73 69 71 86 80 66 78 78 70 75 67 69 57 59 69 69 61 58 61 58 64 48 57 54 70 81 77 70 75 74 85 80 71 71 66 79 65 62 79 63 80 76 82 67 71 62 60 60 63 61 57 70 66 65 71 74 70 79 72 79 60 72 69 67 79 70 65 68 70 72 68 71 68 55 56 57 59 59 63 56 58 67 61 61 58 63 61 54 59 57 65 66 58 66 60 63 61 69 65 62 71 71 71 60 70 66 78 84 75 83 76 74 82 79 71 72 77 79 72 78 96 92 74 81 74 69 68 76 71 73 79 69 69 71 78 84 79 82 81 90 85 76 77 68 70 86 67 68 66 71 74 81 76 74 66 54 58 69 68 68 63 62 62 66 74 77 75 71 78 75 75 71 68 69 78 73 79 81 77 85 78 75 65 71 76 83 81 81 72 77 85 79 70 70 77 67 67 68 66 57 65 68 57 54 61 74 76 73 71 54 62 70 69 80 71 83 81 76 64 77 75 75 79 84 87 80 75 65 61 61 71 57 62 66 66 81 76 84 87 84 92 91 84 84 81 86 77 74 74 77 80 88 77 88 78 83 84 93 91 104 91 106 95 83 77 78 80 75 88 88 91 90 77 74 80 88 101 95 77 76 84 85 85 89 74 78 88 79 82 83 84 89 82 86 104 99 94 88 88 88 83 89 82 88 76 87 74 74 67 78 71 76 70 76 73 71 76 70 76 71 71 86 83 69 65 70 76 76 81 87 89 82 98 96 85 85 77 81 77 78 90 85 82 81 89 106 97 93 91 87 78 82 93 91 92 90 94 85 88 88 77 93 94 92 74 99 77 82 84 86 85 85 84 74 82 96 91 84 79 78 72 76 81 82 71 77 77 85 80 87 73 84 78 81 84 83 88 81 81 86 83 83 85 96 92 90 81 84 82 83 78 79 80 82 60 77 73 81 71 66 87 83 77 70 71 63 63 78 77 72 64 72 84 70 75 79 82 78 89 79 86 76 85 90 74 83 87 86 79 76 70 71 78 75 75 85 90 78 85 72 74 92 101 86 84 93 97 87 88 83 72 74 65 69 60 75 87 85 78 80 61 58 67 61 62 63 80 78 67 66 66 80 79 80 92 105 93 92 78 91 89 84 94 81 78 73 82 72 79 72 88 80 83 85 92 77 76 83 92 75 81 83 73 87 89 82 91 92 87 91 92 88 104 98 98 111 106 96 93 85 82 87 77 68 82 86 86 96 82 85 83 89 98 89 88 75 86 88 82 93 86 81 81 77 82 96 81 81 89 87 90 72 86 81 81 77 86 91 104 98 95 98 100 84 92 79 78 81 85 89 105 110 110 114 96 99 92 83 84 95 78 97 105 99 99 104 109 99 101 106 103 95 99 90 87 77 99 86 101 95 100 98 94 89 92 96 95 87 81 84 85 76 80 88 82 80 82 90 97 92 90 106 103 96 99 97 114 107 100 96 92 86 96 87 91 81 93 94 93 107 95 98 105 103 100 85 93 87 95 88 85 92 82 80 97 90 93 67 70 76 79 83 96 89 93 87 81 79 73 74 82 84 80 76 82 75 85 94 91 89 90 84 92 76 80 82 87 82 89 84 100 99 90 95 95 103 124 109 111 106 109 92 85 94 99 92 88 90 84 80 93 73 80 89 86 78 97 89 92 85 84 85 88 88 90 97 101 97 88 92 98 97 100 103 99 99 93 92 99 106 104 107 94 97 89 97 116 101 111 116 96 89 100 95 98 107 93 111 94 94 96 95 99 99 97 96 89 98 94 91 95 92 96 106 93 94 88 82 87 80 90 106 98 99 96 94 105 103 107 85 88 85 93 95 96 87 84 96 90 96 92 94 101 86 89 89 86 76 79 81 75 83 72 82 89 93 94 94 99 106 102 99 98 93 95 98 90 107 98 90 101 97 85 95 95 99 106 120 106 117 104 109 112 116 106 123 104 114 103 107 90 112 114 107 94 85 114 113 103 102 110 98 95 115 98 107 98 101 104 97 98 92 99 108 111 118 112 103 114 100 103 103 107 93 92 108 101 101 119 108 92 112 113 106 98 96 87 97 106 108 121 115 122 111 112 112 119 113 112 118 116 112 94 109 94 99 102 95 104 99 103 105 113 125 121 121 108 127 108 110 108 102 107 115 109 102 111 103 106 97 103 

