Realization 0:
	ActiveActor 0:
		0 0 1 0 0 0 0 1 0 1 0 0 0 0 0 1 0 0 1 0 0 1 0 0 0 
	PassiveActor 1:
		MolID 0:
			Count:
				0 0 0 0 0 0 0 0 0 0 0 0 0 0 0 0 0 0 0 0 0 0 0 0 0 0 0 0 0 0 0 0 0 0 0 0 0 0 0 0 0 0 0 0 0 0 0 0 0 0 0 0 0 0 0 0 0 0 0 0 0 0 0 0 0 0 0 0 0 0 0 0 0 0 0 0 0 0 0 0 0 0 0 0 0 0 0 0 0 0 0 0 0 0 0 0 0 0 0 0 0 0 0 0 0 0 0 0 0 0 0 0 0 0 0 0 0 0 0 0 0 0 0 0 0 0 0 0 0 0 0 0 0 0 0 0 0 0 0 0 0 0 0 0 0 0 0 0 0 0 0 0 0 0 0 0 0 0 0 0 0 0 0 0 0 0 0 0 0 0 0 0 0 0 0 0 0 0 0 0 0 0 0 0 0 0 0 0 0 0 0 0 0 0 0 0 0 0 0 0 0 0 0 0 0 0 0 0 0 0 0 0 0 0 0 0 0 0 0 0 0 0 0 0 0 0 0 0 0 0 0 0 0 0 0 0 0 0 0 0 0 0 0 0 0 0 0 0 0 0 0 0 0 0 0 0 0 0 0 0 0 0 0 0 0 0 0 0 0 0 0 0 0 0 0 0 0 0 0 0 0 0 0 0 0 0 0 0 0 0 0 0 0 0 0 0 0 0 0 0 0 0 0 0 0 0 0 0 0 0 0 0 0 0 0 0 0 0 0 0 0 0 0 0 0 0 0 0 0 0 0 0 0 0 0 0 0 0 0 0 0 0 0 0 0 0 0 0 0 0 0 0 0 0 0 0 0 0 0 0 0 0 0 0 0 0 0 0 0 0 0 0 0 0 0 0 0 0 0 0 0 0 0 0 0 0 0 0 0 0 0 0 0 0 0 0 0 0 0 0 0 3039 23070 41160 53009 60946 65226 67224 67805 67538 66435 64967 63144 61185 58946 57371 55190 53256 51392 49339 47548 46197 44553 42944 41392 40174 38701 37365 35950 34869 33852 32768 32047 30953 30050 29174 28189 27440 26653 25759 25207 24531 23884 23307 22772 22310 21793 21150 20498 20157 19638 19304 19033 18552 18193 17723 17305 16912 16384 16072 16018 15694 15395 15116 14705 14462 14282 13988 13536 13345 13171 12914 12658 12428 12180 11935 11889 11605 11558 11369 11184 10978 10845 10612 10577 10347 10162 9935 9794 9739 9549 9363 9311 9205 9148 8858 8719 8621 8458 8436 8309 8345 8261 8124 7903 7817 7664 7500 7553 7396 7291 7272 7080 6999 6999 6958 6860 6715 6640 6566 6531 6531 6459 6320 6266 6243 6171 6127 6021 5926 5905 5827 5752 5724 5649 5599 5506 5474 5410 5370 5319 5253 5185 5077 5163 5031 4973 4960 4825 4805 4740 4782 4765 4676 4564 4590 4523 4550 4595 4482 4471 4354 4404 4345 4332 4293 4264 4361 4202 4200 4112 4092 3980 3977 3894 3837 3839 3876 3832 3817 3777 3769 3687 3686 3631 3621 3555 3573 3515 3457 3414 3404 3430 3410 3378 3420 3292 3341 3375 3333 3276 3285 3282 3205 3244 3153 3159 3149 3056 3021 2953 2946 2936 2892 2849 2851 2818 2786 2747 2774 2797 2809 2779 2786 2755 2686 2590 2677 2576 2630 2646 2571 2630 2609 2604 2535 2510 2556 2518 2572 2554 2539 2562 2534 2509 2499 2429 2429 2399 2374 2417 2399 2403 2421 2410 2379 2359 2274 2276 2265 2264 2238 2193 2187 2199 2192 2136 2150 2179 2151 2127 2055 2086 2105 2077 2060 1987 1970 2009 2002 2012 2012 1902 1974 1963 1964 1955 1963 1966 1966 1922 1894 1917 1870 1881 1888 1866 1897 1822 1850 1834 1800 1866 1793 1801 1863 1859 1868 1842 1807 1784 1785 1780 1769 1740 1764 1681 1711 1685 1636 1656 1645 1658 1579 1611 1547 1540 1553 1606 1565 1574 1569 1576 1539 1552 1513 1527 1460 1493 1429 1461 1438 1409 1438 1443 1435 1440 1382 1421 1423 1472 1451 1418 1427 1424 1424 1382 1400 1380 1412 1356 1332 1358 1329 1309 1310 1339 1330 1284 1304 1277 1257 1294 1291 1288 1270 1312 1251 1268 1243 1237 1245 1244 1254 1240 1245 1220 1206 1242 1282 1273 1256 1259 1275 1243 1234 1174 1182 1170 1095 1162 1154 1143 1096 1163 1147 1166 1165 1190 1212 1181 1152 1152 1160 1181 1180 1161 1180 1180 1159 1173 1126 1161 1133 1156 1126 1121 1077 1057 1082 1066 1055 1049 1085 1049 1067 1040 1056 1027 1005 1027 983 1042 1062 1037 1060 1018 975 1010 1004 992 980 996 1004 989 947 928 949 933 907 927 952 958 958 963 979 984 966 951 945 934 954 923 958 959 923 929 964 948 960 939 959 955 958 954 958 950 947 945 951 943 925 907 882 849 881 878 883 860 866 843 888 895 867 870 821 832 801 804 800 826 848 839 834 830 796 795 811 804 790 813 819 808 828 782 761 751 769 749 761 763 767 794 796 788 785 785 783 800 756 766 802 735 738 772 774 782 781 766 756 750 730 729 724 728 733 770 742 727 730 725 740 766 763 758 763 766 756 739 726 718 718 744 716 735 723 712 715 673 684 679 677 654 654 660 629 628 670 667 672 660 667 673 683 656 623 630 661 650 612 649 668 633 693 701 704 710 641 631 653 617 643 644 615 629 650 667 658 610 629 643 661 665 644 639 638 638 641 617 629 638 625 603 600 614 603 625 642 617 638 641 623 636 618 628 630 590 606 581 603 568 605 574 594 606 629 608 567 559 576 581 592 574 611 587 570 580 574 574 558 574 568 601 587 561 570 565 584 587 556 547 556 553 546 562 558 552 567 546 542 557 540 522 540 516 524 545 530 556 550 521 540 549 546 518 501 514 533 502 519 521 512 529 520 495 491 499 477 502 489 476 498 505 507 491 494 460 484 486 490 501 472 483 467 457 451 444 480 493 473 457 472 468 470 460 466 486 489 513 488 483 493 506 475 501 494 489 491 481 491 442 439 429 430 442 434 430 429 458 471 455 461 474 450 437 425 427 421 406 435 438 472 435 445 445 471 486 455 459 462 480 481 501 497 475 492 499 486 477 470 436 458 428 435 447 422 428 435 421 412 424 454 449 433 454 443 434 443 406 394 435 425 413 399 406 403 408 398 406 419 407 402 400 384 398 393 405 404 425 410 437 402 403 417 402 420 399 430 437 411 445 422 417 402 407 416 393 400 402 378 381 387 393 386 378 382 383 408 393 390 378 360 357 389 367 368 343 371 394 403 399 355 366 357 382 369 386 383 375 374 361 369 352 383 375 353 376 389 358 373 365 377 344 357 348 337 353 328 345 329 347 343 352 334 321 368 358 340 355 331 342 346 355 335 327 322 316 310 327 334 350 366 365 326 325 325 337 342 338 333 347 370 367 351 372 368 355 340 322 331 323 325 326 351 336 316 314 326 315 322 326 314 335 321 333 344 317 315 323 303 300 306 312 313 333 331 315 326 322 343 333 326 326 316 344 307 285 299 307 290 287 313 301 319 307 302 328 303 312 302 321 3341 23068 41365 53504 60947 65128 67115 67768 67288 66160 64819 63022 61188 59350 57150 55295 53455 51516 49999 47948 46229 44483 43060 41605 40088 38949 37600 36425 35365 33971 32785 31972 30925 29986 29138 28473 27848 26944 26350 25690 24992 24197 23631 23094 22604 21983 21487 20895 20482 20067 19598 19117 18851 18300 18039 17683 17353 17059 16693 16327 16157 15746 15398 15207 14802 14405 14130 13940 13781 13480 13073 12961 12868 12624 12346 12182 12139 11846 11698 11544 11333 11272 11199 10973 10747 10506 10296 10199 9995 9988 9825 9642 9529 9302 9274 9115 9172 8920 8767 8608 8510 8465 8228 8127 7973 7934 7851 7703 7615 7526 7528 7407 7335 7234 7175 7046 6972 6962 6790 6759 6777 6638 6494 6378 6283 6291 6274 6211 6141 6078 6054 5828 5807 5764 5720 5691 5723 5697 5627 5506 5487 5507 5377 5339 5400 5293 5224 5199 5135 5122 5103 5063 5019 4938 4894 4871 4748 4654 4623 4512 4547 4575 4429 4509 4400 4455 4344 4247 4304 4307 4300 4268 4182 4271 4263 4192 4133 4091 4081 4006 4023 3884 3913 3847 3815 3807 3791 3720 3729 3693 3741 3718 3648 3635 3659 3626 3593 3504 3510 3519 3554 3502 3359 3401 3308 3296 3304 3387 3265 3268 3202 3280 3282 3270 3271 3237 3165 3152 3162 3125 3062 3064 3076 3068 3004 3003 2954 2925 2884 2875 2924 2863 2928 2872 2851 2890 2764 2751 2701 2678 2703 2610 2671 2590 2681 2641 2647 2590 2588 2570 2546 2578 2570 2581 2576 2506 2492 2452 2425 2436 2507 2466 2441 2462 2453 2444 2409 2358 2349 2370 2360 2268 2298 2320 2266 2206 2237 2210 2179 2192 2142 2176 2192 2136 2159 2152 2130 2065 2090 2110 2106 2095 2110 2023 2093 2098 2144 2020 2042 2014 2001 1955 1894 1962 1957 1958 1951 1998 2015 1947 1921 1928 1853 1884 1914 1882 1857 1848 1893 1882 1894 1862 1840 1865 1769 1776 1795 1810 1761 1773 1784 1742 1723 1738 1709 1698 1666 1669 1689 1699 1698 1721 1680 1672 1711 1700 1704 1676 1648 1729 1681 1664 1667 1626 1620 1618 1569 1561 1562 1575 1575 1543 1603 1587 1595 1558 1524 1543 1578 1549 1538 1571 1509 1513 1502 1511 1464 1458 1493 1477 1463 1458 1442 1469 1437 1420 1407 1448 1409 1399 1407 1408 1425 1419 1390 1389 1333 1335 1351 1337 4408 24297 42245 54477 61856 66000 67663 68250 68079 67126 66021 63952 62019 59928 58401 56525 54554 52710 50855 48986 47297 45389 44153 42503 41204 39737 38562 37444 36150 35228 34009 33149 32090 31584 30398 29478 28673 27912 27258 26304 25820 25226 24594 24056 23270 22789 22263 21800 21397 20948 20408 20012 19549 19232 18737 18411 17902 17688 17312 17098 16787 16399 16179 15750 15478 15065 14893 14699 14482 14296 14180 13851 13568 13322 13373 12892 12746 12729 12436 12375 12114 11886 11578 11525 11339 11103 11052 10838 10749 10663 10503 10325 10244 10164 9975 9909 9707 9551 9391 9416 9329 9207 9071 8957 8911 8846 8800 8644 8474 8433 8348 8298 8222 8233 8069 7872 7793 7918 7778 7720 7630 7630 7661 7407 7283 7224 7044 7074 7030 6914 6846 6912 6759 6601 6529 6537 6414 6385 6382 6286 6188 6186 6086 5980 6007 5976 5895 5883 5816 5710 5585 5600 5600 5533 5516 5491 5442 5454 5356 5230 5292 5301 5275 5230 5097 5102 5125 5051 4977 4959 4848 4887 4785 4811 4739 4699 4720 4640 4631 4584 4601 4580 4520 4454 4557 4473 4518 4432 4354 4328 4252 4308 4328 4280 4268 4178 4247 4093 4235 4141 4070 4064 4006 4013 3945 3871 3855 3827 3866 3813 3732 3758 3727 3738 3709 3693 3698 3675 3686 3607 3558 3510 3441 3499 3496 3487 3489 3406 3419 3367 3418 3472 3377 3355 3320 3293 3332 3354 3371 3348 3316 3317 3192 3124 3149 3220 3215 3192 3152 3083 3128 3125 3112 3022 3095 3059 3060 3000 3010 2960 2942 2920 2892 2844 2884 2853 2754 2805 2757 2737 2667 2727 2747 2772 2801 2697 2762 2642 2624 2650 2590 2589 2600 2655 2591 2557 2613 2573 2553 2542 2554 2538 2621 2547 2488 2465 2464 2466 2475 2444 2425 2433 2387 2401 2372 2356 2388 2374 2404 2451 2332 2325 2304 2330 2321 2322 2359 2346 2333 2319 2354 2223 2280 2272 2311 2312 2243 2282 2273 2223 2175 2114 2181 2190 2136 2113 2173 2168 2083 2159 2200 2150 2209 2176 2172 2134 2077 2096 2076 2089 2134 2086 2036 2028 2089 2027 2010 1986 1967 1961 1993 2038 1971 1997 1979 1979 2051 1955 2004 1966 1995 1989 1971 1932 1943 1964 1983 1937 1934 1922 1918 1903 1968 1873 1913 1845 1876 1826 1776 1775 1784 1754 1735 1738 1772 1764 1776 1765 1779 1741 1722 1728 1709 1764 1721 1729 1677 1670 1626 1657 1669 1686 1639 1657 1612 1689 1653 1652 1671 1668 1661 1641 1609 1581 1614 1573 1591 1551 1610 1584 1593 1648 1600 1632 1595 1628 1583 1591 1551 1580 1594 1568 1562 1561 1555 1549 1574 1587 1541 1494 1523 1566 1570 1549 1578 1529 1535 1580 1537 1500 1523 1521 1572 1492 1481 1487 1496 1490 1474 1448 1425 1433 1455 1417 1450 1448 1454 1479 1436 1443 1423 1421 1415 1412 1445 1435 1382 1434 1397 1456 1436 1397 1394 1401 1367 1413 1355 1370 1340 1341 1407 1382 1364 1362 1377 1381 1415 1345 1320 1287 1278 1283 1318 1302 1332 1308 1334 1314 1323 1291 1275 1273 1255 1245 1257 1246 1288 1290 1305 1272 1276 1308 1325 1315 1282 1249 1299 1254 1244 1306 1315 1282 1281 1266 1238 1230 1167 1216 1226 1225 1237 1220 1207 1183 1220 1236 1208 1221 1293 1278 1240 1224 1193 1174 1172 1140 1135 1171 1174 1162 1182 1139 1116 1141 1157 1159 1151 1127 1131 1133 1173 1183 1170 1158 1094 1087 1123 1111 1056 1080 1071 1082 1111 1131 1067 1063 1086 1084 1098 1119 1092 1050 1082 1040 1052 1077 1085 1068 1065 1007 1017 1022 1069 1043 1046 1067 1056 1094 1077 1086 1075 1069 1029 1055 1039 1061 1039 1036 958 1031 1039 1008 1001 1012 985 1005 984 1028 1002 997 986 1040 1025 1028 986 997 1021 1037 1016 996 991 1007 1019 1018 977 999 1014 998 963 980 1038 1005 1042 1000 961 965 966 983 959 963 940 898 887 917 886 883 897 872 898 926 925 902 910 881 882 894 918 921 907 940 927 927 933 910 965 925 938 925 910 896 917 940 935 875 877 908 892 900 879 881 881 889 908 910 865 885 847 856 860 868 851 850 858 871 856 849 856 874 885 873 877 852 848 883 869 862 886 862 815 831 834 834 809 840 844 857 869 824 845 832 857 823 860 875 860 872 900 840 811 830 842 821 824 780 807 789 805 782 771 768 782 778 781 771 759 750 770 767 803 785 738 749 723 762 747 784 775 814 807 796 772 780 772 746 756 774 757 783 811 798 795 794 773 768 777 756 760 755 755 771 755 762 758 723 727 736 730 709 738 730 747 701 696 721 709 720 723 735 740 729 749 759 763 761 743 724 721 715 738 728 737 714 684 706 728 765 737 704 721 721 747 745 755 727 718 745 702 726 712 731 716 693 731 726 700 696 704 708 716 709 705 727 679 690 655 680 717 696 680 679 701 700 674 676 691 646 665 681 670 689 700 688 700 682 692 672 698 667 673 681 672 673 668 663 658 611 648 653 652 643 653 650 625 613 658 592 595 615 591 622 599 605 590 615 630 637 636 634 634 615 620 613 593 606 619 634 647 634 635 627 647 635 629 630 614 616 606 607 650 600 597 629 616 628 644 607 595 581 597 604 625 672 626 641 644 624 666 657 657 658 683 652 612 622 641 627 654 639 639 639 620 651 677 656 645 623 619 597 551 552 555 558 586 524 524 528 520 517 552 557 528 537 544 557 531 574 567 545 547 551 589 594 594 602 572 579 543 599 571 578 596 571 575 574 550 583 566 555 544 543 550 568 586 590 573 580 574 591 560 562 576 581 575 584 589 585 582 552 556 563 558 572 562 585 591 549 559 536 536 551 525 520 550 501 546 533 527 528 518 505 495 495 513 493 530 519 533 531 542 518 516 486 512 510 535 537 540 527 506 501 506 498 508 506 520 520 512 537 518 529 514 513 553 549 550 528 562 540 542 526 506 549 544 538 548 522 537 537 516 533 531 507 505 495 523 487 534 553 553 517 541 528 551 542 558 549 526 515 516 507 506 527 472 482 503 511 502 499 487 489 513 498 489 480 477 485 464 458 467 477 479 490 488 489 481 528 541 501 505 499 511 504 494 478 469 472 485 478 471 505 483 478 458 473 474 473 498 490 472 474 495 482 456 451 473 474 466 469 488 482 3417 23039 41119 53131 60511 64793 66906 67709 67218 66499 64768 63455 61306 59317 57467 55311 53394 51439 49367 47780 45962 44439 42748 41356 39914 38804 37783 36580 35572 34457 33146 32262 31437 30575 29576 28927 28120 27197 26481 25973 25112 24671 23969 23148 22622 22439 21838 21493 20836 20262 19749 19259 18997 18425 18237 17770 17288 16989 16602 16441 16090 15618 15452 15034 14841 14561 14378 14191 13851 13579 13440 13198 12899 12751 12460 12182 11898 11852 11669 11475 11246 11192 10925 10735 10604 10360 10207 10010 9919 9932 9669 9540 9622 9583 9286 9224 8980 8961 8773 8750 8569 8425 8405 8384 8180 8119 8023 7965 7839 7695 7647 7684 7493 7349 7279 7218 7196 7035 6943 6940 6864 6768 6747 6612 6627 6441 6464 6380 6299 6170 6118 6142 6037 6020 5928 5930 5933 5929 5793 5750 5729 5635 5512 5504 5432 5403 5302 5217 5127 5102 5224 5178 5161 5075 5039 4973 4903 4941 4837 4842 4786 4741 4679 4679 4678 4629 4564 4550 4576 4475 4421 4346 4287 4282 4181 4170 4227 4195 4138 4061 4105 3997 4063 4010 3982 3993 3944 3823 3793 3800 3802 3764 3785 3797 3710 3654 3616 3666 3665 3599 3656 3580 3559 3514 3517 3525 3476 3458 3418 3366 3421 3335 3276 3238 3261 3233 3238 3221 3254 3274 3187 3161 3092 3179 3164 3069 3027 2973 2947 2951 2892 2890 2859 2885 2876 2923 2946 2859 2942 2885 2871 2927 2848 2778 2823 2880 2753 2698 2700 2617 2704 2619 2658 2581 2607 2667 2658 2692 2594 2577 2569 2579 2544 2548 2463 2416 2440 2412 2438 2428 2423 2381 2356 2387 2433 2429 2414 2412 2346 2372 2348 2404 2363 2364 2349 2300 2293 2313 2305 2239 2277 2264 2253 2168 2110 2134 2139 2090 2037 2021 2101 2116 2079 2100 2076 2070 2075 2064 2038 2107 2066 2065 2058 2049 2049 2091 2044 2063 2077 2052 2020 2031 1902 2024 1993 1966 1987 1991 1933 1925 1875 1905 1923 1929 1934 1895 1913 1847 1802 1775 1822 1865 1767 1839 1855 1815 1870 1880 1836 1792 1834 1818 1808 1812 1762 1708 1699 1777 1737 1710 1722 1702 1739 1765 1760 1747 1727 1746 1696 1697 1641 1631 1625 1625 1655 1655 1648 1660 1682 1637 1626 1617 1554 1630 1610 1638 1644 1686 1628 1597 1571 1539 1546 1564 1566 1582 1612 1618 1616 1620 1637 1584 1597 1578 1531 1547 1518 1542 1505 1500 1518 1490 1474 1453 1487 1481 1443 1404 1415 1422 1412 1455 1447 1384 1376 1365 1393 1372 1383 1335 1347 1364 1404 1392 1382 1388 1387 1349 1329 1326 1349 1339 1290 1270 1312 1318 1298 1272 1252 1285 1293 1281 1301 1315 1337 1306 1264 1247 1294 1319 1255 1270 1226 1244 1244 1241 1243 1237 1235 1261 1265 1254 1245 1266 1270 1280 1281 1271 1290 1225 1206 1138 1144 1156 1184 1186 1203 1231 1221 1177 1160 1158 1182 1213 1257 1253 1193 1222 1178 1183 1215 1184 1221 1234 1203 1173 1169 1119 1132 1126 1130 1131 1130 1100 1112 1067 1133 1091 1110 1085 1079 1096 1140 1102 1111 1132 1130 1148 1077 1088 1133 1062 1068 1059 1021 1062 1019 1022 1026 1035 992 1029 1042 1036 1007 979 1011 1030 1006 1000 1045 1059 1016 1046 974 986 993 1012 968 946 943 944 928 866 950 925 940 943 940 936 928 964 941 915 949 960 949 915 946 950 935 889 892 910 899 933 952 900 905 928 929 922 882 918 935 888 887 929 901 920 3959 23645 41751 53722 61500 65701 67914 68358 68339 67141 65773 63953 62421 60063 58078 56140 54127 52187 50560 48545 46640 45310 43758 42536 40990 39764 38534 37039 35891 34853 33813 32840 31650 30806 30192 29221 28254 27448 26763 26266 25472 25044 24245 23570 23051 22616 22178 21559 21244 20796 20355 19982 19509 19054 18507 18188 17730 17562 17390 17028 16725 16368 16126 15757 15368 15194 14931 14469 14235 13998 13766 13610 13449 13200 12758 12710 12511 12404 12183 11950 11891 11649 11361 11403 11178 11085 10952 10730 10535 10417 10280 10125 9938 9799 9660 9579 9455 9361 9283 9120 8950 8961 8861 8741 8626 8436 8249 8425 8190 8087 7917 7900 7797 7744 7588 7564 7482 7404 7412 7363 7295 7249 7140 7021 6978 6926 6802 6754 6675 6612 6544 6442 6347 6244 6257 6293 6192 6061 6046 6030 5932 5899 5819 5843 5799 5765 5629 5495 5406 5516 5449 5338 5255 5311 5298 5265 5263 5030 5041 5027 5052 4933 4879 4875 4715 4716 4810 4720 4735 4630 4709 4646 4634 4569 4527 4478 4572 4511 4573 4488 4486 4554 4464 4421 4404 4293 4278 4289 4235 4181 4156 4188 4149 4123 4044 4032 4025 3958 3930 3963 4010 3929 3923 3869 3873 3788 3791 3758 3768 3778 3663 3687 3637 3656 3637 3563 3558 3558 3580 3608 3536 3528 3552 3449 3420 3421 3445 3521 3526 3471 3487 3340 3341 3308 3275 3303 3287 3259 3246 3234 3151 3200 3148 3100 3064 3048 3105 3018 3024 2958 2930 2926 2927 2948 2955 2949 2861 2827 2849 2842 2873 2876 2762 2780 2764 2777 2760 2714 2716 2732 2743 2749 2640 2611 2666 2627 2677 2611 2554 2557 2546 2577 2619 2620 2528 2530 2564 2555 2521 2472 2557 2505 2492 2480 2531 2440 2477 2466 2495 2503 2472 2433 2321 2371 2371 2347 2377 2391 2323 2275 2273 2295 2271 2261 2271 2278 2316 2303 2178 2210 2214 2171 2186 2243 2183 2211 2192 2192 2144 2209 2210 2186 2150 2179 2105 2123 2141 2114 2084 2121 2136 2060 2055 2026 2089 2051 2093 2029 2011 2014 2018 1947 2018 2011 2044 1999 1991 2013 1989 1973 1973 1975 1922 1980 1976 1992 1932 1917 1943 1957 1911 1903 1876 1913 1908 1886 1848 1863 1871 1834 1835 1817 1810 1788 1829 1825 1787 1757 1708 1735 1775 1745 1830 1789 1832 1726 1728 1665 1663 1692 1646 1695 1696 1693 1651 1687 1702 1668 1627 1633 1614 1612 1635 1638 1597 1592 1597 1576 1572 1585 1561 1593 1616 1604 1613 1568 1574 1626 1651 1576 1606 1604 1587 1562 1603 1550 1561 1593 1625 1528 1551 1582 1561 1568 1549 1648 1602 1592 1536 1538 1582 1509 1503 1500 1523 1542 1514 1524 1520 1506 1517 1472 1503 1488 1539 1523 1524 1431 1493 1451 1470 1404 1427 1410 1409 1442 1446 1430 1382 1447 1421 1479 1440 1421 1383 1355 1385 1378 1419 1375 1379 1334 1376 1386 1346 1389 1310 1311 1301 1285 1349 1303 1299 1288 1268 1270 1294 1277 1232 1286 1264 1280 1282 1261 1318 1268 1319 1307 1301 1273 1249 1254 1217 1269 1257 1280 1278 1255 1277 1257 1298 1308 1338 1317 1283 1302 1261 1284 1250 1210 1235 1222 1215 1210 1188 1156 1164 1181 1134 1194 1147 1135 1152 1142 1178 1213 1218 1220 1209 1202 1193 1203 1230 1160 1165 1135 1140 1134 1161 1118 1142 1168 1175 1155 1141 1137 1105 1136 1180 1175 1178 1127 1139 1147 1151 1166 1135 1155 1160 1131 1113 1152 1169 1180 1170 1138 1114 1151 1115 1098 4139 23950 42236 54308 61714 65740 67982 68624 68058 66683 65515 63946 61831 59937 57875 56016 54446 52707 50561 48872 47245 45531 43862 42553 41332 40072 38513 37373 36126 35159 33972 33012 32082 31104 30125 29343 28506 27684 26974 26449 25612 25088 24394 24018 23444 22861 22255 21718 21335 20844 20519 20138 19760 19333 18919 18442 18059 17641 17445 17078 16656 16331 15986 15609 15359 15070 14880 14598 14420 14084 13919 13615 13454 13419 13109 12736 12664 12506 12311 12195 12001 11819 11644 11492 11467 11251 11039 10908 10734 10601 10289 10241 10145 10024 9907 9757 9661 9506 9306 9166 9281 9192 8930 8721 8756 8643 8615 8512 8351 8262 8145 8152 8020 7910 7872 7812 7732 7529 7402 7385 7366 7343 7269 7114 7111 7043 7005 6921 6700 6757 6725 6620 6652 6606 6533 6346 6384 6280 6227 6103 6128 6117 5940 5902 5855 5904 5803 5710 5649 5696 5650 5591 5526 5530 5500 5418 5331 5288 5229 5202 5209 5151 5086 5047 5123 5024 4980 5006 4822 4828 4776 4759 4766 4701 4625 4579 4602 4584 4473 4536 4512 4480 4369 4324 4441 4403 4286 4215 4334 4400 4302 4245 4258 4150 4081 4100 4042 4035 4023 4006 3985 3981 3984 3952 3871 3886 3822 3831 3804 3737 3678 3674 3664 3661 3666 3664 3615 3527 3536 3457 3461 3465 3512 3504 3489 3531 3514 3513 3459 3423 3441 3448 3483 3483 3424 3394 3333 3304 3304 3283 3297 3259 3230 3228 3175 3221 3202 3133 3141 3135 3102 3158 3173 3169 3094 3076 3064 3170 3078 3064 3050 2952 2932 2915 2924 2862 2843 2786 2817 2837 2850 2873 2816 2840 2843 2824 2793 2741 2732 2727 2691 2714 2687 2721 2697 2706 2702 2642 2674 2659 2605 2590 2630 2582 2541 2563 2511 2546 2502 2465 2535 2502 2465 2453 2512 2443 2414 2401 2410 2386 2293 2369 2303 2265 2355 2339 2356 2399 2333 2332 2299 2286 2357 2274 2265 2240 2252 2271 2327 2278 2248 2205 2286 2240 2257 2306 2267 2243 2278 2236 2135 2179 2209 2256 2212 2257 2170 2179 2134 2164 2167 2107 2116 2111 2150 2135 2074 2020 2029 2019 2062 2051 2005 2094 2072 2041 2070 1982 1999 2002 2006 2037 2029 2012 2032 1996 1939 2024 2039 2010 1937 1946 1852 1913 1897 1867 1861 1860 1859 1821 1841 1867 1859 1857 1876 1874 1847 1793 1850 1780 1758 1728 1747 1778 1759 1837 1798 1860 1792 1818 1762 1790 1775 1780 1746 1667 1715 1742 1715 1730 1644 1681 1722 1674 1711 1710 1672 1669 1709 1707 1690 1669 1681 1679 1641 1662 1647 1653 1588 1591 1621 1589 1583 1553 1585 1504 1558 1557 1532 1558 1574 1562 1569 1573 1569 1576 1574 1582 1561 1550 1581 1558 1566 1539 1564 1521 1498 1503 1446 1513 1531 1515 1546 1473 1537 1464 1488 1475 1487 1503 1502 1481 1479 1471 1453 1470 1506 1498 1509 1566 1497 1492 1489 1473 1505 1516 1520 1478 1445 1425 1437 1470 1463 1427 1375 1419 1447 1457 1482 1447 1416 1391 1379 1369 1359 1371 1415 1417 1412 1360 1343 1286 1320 1301 1339 1325 1329 1361 1324 1347 1318 1281 1369 1331 1325 1309 1301 1286 1305 1285 1266 1306 1319 1262 1261 1238 1230 1221 1180 1213 1244 1279 1278 1236 1237 1228 1250 1251 1266 1212 1237 1248 1236 1274 1244 1219 1261 1254 1296 1264 1268 1299 1304 1285 1273 1290 1252 1268 1245 1213 1241 1254 1259 1228 1236 1216 1229 1226 1195 1156 1175 1165 1218 1202 1206 1189 1190 1133 1179 1180 1191 1170 1161 1202 1159 1135 1180 1147 1108 1150 1114 1148 1171 1167 1182 1136 1132 1174 1133 1159 1145 1143 1115 1116 1100 1150 1148 1118 1126 1112 1131 1117 1075 1047 1081 1041 1047 1092 1011 1064 1085 1126 1101 1083 1094 1091 1077 1053 1053 1095 1043 1064 1109 1131 1063 1060 1087 1105 1076 
	PassiveActor 2:
		MolID 0:
			Count:
				0 0 0 0 0 0 0 0 0 0 0 0 0 0 0 0 0 0 0 0 0 0 0 0 0 0 0 0 0 0 0 0 0 0 0 0 0 0 0 0 0 0 0 0 0 0 0 0 0 0 0 0 0 0 0 0 0 0 0 0 0 0 0 0 0 0 0 0 0 0 0 0 0 0 0 0 0 0 0 0 0 0 0 0 0 0 0 0 0 0 0 0 0 0 0 0 0 0 0 0 0 0 0 0 0 0 0 0 0 0 0 0 0 0 0 0 0 0 0 0 0 0 0 0 0 0 0 0 0 0 0 0 0 0 0 0 0 0 0 0 0 0 0 0 0 0 0 0 0 0 0 0 0 0 0 0 0 0 0 0 0 0 0 0 0 0 0 0 0 0 0 0 0 0 0 0 0 0 0 0 0 0 0 0 0 0 0 0 0 0 0 0 0 0 0 0 0 0 0 0 0 0 0 0 0 0 0 0 0 0 0 0 0 0 0 0 0 0 0 0 0 0 0 0 0 0 0 0 0 0 0 0 0 0 0 0 0 0 0 0 0 0 0 0 0 0 0 0 0 0 0 0 0 0 0 0 0 0 0 0 0 0 0 0 0 0 0 0 0 0 0 0 0 0 0 0 0 0 0 0 0 0 0 0 0 0 0 0 0 0 0 0 0 0 0 0 0 0 0 0 0 0 0 0 0 0 0 0 0 0 0 0 0 0 0 0 0 0 0 0 0 0 0 0 0 0 0 0 0 0 0 0 0 0 0 0 0 0 0 0 0 0 0 0 0 0 0 0 0 0 0 0 0 0 0 0 0 0 0 0 0 0 0 0 0 0 0 0 0 0 0 0 0 0 0 0 0 0 0 0 0 0 0 0 0 0 0 0 0 0 0 0 0 0 0 0 0 0 0 0 0 0 0 1 8 45 141 326 561 858 1258 1757 2213 2685 3192 3607 4092 4609 5031 5468 5740 6066 6395 6623 7063 7216 7376 7565 7686 7840 7915 7906 7948 7985 8162 8271 8273 8229 8261 8256 8365 8369 8324 8300 8242 8231 8258 8168 8128 8079 8075 8034 7898 7764 7764 7897 7848 7731 7757 7748 7583 7519 7415 7455 7320 7220 7226 7120 7181 7059 6925 6875 6847 6695 6695 6595 6617 6548 6514 6367 6397 6330 6254 6254 6226 6195 6045 5991 5924 5824 5767 5869 5806 5720 5621 5565 5480 5404 5457 5274 5157 5183 5187 5141 5128 5022 5005 4953 4961 4871 4838 4799 4789 4818 4852 4685 4735 4632 4646 4562 4448 4449 4528 4465 4335 4414 4408 4262 4205 4259 4236 4211 4089 4043 4089 3994 3958 3811 3836 3767 3744 3781 3779 3779 3755 3646 3553 3484 3470 3452 3447 3475 3408 3370 3338 3338 3361 3418 3376 3347 3326 3256 3274 3177 3138 3178 3163 3113 3106 3189 3169 3120 3117 3087 3044 2956 2901 2914 2965 2963 2875 2873 2769 2698 2793 2758 2752 2698 2669 2660 2665 2661 2637 2636 2623 2623 2619 2557 2578 2530 2480 2555 2580 2553 2556 2522 2474 2479 2497 2505 2489 2454 2443 2411 2404 2330 2330 2312 2311 2266 2211 2291 2276 2243 2224 2204 2151 2138 2119 2094 2123 2127 2049 2129 2121 2115 2038 2030 2049 2031 1964 1985 2008 1986 1989 1968 2039 2010 1966 1992 1990 1933 1963 1946 1965 1924 1926 1938 1921 1871 1865 1918 1922 1910 1906 1837 1876 1872 1816 1807 1841 1840 1828 1834 1833 1751 1744 1757 1752 1754 1697 1700 1711 1727 1707 1679 1664 1639 1654 1659 1662 1685 1673 1616 1598 1623 1587 1586 1585 1522 1531 1515 1562 1504 1543 1526 1495 1461 1491 1526 1494 1485 1457 1424 1437 1430 1407 1404 1363 1371 1406 1424 1410 1436 1370 1362 1428 1431 1405 1419 1397 1386 1434 1382 1357 1337 1317 1361 1272 1271 1303 1306 1315 1297 1279 1297 1239 1244 1256 1265 1273 1290 1294 1275 1253 1257 1242 1186 1192 1179 1181 1183 1217 1208 1216 1237 1154 1174 1185 1196 1198 1181 1185 1153 1168 1152 1175 1168 1167 1179 1204 1166 1159 1163 1121 1133 1130 1129 1131 1085 1106 1116 1119 1132 1103 1085 1062 1087 1097 1064 1062 1032 1042 1081 1068 1066 1085 1055 1038 1055 1072 1046 1050 1046 1028 1018 1060 1041 1047 1075 1027 1017 1003 974 988 1020 984 997 977 1009 1013 956 989 948 939 940 927 934 936 949 948 988 953 908 924 920 905 922 919 972 957 977 941 935 927 903 928 890 886 887 895 883 836 859 877 855 875 855 884 861 864 860 881 855 828 817 811 824 787 808 825 849 762 798 833 855 839 840 802 836 817 818 814 812 798 805 771 796 788 814 807 759 743 765 781 801 790 800 769 792 761 762 749 745 754 743 756 768 807 766 782 764 720 713 748 751 728 742 713 720 732 720 707 706 725 724 690 701 731 736 700 716 703 685 716 694 686 698 720 677 670 674 675 682 689 695 683 640 635 640 650 658 646 651 683 668 661 621 634 618 623 615 594 599 624 620 618 616 607 596 592 608 657 603 592 625 621 606 613 605 615 592 572 597 584 584 602 583 557 580 589 551 558 587 561 566 540 533 525 556 561 552 574 592 573 593 585 573 606 562 556 567 567 583 581 587 580 563 549 542 578 554 545 549 571 567 588 551 557 565 526 524 553 548 523 511 527 537 493 519 505 516 519 525 499 506 488 523 510 506 517 536 512 527 528 536 541 525 520 516 492 510 527 520 522 495 525 536 556 532 519 532 528 521 543 523 520 528 525 489 530 539 490 493 477 465 479 511 488 498 507 490 479 470 489 507 512 497 500 483 500 461 443 494 493 490 461 475 451 414 428 444 475 453 466 480 486 483 467 471 493 480 492 511 488 460 476 456 419 457 447 425 451 426 455 451 459 438 455 457 448 486 458 486 483 427 439 422 429 426 410 438 410 431 437 451 425 438 430 426 392 416 433 438 418 426 438 430 443 438 432 442 426 436 421 426 426 421 431 425 438 435 440 424 423 442 448 455 449 444 411 433 427 414 415 398 397 401 409 414 387 397 404 396 376 413 414 409 388 400 384 402 405 400 394 410 424 410 422 430 394 386 411 373 374 402 380 362 356 383 376 367 372 401 383 361 365 357 366 390 370 384 343 394 370 400 346 343 328 348 338 353 346 363 379 345 353 372 375 345 374 349 330 356 332 326 352 340 357 358 364 354 326 352 346 343 348 375 361 361 377 346 354 359 358 340 353 337 346 327 315 321 318 316 327 349 352 352 326 325 309 334 342 341 344 355 350 336 345 334 330 327 316 327 317 328 316 328 346 337 328 337 339 325 328 333 303 315 310 300 309 279 301 303 313 309 317 314 283 286 296 283 292 307 299 305 310 303 291 302 305 284 296 298 305 301 300 319 312 316 325 297 313 332 325 324 320 304 297 302 304 298 303 299 278 298 290 291 298 297 316 303 310 330 330 336 297 331 331 318 322 297 312 305 287 352 472 652 858 1169 1599 2027 2500 2953 3407 3899 4347 4836 5282 5552 5981 6280 6618 6836 7021 7379 7465 7666 7747 8084 8259 8319 8484 8523 8603 8621 8632 8582 8615 8577 8595 8630 8636 8487 8471 8371 8355 8327 8368 8378 8291 8333 8218 8281 8225 8046 8059 7964 7955 7841 7800 7711 7590 7516 7516 7469 7409 7468 7366 7270 7217 7187 7109 6937 6813 6762 6718 6580 6647 6553 6487 6475 6390 6401 6335 6360 6334 6182 6214 6129 6086 6063 6066 5913 5880 5876 5834 5700 5683 5630 5493 5573 5500 5415 5469 5427 5384 5235 5273 5289 5171 5010 5083 5084 5033 4954 4904 4876 4798 4731 4702 4625 4579 4525 4530 4551 4527 4407 4385 4310 4251 4218 4288 4242 4189 4139 4124 4071 4088 4013 4018 4048 3984 4000 3947 3883 3865 3832 3783 3748 3769 3701 3700 3685 3691 3624 3575 3623 3599 3591 3605 3594 3520 3506 3504 3428 3417 3395 3351 3348 3310 3268 3237 3253 3286 3154 3196 3220 3214 3163 3139 3208 3182 3215 3173 3098 3065 3156 3096 3037 3082 2958 2909 2910 2902 2860 2895 2847 2866 2827 2804 2797 2751 2741 2858 2752 2744 2612 2553 2573 2615 2638 2640 2634 2559 2606 2533 2541 2472 2456 2512 2472 2477 2511 2418 2439 2469 2416 2426 2493 2445 2359 2363 2337 2334 2338 2343 2366 2348 2261 2243 2204 2211 2171 2176 2181 2127 2227 2204 2185 2209 2169 2163 2145 2211 2230 2166 2111 2058 2047 2032 2005 2055 2072 2030 2050 2035 1980 2046 2018 1927 1915 1938 1985 1963 1954 1988 1996 1964 1942 1957 1907 1894 1913 1858 1879 1846 1860 1810 1803 1815 1769 1744 1735 1784 1750 1773 1750 1739 1782 1752 1787 1714 1702 1712 1657 1649 1692 1672 1675 1670 1653 1677 1693 1685 1656 1591 1609 1610 1636 1635 1600 1645 1614 1631 1662 1641 1610 1600 1616 1629 1575 1605 1596 1598 1608 1619 1604 1593 1547 1527 1533 1543 1504 1546 1511 1533 1493 1470 1466 1429 1479 1425 1375 1334 1411 1459 1441 1393 1408 1407 1388 1352 1343 1355 1393 1405 1402 1395 1355 1390 1400 1423 1391 1421 1395 1383 1377 1369 1372 1319 1322 1277 1268 1268 1230 1236 1264 1227 1208 1203 1259 1258 1316 1231 1261 1251 1289 1289 1262 1228 1258 1273 1205 1190 1198 1298 1495 1752 2088 2470 2881 3403 3934 4403 4820 5261 5622 6003 6465 6888 7170 7430 7703 8054 8319 8551 8600 8835 8872 9178 9220 9283 9252 9224 9234 9343 9189 9354 9300 9281 9260 9234 9363 9359 9348 9326 9313 9127 9071 8986 8977 8919 8892 8924 8803 8771 8639 8599 8520 8445 8356 8262 8318 8303 8148 8074 8012 8080 7964 7894 7748 7800 7753 7712 7621 7588 7539 7388 7553 7386 7410 7378 7224 7095 7099 7011 6933 6826 6848 6778 6652 6596 6543 6498 6485 6487 6412 6301 6353 6279 6176 6137 6073 6006 6019 5926 5915 5868 5799 5755 5764 5728 5697 5536 5524 5495 5422 5432 5360 5378 5296 5278 5227 5195 5228 5133 5135 5065 5028 4962 4954 5011 4929 4857 4903 4916 4867 4728 4711 4744 4775 4754 4659 4605 4573 4536 4514 4455 4356 4341 4271 4242 4241 4152 4158 4191 4164 4096 4071 4040 4054 4073 4048 4050 3989 3965 3960 3949 3883 3820 3806 3870 3862 3799 3765 3745 3761 3717 3759 3724 3716 3706 3659 3609 3620 3641 3618 3549 3529 3571 3531 3461 3406 3339 3340 3341 3338 3359 3342 3382 3388 3368 3332 3333 3318 3299 3364 3308 3274 3317 3288 3295 3334 3179 3146 3087 3065 3130 2994 3007 2962 2937 2939 2905 2859 2858 2876 2939 2893 2858 2829 2884 2879 2904 2790 2751 2741 2790 2776 2752 2761 2771 2758 2816 2772 2753 2801 2803 2758 2749 2672 2652 2646 2703 2607 2500 2556 2595 2561 2547 2530 2529 2541 2526 2437 2527 2560 2540 2542 2437 2448 2372 2374 2338 2365 2386 2377 2412 2361 2368 2350 2384 2379 2344 2344 2329 2289 2342 2295 2297 2290 2305 2298 2327 2276 2263 2178 2245 2226 2197 2184 2207 2195 2162 2101 2162 2119 2081 2098 2061 2111 2121 2122 2088 2097 2047 2038 2059 2021 2013 2019 2061 2040 2043 2025 1978 2004 1954 1897 1870 1940 1932 1909 1953 1940 1972 1891 1954 1946 1891 1890 1866 1862 1859 1897 1894 1869 1803 1807 1842 1841 1866 1784 1851 1830 1863 1786 1771 1761 1772 1776 1758 1730 1751 1777 1776 1800 1873 1810 1799 1734 1744 1771 1750 1757 1772 1707 1677 1697 1747 1745 1644 1654 1719 1703 1680 1687 1660 1635 1590 1603 1594 1603 1598 1652 1610 1601 1593 1579 1595 1522 1553 1491 1587 1540 1588 1585 1509 1537 1517 1490 1453 1526 1445 1512 1494 1523 1476 1494 1538 1475 1538 1520 1512 1520 1484 1500 1512 1512 1517 1531 1511 1550 1557 1495 1453 1452 1447 1439 1439 1452 1429 1434 1453 1398 1425 1401 1458 1388 1383 1403 1431 1360 1375 1380 1409 1432 1422 1422 1370 1379 1397 1406 1367 1352 1398 1349 1366 1314 1378 1399 1352 1354 1283 1310 1284 1294 1270 1297 1270 1239 1302 1281 1342 1297 1283 1292 1287 1237 1250 1300 1299 1289 1327 1304 1263 1278 1260 1285 1310 1290 1269 1254 1234 1237 1242 1235 1246 1287 1303 1269 1262 1234 1225 1256 1237 1284 1276 1234 1281 1269 1273 1248 1224 1246 1199 1180 1228 1209 1204 1217 1189 1155 1199 1218 1209 1167 1199 1200 1215 1114 1166 1138 1133 1153 1142 1146 1162 1142 1110 1160 1117 1110 1117 1136 1135 1147 1095 1111 1106 1092 1112 1136 1125 1095 1100 1117 1110 1096 1098 1079 1095 1085 1061 1101 1078 1073 1063 1030 1053 1011 1029 1053 1015 1001 1026 1001 1026 1024 1024 1069 1105 1049 1043 1026 1047 1010 992 1008 1018 1032 1022 1028 1037 984 964 973 907 932 981 984 960 987 983 1013 1023 1016 1021 1025 970 1012 1030 1011 986 963 992 992 988 971 980 953 1002 1000 963 958 920 958 957 976 963 948 948 903 908 913 923 921 909 904 917 941 941 942 948 960 923 920 902 907 890 894 928 934 920 907 920 916 948 906 911 929 931 886 861 877 886 829 836 865 882 871 833 884 867 874 868 877 872 882 881 888 924 918 930 915 911 939 921 929 952 900 877 840 853 857 849 825 820 817 801 793 840 817 819 816 822 825 828 795 784 786 788 770 770 801 805 772 764 742 740 752 792 785 789 750 755 772 779 779 776 808 808 779 788 736 737 729 760 763 754 761 798 815 794 754 749 786 760 773 786 788 760 806 815 797 791 795 772 782 755 720 751 740 753 776 755 787 765 728 740 769 733 726 766 731 732 741 744 739 742 751 722 727 737 727 732 721 747 741 764 762 749 752 752 765 754 752 735 739 739 730 707 728 675 670 669 656 684 689 671 686 702 657 685 670 672 679 672 667 714 687 683 667 685 678 719 691 722 684 681 682 694 704 692 671 667 677 675 657 661 677 661 673 677 705 690 690 657 678 678 684 677 655 632 675 652 656 640 654 675 649 675 660 667 645 679 701 698 699 685 669 694 662 640 661 651 658 649 656 653 695 657 668 668 647 652 642 650 637 653 611 616 631 618 663 649 631 646 640 651 658 643 627 632 618 601 611 620 632 627 628 653 640 646 645 620 635 606 620 610 581 592 605 614 622 606 638 633 654 648 647 658 643 611 612 568 569 554 537 563 569 548 568 595 584 602 617 615 601 569 572 588 581 571 584 572 573 554 544 548 573 556 573 579 565 567 543 573 598 550 573 602 588 593 604 590 593 594 567 602 600 602 570 592 624 595 603 576 580 581 584 582 568 554 579 570 598 582 541 571 553 563 565 598 551 557 581 589 586 624 591 579 584 574 573 566 572 570 576 581 569 586 544 550 518 526 519 512 542 506 541 521 548 552 539 549 541 523 525 529 537 550 506 516 510 521 513 514 500 519 519 510 507 510 511 490 508 523 519 513 530 551 528 539 508 520 532 493 511 517 511 503 500 502 487 521 496 490 513 513 504 487 478 471 501 482 530 501 510 501 506 520 520 494 497 481 487 485 500 507 505 500 500 500 478 486 476 463 463 485 488 490 465 517 494 524 512 493 489 488 499 489 477 476 502 461 441 443 486 511 508 492 488 494 484 492 474 448 450 447 441 453 447 460 458 458 457 415 457 440 472 461 450 449 474 476 477 496 479 469 492 493 490 484 477 479 460 476 469 450 442 472 443 465 464 486 455 458 447 464 458 447 450 478 474 467 448 460 478 464 463 451 417 402 464 549 720 963 1299 1675 2139 2581 3055 3570 4049 4548 5000 5366 5823 6042 6464 6746 7084 7327 7474 7652 7818 7988 8169 8333 8512 8569 8757 8784 8779 8713 8847 8951 8855 8872 8684 8775 8801 8657 8711 8641 8587 8641 8568 8472 8361 8380 8298 8212 8063 8133 7983 7991 8021 7932 7937 7902 7738 7644 7560 7543 7520 7475 7431 7226 7206 7153 7070 6954 6935 6845 6857 6676 6586 6498 6570 6477 6546 6406 6404 6451 6405 6260 6185 6092 6050 6043 6039 5888 5895 5727 5706 5720 5693 5730 5572 5622 5603 5538 5503 5469 5492 5388 5336 5346 5287 5212 5045 5046 4996 4979 4994 4927 4933 4917 4856 4801 4803 4816 4820 4742 4648 4634 4541 4504 4474 4431 4385 4351 4352 4242 4236 4227 4323 4349 4311 4226 4136 4071 3955 4004 4038 3868 3878 3893 3936 3887 3824 3765 3744 3754 3795 3722 3621 3650 3609 3574 3516 3569 3569 3550 3576 3550 3483 3537 3427 3403 3427 3358 3307 3292 3346 3312 3314 3247 3222 3165 3274 3221 3274 3247 3232 3244 3139 3115 3024 3090 3044 2963 2997 3006 2976 2919 2901 2881 2809 2897 2821 2874 2895 2814 2833 2798 2749 2723 2764 2766 2775 2763 2739 2791 2786 2728 2727 2700 2674 2701 2673 2682 2627 2630 2619 2625 2664 2603 2552 2510 2485 2477 2490 2508 2505 2529 2536 2484 2500 2444 2491 2430 2385 2388 2300 2346 2334 2351 2340 2314 2277 2263 2286 2278 2277 2269 2226 2202 2249 2215 2193 2207 2144 2180 2108 2127 2136 2085 2124 2055 2045 2073 2047 2072 2076 2059 2067 2010 2002 1973 1951 1981 2017 2053 1996 1924 1973 1944 1888 1897 1919 1879 1859 1866 1886 1850 1836 1826 1840 1861 1806 1814 1816 1864 1836 1909 1870 1863 1920 1846 1810 1786 1780 1744 1748 1695 1722 1715 1742 1739 1749 1710 1749 1797 1705 1710 1720 1662 1694 1651 1612 1633 1702 1667 1632 1594 1633 1607 1604 1530 1608 1583 1606 1604 1560 1502 1537 1556 1553 1528 1598 1541 1531 1571 1618 1588 1577 1562 1563 1560 1500 1510 1533 1466 1428 1460 1463 1457 1488 1474 1481 1451 1478 1509 1486 1506 1465 1440 1466 1450 1434 1424 1440 1418 1372 1381 1394 1426 1442 1435 1422 1410 1401 1378 1390 1378 1404 1400 1391 1439 1400 1405 1358 1335 1309 1335 1298 1283 1315 1282 1310 1303 1287 1355 1358 1343 1352 1307 1283 1304 1334 1321 1316 1382 1275 1335 1321 1331 1327 1331 1274 1302 1343 1332 1257 1316 1241 1225 1198 1221 1261 1222 1223 1209 1190 1141 1157 1161 1180 1188 1146 1148 1151 1166 1156 1187 1173 1171 1177 1160 1126 1161 1153 1149 1144 1170 1174 1162 1148 1180 1188 1199 1176 1166 1120 1113 1136 1114 1176 1146 1140 1123 1083 1083 1076 1031 1056 1103 1122 1106 1108 1103 1098 1106 1093 1072 1079 1125 1111 1086 1064 1076 1065 1058 1036 1052 1088 1112 1091 1073 1022 1022 1036 1020 1004 1008 1019 1021 1036 1000 999 969 952 1021 1008 962 924 941 960 969 979 1016 1047 1044 1045 1014 1038 1049 989 1000 984 988 1000 993 1003 1019 1008 1012 1009 1012 997 990 970 988 991 997 997 989 945 971 988 973 926 929 921 946 941 919 910 918 919 894 898 913 919 909 899 889 963 935 920 908 893 897 916 918 921 904 879 887 887 890 871 889 876 857 880 902 858 878 841 868 926 1019 1192 1429 1794 2200 2638 3040 3526 4022 4466 4934 5502 5934 6295 6637 6957 7239 7517 7705 7956 8178 8309 8503 8564 8713 8808 8948 8862 9106 8955 8918 9007 9067 9106 9069 9067 9081 9143 9105 9004 8956 8944 8948 9006 8865 8720 8720 8649 8493 8530 8439 8485 8397 8291 8266 8167 8085 7955 7963 7934 7792 7642 7637 7638 7544 7557 7446 7339 7438 7389 7257 7233 7271 7177 7051 7022 6976 6942 6819 6778 6761 6760 6616 6579 6467 6333 6417 6301 6340 6243 6220 6170 6025 5971 6014 5918 5771 5835 5857 5821 5828 5773 5746 5733 5637 5541 5433 5402 5331 5273 5288 5278 5174 5146 5116 5035 5037 5052 4991 4997 5003 4947 4911 4924 4781 4762 4784 4697 4639 4589 4517 4521 4482 4482 4544 4404 4409 4355 4413 4363 4361 4347 4312 4205 4147 4172 4164 4093 4150 4177 4124 4058 3976 3988 3933 3849 3822 3862 3909 3906 3883 3820 3796 3770 3717 3722 3674 3694 3675 3712 3632 3620 3633 3549 3579 3607 3546 3488 3402 3428 3477 3464 3456 3441 3439 3409 3420 3441 3392 3341 3313 3361 3301 3275 3199 3203 3182 3160 3184 3152 3184 3110 3058 3044 3056 3043 2990 3043 2978 3016 2927 2939 2928 2910 2929 2913 2869 2786 2855 2841 2785 2868 2757 2739 2759 2714 2765 2746 2768 2676 2803 2734 2744 2781 2744 2771 2723 2623 2568 2651 2604 2601 2617 2600 2538 2606 2551 2541 2604 2588 2530 2458 2529 2516 2493 2463 2478 2432 2427 2374 2391 2366 2421 2403 2376 2320 2302 2304 2295 2306 2254 2286 2290 2299 2287 2234 2251 2259 2241 2189 2190 2150 2189 2195 2165 2248 2288 2225 2185 2233 2172 2178 2200 2160 2146 2128 2196 2160 2200 2106 2084 2036 2025 2049 2078 2056 2078 2047 2072 2068 2099 2047 2049 2017 1968 1987 1945 1981 1963 1936 1927 1963 1969 1895 1954 1928 1889 1886 1853 1872 1918 1896 1868 1843 1841 1859 1824 1888 1860 1887 1873 1845 1857 1845 1876 1890 1886 1876 1884 1830 1815 1846 1852 1834 1797 1796 1780 1776 1796 1804 1762 1740 1730 1759 1778 1736 1773 1737 1716 1730 1686 1692 1684 1708 1689 1697 1675 1679 1620 1655 1624 1618 1654 1652 1636 1647 1642 1648 1596 1542 1514 1516 1559 1607 1552 1633 1630 1573 1588 1598 1558 1528 1501 1514 1498 1526 1509 1499 1502 1543 1483 1498 1471 1448 1453 1411 1476 1435 1517 1484 1490 1500 1484 1453 1495 1507 1478 1458 1432 1414 1427 1376 1378 1390 1430 1402 1373 1402 1439 1377 1370 1359 1311 1370 1373 1443 1453 1419 1388 1375 1374 1380 1345 1373 1357 1286 1362 1381 1391 1405 1401 1407 1339 1283 1335 1310 1304 1322 1268 1335 1340 1336 1330 1296 1323 1307 1267 1296 1301 1280 1282 1276 1312 1271 1298 1292 1280 1308 1264 1278 1291 1302 1295 1260 1278 1261 1255 1289 1273 1257 1252 1247 1219 1267 1277 1218 1284 1275 1233 1263 1246 1202 1217 1210 1192 1208 1198 1215 1202 1129 1095 1164 1154 1175 1162 1207 1212 1199 1215 1180 1218 1207 1191 1178 1179 1173 1212 1193 1191 1191 1205 1165 1193 1226 1192 1180 1162 1131 1148 1116 1107 1104 1141 1127 1110 1125 1157 1132 1109 1164 1094 1115 1141 1100 1129 1170 1108 1103 1089 1120 1103 1101 1077 1108 1086 1067 1095 1091 1097 1071 1042 1084 1083 1032 1100 1088 1086 1109 1125 1060 1097 1077 1074 1073 1044 996 998 992 1016 1052 1153 1303 1554 1897 2286 2710 3227 3721 4132 4543 4981 5398 5855 6448 6722 7011 7341 7582 7842 8027 8269 8507 8587 8743 8853 8984 8923 9012 9106 9203 9342 9266 9362 9349 9390 9329 9320 9170 9097 9056 9065 9068 9013 9017 8967 8821 8685 8635 8529 8666 8619 8609 8528 8527 8513 8419 8381 8370 8144 8127 8190 8072 8020 7982 7937 7949 7750 7766 7718 7534 7474 7439 7422 7366 7288 7251 7241 7243 7157 7099 7012 6937 6764 6773 6661 6560 6575 6586 6488 6358 6334 6270 6385 6288 6240 6213 6183 6139 6094 6115 6028 5944 5879 5837 5782 5774 5704 5618 5526 5461 5492 5400 5407 5388 5357 5288 5303 5269 5223 5197 5067 4962 5004 5027 5020 4978 4908 4995 4993 4937 4865 4811 4760 4664 4637 4566 4480 4510 4550 4401 4411 4377 4434 4435 4313 4385 4369 4299 4213 4256 4317 4242 4178 4177 4085 4067 4024 3925 3871 3919 3958 3986 3956 3955 3909 3924 3851 3837 3789 3861 3831 3840 3801 3798 3771 3640 3717 3693 3695 3644 3640 3582 3579 3481 3533 3462 3500 3455 3388 3364 3330 3331 3346 3315 3285 3324 3244 3245 3238 3254 3218 3155 3211 3189 3200 3169 3128 3073 3097 3157 3031 3059 3031 3097 3028 3044 3036 3029 2955 2944 2919 2908 2940 2921 2922 2915 2937 2857 2861 2872 2855 2859 2876 2926 2845 2831 2737 2751 2711 2720 2699 2738 2703 2711 2725 2737 2673 2650 2613 2643 2619 2679 2655 2612 2590 2597 2536 2522 2585 2568 2582 2441 2465 2479 2528 2524 2497 2468 2488 2491 2497 2451 2371 2325 2271 2346 2278 2261 2266 2228 2221 2241 2245 2222 2262 2272 2331 2176 2191 2229 2183 2196 2178 2129 2127 2160 2177 2163 2123 2133 2144 2093 2118 2091 2115 2099 2102 2083 2137 2075 2097 2050 2065 2067 2011 2016 1961 2039 1990 2015 2014 2045 2079 2037 1998 1972 2002 1957 1942 1931 1929 1948 1947 1908 1919 1944 1931 1869 1890 1866 1807 1899 1863 1847 1909 1889 1892 1913 1960 1916 1941 1932 1976 1915 1887 1857 1880 1833 1835 1797 1830 1844 1805 1793 1787 1785 1780 1716 1750 1752 1703 1716 1676 1731 1739 1718 1735 1779 1737 1731 1654 1691 1659 1625 1670 1649 1616 1640 1682 1641 1642 1667 1670 1634 1665 1644 1722 1696 1623 1620 1620 1662 1641 1618 1609 1591 1631 1619 1614 1618 1632 1631 1563 1543 1607 1698 1662 1615 1537 1598 1553 1616 1572 1551 1629 1623 1613 1594 1582 1568 1554 1529 1488 1509 1526 1538 1544 1516 1477 1470 1485 1493 1505 1474 1496 1485 1431 1412 1445 1476 1409 1434 1420 1405 1374 1386 1386 1405 1410 1410 1397 1381 1446 1407 1407 1399 1418 1400 1392 1387 1423 1397 1392 1384 1336 1383 1399 1365 1374 1373 1344 1342 1354 1340 1395 1347 1361 1331 1309 1338 1320 1322 1330 1283 1335 1299 1316 1337 1331 1329 1364 1329 1344 1310 1307 1299 1291 1326 1309 1284 1286 1273 1245 1298 1290 1265 1276 1267 1244 1252 1209 1216 1192 1228 1254 1222 1192 1163 1175 1173 1188 1196 1179 1257 1156 1188 1194 1203 1197 1206 1199 1203 1184 1171 1172 1158 1155 1192 1175 1170 1175 1181 1154 1173 1141 1107 1118 1090 1146 1179 1147 1125 1144 1103 1104 1132 1071 1084 1140 1119 1100 1096 1130 1159 1151 1118 1114 1126 1111 1137 1114 1135 1121 1141 1112 1116 1105 1093 1114 1084 1091 1100 1121 1101 1075 1087 1117 1091 1071 1054 1037 1092 1087 1068 1046 1032 1071 1027 1044 1067 1064 1052 1060 1103 1097 1084 1060 1038 1064 1103 1068 1101 1085 1089 1104 1048 1002 1028 1001 1044 1038 965 981 1002 972 1002 1011 969 972 985 984 966 1003 1030 1025 1008 1009 983 994 1020 1001 1020 1015 1017 
	PassiveActor 3:
		MolID 0:
			Count:
				0 0 0 0 0 0 0 0 0 0 0 0 0 0 0 0 0 0 0 0 0 0 0 0 0 0 0 0 0 0 0 0 0 0 0 0 0 0 0 0 0 0 0 0 0 0 0 0 0 0 0 0 0 0 0 0 0 0 0 0 0 0 0 0 0 0 0 0 0 0 0 0 0 0 0 0 0 0 0 0 0 0 0 0 0 0 0 0 0 0 0 0 0 0 0 0 0 0 0 0 0 0 0 0 0 0 0 0 0 0 0 0 0 0 0 0 0 0 0 0 0 0 0 0 0 0 0 0 0 0 0 0 0 0 0 0 0 0 0 0 0 0 0 0 0 0 0 0 0 0 0 0 0 0 0 0 0 0 0 0 0 0 0 0 0 0 0 0 0 0 0 0 0 0 0 0 0 0 0 0 0 0 0 0 0 0 0 0 0 0 0 0 0 0 0 0 0 0 0 0 0 0 0 0 0 0 0 0 0 0 0 0 0 0 0 0 0 0 0 0 0 0 0 0 0 0 0 0 0 0 0 0 0 0 0 0 0 0 0 0 0 0 0 0 0 0 0 0 0 0 0 0 0 0 0 0 0 0 0 0 0 0 0 0 0 0 0 0 0 0 0 0 0 0 0 0 0 0 0 0 0 0 0 0 0 0 0 0 0 0 0 0 0 0 0 0 0 0 0 0 0 0 0 0 0 0 0 0 0 0 0 0 0 0 0 0 0 0 0 0 0 0 0 0 0 0 0 0 0 0 0 0 0 0 0 0 0 0 0 0 0 0 0 0 0 0 0 0 0 0 0 0 0 0 0 0 0 0 0 0 0 0 0 0 0 0 0 0 0 0 0 0 0 0 0 0 0 0 0 0 0 0 0 0 0 0 0 0 0 0 0 0 0 0 0 0 0 0 0 0 0 0 0 0 0 0 0 0 0 0 0 4 10 14 21 30 40 73 100 138 165 210 254 301 378 423 466 531 585 645 740 781 814 875 970 1001 1081 1174 1261 1302 1343 1336 1441 1518 1592 1581 1672 1708 1800 1772 1864 1922 1971 1972 1981 2002 2093 2100 2104 2163 2202 2187 2187 2219 2272 2298 2315 2350 2350 2376 2393 2325 2396 2448 2445 2369 2437 2439 2480 2452 2474 2486 2460 2436 2444 2421 2466 2511 2505 2481 2436 2470 2492 2463 2479 2514 2490 2400 2391 2376 2409 2476 2430 2464 2534 2491 2439 2472 2427 2435 2389 2412 2424 2474 2361 2345 2309 2356 2320 2302 2400 2379 2413 2377 2325 2389 2269 2246 2276 2249 2289 2242 2279 2199 2221 2230 2218 2198 2173 2225 2243 2242 2174 2197 2206 2227 2253 2205 2198 2174 2142 2118 2123 2124 2141 2127 2082 2036 2014 1976 2080 2074 2005 2027 2039 1983 1955 1936 1913 1979 1952 1957 1938 1919 1922 1872 1809 1803 1843 1771 1791 1804 1827 1850 1857 1879 1855 1841 1864 1843 1833 1787 1795 1801 1780 1690 1742 1769 1735 1698 1777 1737 1705 1701 1732 1674 1707 1734 1693 1710 1669 1660 1688 1650 1613 1622 1653 1606 1612 1587 1617 1573 1627 1565 1564 1556 1516 1531 1538 1550 1511 1531 1572 1539 1545 1526 1532 1557 1484 1509 1436 1502 1489 1507 1486 1440 1435 1433 1431 1412 1426 1407 1437 1449 1399 1429 1428 1432 1394 1391 1340 1329 1386 1384 1390 1389 1365 1377 1323 1341 1336 1331 1322 1312 1309 1270 1287 1280 1325 1314 1276 1215 1245 1261 1315 1278 1269 1316 1316 1302 1291 1263 1276 1284 1242 1251 1230 1266 1266 1248 1229 1248 1240 1233 1223 1229 1216 1185 1141 1152 1143 1125 1132 1178 1136 1121 1134 1162 1123 1162 1122 1130 1130 1106 1091 1109 1097 1089 1085 1091 1105 1104 1100 1042 1079 1089 1073 1112 1091 1040 1056 1038 1041 1030 1016 981 1018 1029 1031 1039 1047 1017 990 987 971 971 980 936 952 979 988 980 962 1009 951 911 976 982 979 944 975 967 988 978 1007 991 987 949 942 903 939 958 948 963 939 930 947 930 889 899 860 879 902 886 901 871 923 921 905 892 874 886 876 828 829 843 834 848 850 827 821 813 794 801 778 808 800 772 789 794 789 765 760 784 763 781 758 764 806 790 780 732 730 744 751 748 770 761 791 759 737 750 736 761 733 783 765 738 755 737 753 729 707 730 726 739 733 743 730 730 768 776 749 733 710 753 739 751 751 698 709 698 705 683 721 683 634 632 640 619 621 647 667 673 672 657 673 680 663 682 662 672 664 642 676 666 654 698 685 653 648 663 664 658 644 649 662 676 685 636 641 677 697 689 681 669 665 638 661 662 679 682 652 664 660 659 634 656 641 616 615 654 608 611 612 588 597 605 609 599 582 604 603 599 599 562 604 585 589 632 638 630 604 609 624 613 566 571 598 593 578 528 530 522 529 561 558 556 566 585 550 597 566 545 542 536 562 547 540 545 560 531 531 536 549 556 562 556 541 539 554 546 527 533 522 563 534 531 547 565 554 557 558 562 574 580 547 552 534 519 505 528 502 509 502 519 506 517 517 513 498 515 513 507 500 470 474 501 503 490 453 462 465 448 447 466 460 473 464 478 505 487 474 458 456 461 467 473 489 482 512 490 495 475 467 498 496 506 486 479 458 459 474 456 480 477 468 458 455 471 470 489 476 461 475 457 458 454 446 448 436 425 447 462 456 441 457 442 452 447 406 404 410 435 426 423 406 451 457 461 450 470 455 469 443 448 465 468 478 475 505 460 450 439 425 425 418 414 443 442 442 427 442 454 447 413 433 407 422 415 446 415 423 432 404 376 419 396 410 414 411 423 386 380 409 430 408 407 416 429 433 430 418 414 441 423 396 376 385 401 409 411 411 403 378 360 358 367 370 390 390 373 376 388 380 418 434 424 400 404 412 424 440 398 397 374 391 374 383 379 377 379 353 376 361 380 366 378 366 379 368 385 380 360 364 375 372 367 340 379 377 364 377 363 357 354 359 371 352 373 357 368 375 371 369 373 374 377 345 371 374 405 366 367 375 365 351 359 368 352 343 343 348 363 339 328 340 332 353 327 346 374 388 368 353 342 344 346 352 351 323 355 348 344 340 348 349 358 339 339 330 311 345 356 346 343 335 346 318 339 320 341 325 319 324 334 329 360 361 366 351 326 322 326 323 324 327 342 341 312 316 326 328 308 316 341 321 322 315 295 300 271 273 285 301 283 304 293 307 306 291 309 315 328 336 317 325 306 313 312 336 308 309 298 303 302 319 333 332 304 308 306 308 299 311 307 308 312 301 317 311 305 300 296 298 292 286 286 325 313 303 281 283 303 305 293 284 271 273 271 268 273 270 261 266 264 258 260 275 274 289 268 270 284 285 283 270 270 272 274 272 279 284 265 276 275 272 260 285 270 269 252 277 264 266 284 276 276 267 265 261 281 269 271 285 271 312 321 337 387 406 425 474 554 570 616 705 735 830 876 960 1038 1085 1098 1202 1238 1318 1391 1437 1518 1552 1629 1680 1719 1730 1848 1930 1959 1997 2048 2092 2140 2154 2199 2193 2258 2346 2329 2442 2461 2499 2500 2513 2535 2475 2514 2535 2552 2531 2626 2627 2614 2621 2607 2624 2576 2643 2601 2634 2678 2659 2709 2739 2705 2742 2711 2729 2746 2781 2717 2761 2817 2809 2779 2867 2783 2731 2686 2709 2644 2727 2672 2666 2628 2649 2679 2696 2694 2634 2675 2605 2637 2618 2653 2651 2487 2615 2657 2677 2584 2650 2619 2602 2619 2642 2568 2564 2552 2518 2508 2475 2489 2452 2484 2395 2423 2396 2451 2355 2415 2400 2440 2420 2391 2425 2382 2383 2410 2394 2378 2379 2346 2351 2385 2402 2353 2334 2319 2329 2354 2293 2256 2225 2243 2281 2213 2218 2317 2272 2247 2211 2208 2234 2263 2187 2171 2213 2182 2208 2193 2224 2194 2155 2128 2089 2070 2184 2132 2122 2135 2156 2078 2087 2054 2046 2026 2009 2004 2024 2005 1918 1907 1957 1910 1858 1827 1836 1892 1834 1874 1906 1875 1886 1801 1812 1819 1811 1798 1811 1827 1800 1848 1802 1807 1847 1819 1898 1868 1849 1882 1818 1780 1778 1793 1676 1696 1641 1628 1691 1646 1677 1585 1625 1643 1645 1622 1576 1629 1629 1611 1598 1586 1630 1609 1600 1533 1585 1572 1633 1615 1628 1629 1618 1561 1581 1602 1603 1550 1518 1569 1517 1517 1516 1496 1529 1509 1498 1462 1459 1432 1475 1505 1454 1451 1444 1463 1472 1475 1478 1403 1420 1422 1366 1383 1388 1315 1384 1365 1369 1402 1389 1357 1350 1338 1327 1313 1323 1349 1388 1356 1388 1352 1402 1342 1345 1298 1293 1307 1310 1349 1351 1292 1303 1315 1325 1342 1318 1318 1272 1291 1289 1249 1257 1279 1293 1238 1228 1238 1267 1244 1230 1247 1215 1225 1204 1196 1191 1255 1183 1174 1197 1163 1176 1189 1146 1178 1113 1152 1164 1151 1128 1153 1169 1153 1141 1134 1160 1225 1195 1245 1167 1175 1146 1171 1161 1154 1156 1155 1113 1145 1159 1126 1161 1118 1103 1112 1102 1116 1064 1041 1082 1077 1080 1065 1089 1085 1092 1092 1090 1041 1084 1089 1022 1034 1081 1040 1042 1044 1050 1055 1033 987 995 1013 1011 1039 1045 1096 1118 1153 1152 1212 1207 1251 1306 1340 1398 1501 1543 1589 1642 1718 1800 1870 1908 1948 2028 2124 2162 2159 2233 2307 2351 2396 2440 2461 2525 2534 2645 2663 2671 2716 2745 2766 2797 2750 2816 2862 2945 2984 3069 3006 3020 3109 3172 3090 3119 3060 3121 3207 3163 3208 3218 3181 3183 3181 3217 3192 3216 3196 3241 3224 3231 3221 3304 3350 3275 3338 3314 3302 3316 3316 3339 3297 3329 3268 3225 3282 3273 3277 3233 3256 3255 3234 3227 3259 3243 3162 3184 3165 3203 3185 3159 3234 3226 3144 3153 3098 3104 3084 3148 3161 3219 3136 3178 3148 3167 3102 3106 3069 3112 3099 3071 3086 3031 3100 3055 3125 3085 3009 2932 2969 2966 3001 2971 2939 2819 2794 2851 2833 2841 2790 2793 2750 2826 2777 2802 2848 2782 2803 2757 2710 2724 2733 2731 2725 2692 2694 2688 2619 2657 2688 2693 2625 2597 2606 2571 2593 2559 2520 2520 2553 2512 2484 2500 2465 2455 2437 2426 2447 2496 2497 2428 2501 2472 2461 2385 2417 2432 2422 2385 2393 2448 2436 2448 2358 2363 2362 2348 2386 2356 2368 2354 2380 2354 2364 2285 2270 2270 2216 2225 2254 2259 2226 2273 2241 2224 2198 2230 2194 2143 2143 2075 2078 2073 2057 2086 2095 2109 2063 2103 2100 2092 2078 2098 2069 2105 2034 2069 2038 2058 2037 2033 1977 1998 2022 2033 2075 2046 2056 2071 2069 1998 1978 2003 2015 2031 2028 1990 1975 2021 1933 1965 2008 1966 2000 1967 1988 1933 1944 1957 1911 1891 1891 1880 1905 1849 1906 1833 1854 1902 1890 1812 1831 1858 1828 1804 1728 1686 1663 1696 1750 1731 1798 1786 1731 1744 1752 1747 1773 1699 1667 1648 1674 1678 1753 1690 1687 1686 1728 1688 1691 1693 1645 1660 1654 1635 1650 1617 1672 1619 1620 1635 1633 1643 1577 1609 1562 1582 1644 1571 1575 1576 1547 1545 1505 1546 1555 1572 1522 1542 1529 1485 1513 1480 1468 1464 1510 1505 1500 1530 1514 1514 1499 1484 1480 1455 1476 1451 1467 1462 1450 1452 1435 1417 1379 1394 1429 1447 1423 1437 1449 1454 1420 1410 1385 1398 1400 1378 1387 1405 1361 1416 1372 1365 1391 1423 1392 1389 1426 1386 1423 1423 1381 1362 1331 1354 1318 1337 1361 1372 1365 1361 1346 1348 1318 1314 1324 1328 1304 1302 1257 1295 1267 1233 1242 1255 1268 1244 1241 1283 1296 1241 1210 1266 1190 1220 1207 1193 1226 1198 1227 1248 1219 1168 1227 1217 1199 1218 1216 1221 1261 1276 1259 1232 1227 1254 1217 1214 1259 1244 1209 1179 1214 1231 1214 1174 1239 1183 1206 1239 1275 1232 1216 1244 1203 1250 1184 1186 1180 1182 1149 1166 1161 1137 1123 1077 1095 1071 1084 1123 1144 1135 1151 1154 1117 1119 1146 1126 1128 1097 1083 1082 1042 1099 1079 1106 1113 1047 1064 1067 1076 1094 1047 1060 1102 1073 1070 1055 1072 1069 1039 1089 1088 1067 1052 1076 1105 1102 1121 1098 1056 1063 1067 1097 1079 1086 1067 1089 1037 1058 1079 1054 1016 1005 1034 987 1010 1017 975 983 998 1024 996 1008 953 936 955 976 981 986 1025 980 951 998 1030 993 1039 1017 1020 1019 1011 1012 1000 996 1019 1002 1035 1000 971 958 1000 982 973 990 1027 1021 1000 1022 1009 995 972 967 975 985 941 954 993 945 955 994 949 945 938 937 946 963 949 911 868 921 925 951 941 912 896 918 937 918 854 854 895 882 902 912 890 867 888 852 885 869 875 924 897 898 879 936 917 891 880 866 852 872 897 857 830 833 841 838 843 802 810 814 836 821 823 793 849 865 875 849 798 808 798 840 896 876 887 871 884 857 836 806 830 811 806 863 842 839 835 849 851 903 833 840 804 797 782 775 756 785 795 757 760 785 823 845 859 823 817 826 803 824 812 805 800 826 782 812 807 797 819 841 829 800 780 816 774 772 772 782 801 789 806 804 772 749 724 714 739 721 728 738 739 728 754 736 724 757 756 738 726 718 691 687 714 744 740 750 723 729 748 711 686 700 711 666 725 713 718 710 709 677 688 712 713 654 701 678 693 680 680 673 674 672 658 670 659 660 670 645 680 656 649 643 653 635 672 644 672 654 653 649 662 656 654 693 686 691 635 666 658 671 685 647 703 689 704 663 694 695 669 656 669 665 680 677 705 675 705 663 700 692 675 671 649 644 661 665 648 644 670 696 651 622 625 627 622 619 649 642 643 654 640 620 628 641 629 637 649 647 620 618 629 595 596 607 600 599 616 635 632 600 607 593 605 606 594 613 632 599 644 640 659 615 609 630 586 598 621 624 568 594 596 586 549 547 561 596 602 609 614 594 601 626 619 600 601 620 613 620 605 586 600 571 597 587 576 599 602 580 607 586 583 603 601 577 570 585 593 572 569 573 591 579 585 595 569 622 580 579 537 545 546 551 549 559 577 554 532 547 559 561 577 606 576 590 573 572 568 520 507 492 512 542 528 519 518 520 524 549 520 544 549 524 534 550 532 516 533 554 570 562 559 564 528 546 533 541 550 550 559 575 575 538 552 546 542 551 543 536 501 516 519 509 524 529 518 506 527 535 523 535 519 525 511 516 535 531 528 528 515 529 549 502 482 486 486 483 513 532 484 490 501 502 521 493 503 522 500 474 511 518 508 486 471 456 476 479 485 468 467 460 471 473 503 469 474 491 470 454 476 475 499 494 490 476 456 484 473 481 474 470 487 459 467 476 463 459 457 461 484 469 488 480 476 488 464 489 460 469 448 454 465 468 482 464 478 458 443 421 452 466 469 512 519 508 457 449 438 428 442 473 481 510 475 502 505 507 498 469 470 465 464 477 464 504 483 479 441 458 456 457 459 465 478 484 469 477 482 501 494 481 503 476 468 491 459 473 474 439 433 433 449 436 434 443 459 452 459 444 452 463 492 450 433 467 465 475 458 442 449 458 433 430 434 444 446 394 418 419 440 439 439 419 444 432 430 435 447 463 440 426 449 428 428 431 443 415 404 423 425 421 420 423 445 454 429 448 418 445 422 444 428 427 433 446 421 406 410 413 389 418 426 458 466 472 484 500 542 605 615 676 745 760 817 905 954 1004 1073 1121 1199 1259 1290 1398 1458 1495 1568 1621 1583 1668 1767 1776 1845 1900 1997 2047 2077 2082 2119 2211 2201 2221 2284 2281 2326 2432 2366 2377 2462 2472 2578 2554 2630 2662 2687 2719 2700 2754 2749 2759 2750 2741 2765 2805 2801 2819 2801 2811 2792 2757 2807 2751 2781 2876 2848 2875 2916 2866 2818 2848 2794 2812 2851 2781 2815 2738 2806 2834 2822 2789 2810 2795 2827 2869 2776 2803 2753 2774 2765 2802 2804 2810 2854 2811 2800 2856 2790 2827 2847 2724 2744 2743 2766 2711 2740 2759 2679 2657 2639 2686 2598 2652 2589 2591 2597 2545 2542 2534 2598 2539 2546 2551 2466 2482 2515 2515 2560 2513 2508 2403 2395 2460 2462 2442 2481 2441 2461 2449 2387 2366 2379 2379 2398 2418 2328 2333 2303 2297 2296 2249 2248 2278 2249 2235 2244 2233 2252 2207 2220 2171 2255 2223 2241 2206 2207 2243 2219 2159 2169 2114 2157 2139 2091 2137 2133 2094 2093 2085 2149 2163 2167 2169 2142 2083 2136 2136 2110 2120 2089 2100 2110 2077 2033 2059 1997 1977 2001 2002 2072 2040 2001 1954 1924 1969 1940 1956 1963 1945 2001 1973 2017 1978 1893 1895 1938 1866 1858 1854 1853 1872 1819 1807 1819 1815 1835 1795 1801 1727 1772 1724 1745 1774 1779 1736 1730 1736 1700 1662 1699 1676 1692 1718 1687 1667 1737 1709 1735 1630 1641 1694 1658 1645 1631 1645 1601 1599 1617 1621 1519 1555 1571 1550 1529 1565 1546 1546 1557 1531 1554 1533 1550 1519 1479 1517 1572 1537 1574 1572 1540 1506 1493 1512 1530 1496 1537 1502 1558 1527 1553 1499 1467 1484 1444 1473 1470 1463 1501 1441 1442 1467 1436 1462 1402 1454 1433 1440 1450 1435 1408 1412 1405 1398 1373 1390 1387 1354 1387 1410 1435 1366 1325 1318 1338 1367 1380 1326 1310 1363 1406 1355 1334 1299 1322 1289 1326 1289 1295 1294 1302 1286 1308 1295 1328 1261 1274 1301 1233 1219 1209 1190 1173 1156 1216 1141 1214 1170 1162 1231 1175 1249 1229 1189 1133 1172 1165 1174 1207 1178 1179 1217 1151 1211 1216 1246 1211 1214 1173 1183 1216 1212 1234 1218 1177 1174 1215 1232 1185 1215 1162 1165 1168 1155 1153 1184 1200 1196 1195 1167 1153 1159 1148 1125 1130 1143 1092 1091 1114 1077 1071 1141 1106 1156 1144 1137 1122 1098 1121 1119 1082 1132 1101 1088 1140 1105 1096 1067 1076 1053 1071 1121 1064 1092 1135 1129 1085 1085 1068 1122 1123 1102 1122 1090 1088 1056 1069 1074 1055 1049 1050 1061 1016 1062 1073 1058 1055 1049 1084 1054 997 999 992 982 992 993 1010 1018 1029 1046 1021 991 1002 1004 980 982 1001 985 978 985 995 968 986 1000 1022 979 1000 928 956 979 977 957 953 907 944 930 901 951 954 926 897 884 903 908 906 957 936 935 914 926 946 944 927 916 929 920 902 900 876 895 892 853 858 853 850 827 825 814 853 849 841 816 815 819 822 817 854 879 896 854 891 883 841 851 852 849 877 902 868 877 848 846 846 858 836 859 879 878 866 824 837 832 835 878 857 851 820 804 757 797 813 790 811 772 782 806 771 780 818 822 814 777 803 826 844 798 782 763 791 808 815 811 837 834 798 866 841 860 866 867 897 937 1000 1079 1055 1131 1152 1198 1271 1334 1379 1482 1602 1608 1662 1749 1791 1788 1850 1984 1981 2029 2067 2134 2181 2286 2368 2350 2363 2372 2394 2471 2557 2560 2580 2614 2670 2622 2751 2751 2762 2731 2738 2780 2863 2908 2884 2938 2928 2984 2958 3084 3078 3022 2992 3081 3066 3043 3045 3058 3092 3066 3076 3139 3049 2982 3029 3046 3038 3041 3048 3075 3117 3160 3201 3050 3051 3089 3161 3188 3161 3119 3169 3126 3160 3152 3148 3155 3059 3067 3031 3056 3098 3087 3100 3011 3027 3033 3077 2970 2976 3010 2923 2966 2956 2927 2942 3000 2915 2984 2989 2987 2946 2861 2932 2883 2842 2820 2842 2847 2836 2796 2750 2746 2843 2728 2657 2757 2746 2729 2821 2725 2679 2678 2697 2704 2628 2654 2613 2676 2696 2657 2619 2573 2534 2527 2553 2583 2568 2595 2626 2580 2528 2505 2560 2519 2523 2548 2517 2474 2443 2479 2462 2453 2463 2476 2438 2447 2400 2455 2399 2335 2380 2423 2462 2417 2448 2432 2344 2408 2347 2377 2399 2358 2380 2373 2339 2339 2378 2282 2349 2324 2325 2273 2229 2171 2201 2125 2217 2238 2244 2230 2217 2209 2176 2170 2177 2137 2145 2142 2141 2127 2082 2111 2069 2090 2069 2098 2100 2090 2086 2030 2069 2063 2039 2037 2026 2087 2011 2026 1999 2027 1996 2007 2069 1970 1968 1976 1971 1949 1922 1896 1927 1924 1901 1884 1904 1923 1900 1913 1900 1861 1875 1840 1815 1892 1926 1915 1879 1901 1867 1850 1828 1820 1820 1802 1813 1808 1844 1843 1787 1794 1739 1783 1773 1761 1752 1724 1704 1773 1778 1781 1750 1721 1703 1681 1710 1659 1654 1611 1681 1642 1658 1634 1678 1702 1703 1699 1686 1679 1660 1671 1662 1621 1607 1587 1649 1644 1655 1601 1563 1601 1590 1641 1619 1614 1625 1666 1647 1604 1555 1529 1626 1626 1625 1610 1600 1636 1580 1591 1584 1583 1563 1508 1548 1586 1573 1576 1557 1517 1503 1447 1492 1511 1532 1521 1485 1460 1421 1456 1439 1485 1444 1479 1442 1489 1401 1452 1437 1453 1410 1458 1380 1420 1343 1364 1384 1385 1369 1377 1398 1393 1378 1348 1386 1403 1383 1362 1359 1319 1357 1366 1312 1319 1315 1286 1308 1364 1410 1386 1348 1348 1360 1363 1322 1375 1336 1345 1385 1357 1355 1341 1329 1332 1349 1341 1311 1297 1256 1263 1250 1260 1278 1312 1310 1306 1314 1313 1315 1299 1289 1294 1292 1280 1288 1291 1265 1253 1250 1261 1204 1268 1225 1222 1209 1226 1146 1171 1199 1187 1208 1171 1185 1148 1186 1202 1165 1186 1195 1191 1185 1189 1189 1190 1192 1183 1139 1124 1157 1169 1115 1166 1188 1185 1161 1199 1109 1123 1121 1163 1122 1158 1138 1124 1103 1118 1127 1137 1078 1090 1115 1111 1101 1092 1092 1132 1086 1070 1102 1129 1089 1092 1105 1117 1068 1072 1089 1080 1066 1044 1015 1034 1016 1047 1076 1068 1054 1088 1064 1039 1044 1019 1018 996 1009 1023 1044 1084 1063 1054 1066 1021 1028 1080 1067 1045 1004 1045 1023 1084 1105 1102 1077 1077 1055 1078 1050 1083 1060 1033 1083 1033 970 1003 1022 977 1007 982 995 970 1000 985 992 991 993 990 971 1004 997 974 969 1000 953 920 963 982 999 966 979 953 960 979 921 941 921 923 939 926 930 943 939 954 952 931 948 940 884 859 918 887 884 860 878 937 931 961 962 978 978 1041 1058 1100 1143 1155 1199 1263 1304 1345 1449 1449 1493 1535 1618 1706 1738 1749 1833 1900 1995 2066 2139 2232 2230 2345 2394 2403 2426 2432 2454 2545 2630 2699 2766 2727 2795 2881 2913 2883 2909 2943 3038 3015 3035 3042 3117 3162 3176 3131 3188 3171 3176 3178 3287 3336 3229 3233 3255 3210 3196 3269 3313 3258 3312 3282 3290 3320 3243 3309 3301 3346 3275 3332 3270 3297 3243 3265 3232 3230 3261 3242 3231 3196 3181 3199 3195 3128 3137 3193 3231 3211 3160 3294 3243 3230 3139 3128 3165 3149 3159 3166 3136 3069 3141 3116 3052 3012 2987 3079 3053 3046 3057 3070 3026 3028 2979 3036 2958 2952 3004 3024 3094 3051 3055 3016 2948 2942 2971 2940 2905 2866 2867 2872 2893 2835 2783 2834 2751 2767 2770 2776 2698 2743 2689 2693 2741 2621 2706 2640 2696 2759 2796 2686 2695 2711 2655 2669 2596 2638 2621 2633 2619 2613 2607 2578 2576 2596 2600 2568 2553 2572 2568 2475 2556 2482 2499 2501 2470 2431 2444 2470 2526 2492 2436 2414 2390 2463 2452 2407 2398 2410 2484 2464 2432 2430 2413 2362 2393 2332 2374 2403 2392 2333 2286 2263 2301 2261 2242 2207 2247 2233 2208 2224 2241 2183 2217 2222 2161 2224 2163 2178 2202 2154 2131 2129 2141 2131 2177 2169 2127 2120 2094 2076 2094 2136 2127 2166 2036 2011 2098 2046 2006 2045 2004 2045 2022 2006 2015 1937 2001 2025 2019 1997 1961 1945 1919 1920 1899 1894 1888 1864 1874 1840 1811 1825 1841 1850 1843 1880 1845 1859 1871 1875 1851 1846 1825 1856 1914 1862 1833 1871 1865 1827 1871 1836 1849 1864 1832 1826 1772 1797 1800 1801 1793 1788 1751 1731 1773 1731 1803 1815 1765 1794 1748 1769 1755 1685 1712 1705 1667 1662 1645 1654 1660 1604 1642 1627 1654 1627 1606 1565 1645 1617 1608 1582 1594 1620 1657 1625 1607 1590 1613 1576 1583 1606 1592 1590 1614 1656 1627 1614 1631 1611 1583 1545 1592 1594 1611 1571 1509 1494 1514 1505 1467 1496 1521 1484 1504 1520 1521 1455 1474 1541 1482 1516 1478 1468 1461 1470 1477 1474 1430 1446 1422 1440 1443 1436 1413 1406 1411 1459 1373 1399 1381 1373 1423 1444 1409 1410 1372 1353 1329 1333 1407 1379 1313 1352 1361 1352 1360 1370 1364 1352 1407 1413 1322 1378 1363 1371 1392 1370 1328 1379 1360 1315 1293 1333 1344 1356 1309 1315 1326 1347 1353 1370 1373 1324 1357 1432 1381 1353 1336 1350 1315 1277 1297 1305 1286 1266 1270 1248 1283 1279 1316 1313 1309 1295 1279 1279 1265 1237 1216 1212 1240 1231 1172 1197 1175 1214 1211 1217 1202 1158 1183 1154 1185 1159 1162 1214 1210 1223 1224 1269 1209 1242 1217 1271 1209 1214 1212 1198 1224 1223 1205 1190 1202 1178 1169 1202 1223 1172 1205 1186 1197 1198 1177 1171 1166 1167 1121 1132 1156 1127 1132 1117 1129 1108 1090 1106 1127 1129 1129 1070 1094 1080 1119 1126 1110 1100 1074 1072 1065 1073 1091 1087 1104 1123 1112 1118 1110 1113 1088 1077 1097 1049 1043 1047 1093 1074 1024 1054 1026 1058 1063 1084 1066 1081 1052 1070 1092 1075 1074 1096 1087 1038 1065 1035 1079 1069 1038 1014 1014 1011 993 1029 1065 1048 1026 1009 1017 985 971 977 1010 982 957 1010 1004 1003 1007 993 998 984 986 981 977 953 990 975 965 966 961 974 968 971 968 968 965 992 972 1009 979 963 957 920 898 900 928 961 942 915 944 964 954 994 993 973 972 962 999 972 915 905 921 923 927 900 924 938 906 918 916 938 910 912 912 902 916 904 894 926 926 

