Realization 0:
	ActiveActor 0:
		0 1 1 1 1 0 0 1 0 0 0 1 1 1 1 1 1 1 1 0 0 1 
	PassiveActor 1:
		MolID 0:
			Count:
				0 0 0 0 0 1 0 0 0 1 1 0 0 0 0 0 0 0 0 0 0 0 0 0 0 0 0 0 0 0 0 0 0 0 0 0 0 0 0 0 0 0 0 0 0 0 0 0 0 0 0 0 0 0 0 0 0 0 0 0 0 0 0 0 0 0 0 0 0 0 0 0 0 0 0 0 0 0 0 0 0 0 0 0 0 0 0 0 0 0 0 0 0 0 0 0 0 0 0 0 0 3 1 2 2 0 2 3 3 0 3 0 0 0 0 0 0 0 0 0 0 0 0 0 0 0 0 0 0 0 0 0 0 0 0 0 0 0 0 0 0 0 0 0 0 0 0 0 0 0 0 0 0 0 0 0 0 0 0 0 0 0 0 0 0 0 0 0 0 0 0 0 0 0 0 0 0 0 0 0 0 0 0 0 0 0 0 0 0 0 0 0 0 0 0 0 0 0 0 0 0 0 0 1 1 2 0 0 1 1 2 0 0 0 0 0 0 0 0 0 0 0 0 0 0 0 0 0 0 0 0 0 0 0 0 0 0 0 0 0 0 0 0 0 0 0 0 0 0 0 0 0 0 0 0 0 0 0 0 0 0 0 0 0 0 0 0 0 0 0 0 0 0 0 0 0 0 0 0 0 0 0 0 0 0 0 0 0 0 0 0 0 0 0 0 0 0 0 0 0 0 1 0 3 1 1 0 0 0 1 0 0 0 0 0 0 0 0 0 0 0 0 0 0 0 0 0 0 0 0 0 0 0 0 0 0 0 0 0 0 0 0 0 0 0 0 0 0 0 0 0 0 0 0 0 0 0 0 0 0 0 0 0 0 0 0 0 0 0 0 0 0 0 0 0 0 0 0 0 0 0 0 0 0 0 0 0 0 0 0 0 0 0 0 0 0 0 0 0 0 0 0 0 0 0 0 0 0 0 0 0 0 0 0 0 0 0 0 0 0 0 0 0 0 0 0 0 0 0 0 0 0 0 0 0 0 0 0 0 0 0 0 0 0 0 0 0 0 0 0 0 0 0 0 0 0 0 0 0 0 0 0 0 0 0 0 0 0 0 0 0 0 0 0 0 0 0 0 0 0 0 0 0 0 0 0 0 0 0 0 0 0 0 0 0 0 0 0 0 0 0 0 2 1 1 3 0 2 0 0 0 0 0 0 0 0 0 0 0 0 0 0 0 0 0 0 0 0 0 0 0 0 0 0 0 0 0 0 0 0 0 0 0 0 0 0 0 0 0 0 0 0 0 0 0 0 0 0 0 0 0 0 0 0 0 0 0 0 0 0 0 0 0 0 0 0 0 0 0 0 0 0 0 0 0 0 0 0 0 0 0 0 0 0 0 0 0 0 0 0 0 3 2 2 1 1 0 2 0 1 0 0 0 0 0 0 0 0 0 0 0 0 0 0 0 0 0 0 0 0 0 0 0 0 0 0 0 0 0 0 0 0 0 0 0 0 0 0 0 0 0 0 0 0 0 0 0 0 0 0 0 0 0 0 0 0 0 0 0 0 0 0 0 0 0 0 0 0 0 0 0 0 0 0 0 0 0 0 0 0 0 0 0 0 0 0 0 0 0 0 0 1 0 1 1 0 0 0 3 1 2 0 0 0 0 0 0 0 0 0 0 0 0 0 0 0 0 0 0 0 0 0 0 0 0 0 0 0 0 0 0 0 0 0 0 0 0 0 0 0 0 0 0 0 0 0 0 0 0 0 0 0 0 0 0 0 0 0 0 0 0 0 0 0 0 0 0 0 0 0 0 0 0 0 0 0 0 0 0 0 0 0 0 0 0 0 0 0 0 0 0 1 1 1 0 1 2 3 2 1 4 0 0 0 0 0 0 0 0 0 0 0 0 0 0 0 0 0 0 0 0 0 0 0 0 0 0 0 0 0 0 0 0 0 0 0 0 0 0 0 0 0 0 0 0 0 0 0 0 0 0 0 0 0 0 0 0 0 0 0 0 0 0 0 0 0 0 0 0 0 0 0 0 0 0 0 0 0 0 0 0 0 0 0 0 0 0 0 0 0 0 1 1 1 3 1 1 3 1 2 0 0 0 0 0 0 0 0 0 0 0 0 0 0 0 0 0 0 0 0 0 0 0 0 0 0 0 0 0 0 0 0 0 0 0 0 0 0 0 0 0 0 0 0 0 0 0 0 0 0 0 0 0 0 0 0 0 0 0 0 0 0 0 0 0 0 0 0 0 0 0 0 0 0 0 0 0 0 0 0 0 0 0 0 0 0 0 0 0 0 
	PassiveActor 2:
		MolID 1:
			Count:
				0 0 0 0 0 0 0 1 1 1 1 1 1 1 2 2 2 4 5 5 5 5 5 5 5 5 5 5 5 5 5 5 5 5 5 5 5 5 5 5 5 5 5 5 5 5 5 5 5 5 6 6 6 6 6 6 6 6 7 7 7 7 7 7 7 7 7 7 7 7 7 8 8 8 8 8 8 8 8 8 8 8 8 8 8 8 8 8 8 8 8 8 9 9 9 9 9 9 9 9 9 9 9 9 9 9 9 9 9 9 11 13 14 15 17 18 19 21 21 21 21 22 22 23 25 25 25 26 27 28 30 30 30 30 30 30 31 33 33 34 34 34 35 35 37 37 37 38 39 39 39 39 39 39 39 39 39 39 39 39 41 41 41 42 43 43 43 43 43 44 44 44 44 44 44 44 44 44 44 44 44 45 45 45 45 45 45 45 45 45 45 45 45 45 45 45 45 45 45 45 45 45 45 45 45 45 46 46 47 48 49 49 51 51 51 54 56 56 58 59 59 59 59 59 59 59 59 61 62 62 62 62 64 64 65 65 65 67 67 67 67 67 67 68 68 68 68 68 68 68 68 68 68 68 68 68 68 68 68 68 68 68 68 68 68 68 68 68 68 68 68 68 68 68 69 69 69 70 70 70 70 70 70 70 70 70 70 70 70 70 70 70 70 70 70 70 70 70 70 70 70 70 70 70 71 71 71 71 71 72 72 72 72 73 73 73 73 74 74 74 75 75 75 76 76 76 76 76 76 76 76 76 77 77 77 77 77 77 77 77 78 78 78 78 78 78 78 78 78 78 78 78 78 78 78 78 78 78 78 79 79 79 79 79 79 80 80 80 80 80 80 80 80 80 80 80 81 81 81 81 81 81 81 81 81 81 81 81 81 81 81 81 81 81 81 81 81 81 81 81 81 81 81 81 81 81 81 81 81 81 81 81 81 81 81 81 81 81 81 81 81 81 81 81 81 81 81 81 81 81 81 81 81 81 81 81 81 81 81 81 81 81 81 81 81 81 81 81 81 81 81 81 81 81 81 81 81 81 81 82 82 83 83 83 83 83 83 83 83 83 83 84 84 84 84 84 84 84 84 84 84 84 84 84 84 84 84 84 84 84 84 84 84 84 84 84 84 84 84 84 84 84 84 85 85 85 86 86 87 87 87 87 88 88 89 89 90 91 93 93 93 94 94 94 94 95 95 95 95 95 96 97 97 97 97 97 98 98 98 98 98 98 98 98 98 98 98 98 98 98 98 98 98 98 98 98 98 99 99 99 99 99 99 99 99 99 99 99 100 102 102 102 102 104 104 104 104 104 104 104 104 104 104 104 104 104 104 104 104 104 104 104 104 104 104 104 104 104 104 104 104 104 104 104 105 105 105 107 107 108 109 110 112 112 112 113 113 116 118 119 120 121 121 123 123 124 124 124 124 126 127 127 127 127 127 127 128 128 128 128 128 128 128 128 128 128 128 128 129 130 130 131 132 132 132 132 132 132 132 132 133 134 134 134 135 136 136 136 136 136 137 137 137 137 138 138 138 138 138 138 138 139 139 139 139 139 139 139 139 139 139 140 140 140 140 140 140 140 140 140 141 141 141 142 142 145 146 146 146 147 148 151 152 152 153 155 157 157 158 160 160 160 160 160 161 162 162 162 163 164 164 165 166 166 167 168 169 172 172 172 173 173 173 173 173 173 173 173 173 173 173 173 173 173 174 175 175 175 175 175 175 176 176 177 177 177 177 177 177 177 177 177 177 177 177 177 177 177 177 177 177 177 177 177 177 177 177 177 177 177 177 178 178 178 178 178 178 178 178 179 180 180 180 180 180 181 182 183 184 185 188 190 191 192 192 193 193 194 196 197 197 198 198 200 200 201 202 202 202 202 204 204 206 206 207 208 208 208 210 210 210 210 211 211 211 211 211 211 212 212 212 212 212 212 212 212 213 213 213 213 213 213 213 213 213 213 213 213 213 213 213 213 214 214 215 217 218 219 219 219 219 219 219 219 219 219 219 219 219 219 219 219 219 219 219 219 219 219 219 219 219 219 219 219 219 220 220 220 223 224 226 227 228 229 229 230 230 230 230 231 231 231 231 231 231 231 232 232 233 236 236 236 236 236 236 236 236 237 237 237 237 238 239 241 244 244 244 244 244 244 244 244 244 244 244 244 244 244 244 245 245 245 245 245 245 245 245 245 245 245 246 246 246 246 246 248 248 248 248 248 248 248 248 248 248 249 249 249 249 249 249 250 250 250 250 250 250 250 250 250 
	PassiveActor 3:
		MolID 0:
			Count:
				0 15 26 37 47 61 66 70 75 82 96 96 96 96 95 95 95 93 92 92 92 92 92 92 92 92 92 92 92 92 92 92 92 92 92 92 92 92 92 92 92 92 92 92 92 92 92 92 92 92 91 91 91 91 91 91 91 91 90 90 90 90 90 90 90 90 90 90 90 90 90 89 89 89 89 89 89 89 89 89 89 89 89 89 89 89 89 89 89 89 89 89 88 88 88 88 88 88 88 88 88 132 166 194 242 265 306 346 379 411 450 448 447 446 444 443 442 440 440 440 440 439 439 438 436 436 436 435 434 433 431 431 431 431 431 431 430 428 428 427 427 427 426 426 424 424 424 423 422 422 422 422 422 422 422 422 422 422 422 422 420 420 420 419 418 418 418 418 418 417 417 417 417 417 417 417 417 417 417 417 417 416 416 416 416 416 416 416 416 416 416 416 416 416 416 416 416 416 416 416 416 437 459 482 508 529 544 564 586 617 640 640 638 638 638 635 633 633 631 630 630 630 630 630 630 630 630 628 627 627 627 627 625 625 624 624 624 622 622 622 622 622 622 621 621 621 621 621 621 621 621 621 621 621 621 621 621 621 621 621 621 621 621 621 621 621 621 621 621 621 621 621 621 621 620 620 620 619 619 619 619 619 619 619 619 619 619 619 619 619 619 619 619 619 619 619 619 619 619 619 619 629 641 650 658 672 680 689 704 716 720 720 720 719 719 719 719 718 718 718 717 717 717 716 716 716 716 716 716 716 716 716 715 715 715 715 715 715 715 715 714 714 714 714 714 714 714 714 714 714 714 714 714 714 714 714 714 714 714 713 713 713 713 713 713 712 712 712 712 712 712 712 712 712 712 712 711 711 711 711 711 711 711 711 711 711 711 711 711 711 711 711 711 711 711 711 711 711 711 711 711 711 711 711 711 711 711 711 711 711 711 711 711 711 711 711 711 711 711 711 711 711 711 711 711 711 711 711 711 711 711 711 711 711 711 711 711 711 711 711 711 711 711 711 711 711 711 711 711 711 711 711 711 711 711 711 711 711 711 710 710 709 709 709 709 709 709 709 709 709 709 708 708 708 708 708 708 708 708 708 708 708 708 708 708 708 708 708 708 708 708 708 708 708 708 708 708 708 708 708 708 724 742 756 763 780 790 804 816 824 835 835 834 834 833 833 832 831 829 829 829 828 828 828 828 827 827 827 827 827 826 825 825 825 825 825 824 824 824 824 824 824 824 824 824 824 824 824 824 824 824 824 824 824 824 824 824 823 823 823 823 823 823 823 823 823 823 823 822 820 820 820 820 818 818 818 818 818 818 818 818 818 818 818 818 818 818 818 818 818 818 818 818 818 818 818 818 818 818 818 818 853 880 917 956 991 1018 1048 1076 1102 1128 1127 1125 1125 1125 1124 1124 1121 1119 1118 1117 1116 1116 1114 1114 1113 1113 1113 1113 1111 1110 1110 1110 1110 1110 1110 1109 1109 1109 1109 1109 1109 1109 1109 1109 1109 1109 1109 1108 1107 1107 1106 1105 1105 1105 1105 1105 1105 1105 1105 1104 1103 1103 1103 1102 1101 1101 1101 1101 1101 1100 1100 1100 1100 1099 1099 1099 1099 1099 1099 1099 1098 1098 1098 1098 1098 1098 1098 1098 1098 1098 1097 1097 1097 1097 1097 1097 1097 1097 1097 1096 1135 1168 1205 1242 1283 1309 1342 1374 1406 1438 1435 1434 1434 1433 1431 1429 1429 1428 1426 1426 1426 1426 1426 1425 1424 1424 1424 1423 1422 1422 1421 1420 1420 1419 1418 1417 1414 1414 1414 1413 1413 1413 1413 1413 1413 1413 1413 1413 1413 1413 1413 1413 1413 1412 1411 1411 1411 1411 1411 1411 1410 1410 1409 1409 1409 1409 1409 1409 1409 1409 1409 1409 1409 1409 1409 1409 1409 1409 1409 1409 1409 1409 1409 1409 1409 1409 1409 1409 1409 1409 1408 1408 1408 1408 1408 1408 1408 1408 1407 1406 1446 1487 1514 1551 1588 1624 1665 1703 1741 1781 1779 1778 1777 1777 1776 1776 1775 1773 1772 1772 1771 1771 1769 1769 1768 1767 1767 1767 1767 1765 1765 1763 1763 1762 1761 1761 1761 1759 1759 1759 1759 1758 1758 1758 1758 1758 1758 1757 1757 1757 1757 1757 1757 1757 1757 1756 1756 1756 1756 1756 1756 1756 1756 1756 1756 1756 1756 1756 1756 1756 1756 1755 1755 1754 1752 1751 1750 1750 1750 1750 1750 1750 1750 1750 1750 1750 1750 1750 1750 1750 1750 1750 1750 1750 1750 1750 1750 1750 1750 1750 1776 1797 1820 1839 1864 1881 1902 1915 1933 1956 1955 1954 1953 1953 1952 1952 1952 1952 1951 1951 1951 1951 1951 1951 1951 1950 1950 1949 1946 1946 1946 1946 1946 1946 1946 1946 1945 1945 1945 1945 1944 1943 1941 1938 1938 1938 1938 1938 1938 1938 1938 1938 1938 1938 1938 1938 1938 1938 1937 1937 1937 1937 1937 1937 1937 1937 1937 1937 1937 1936 1936 1936 1936 1936 1934 1934 1934 1934 1934 1934 1934 1934 1934 1934 1933 1933 1933 1933 1933 1933 1932 1932 1932 1932 1932 1932 1932 1932 1932 

