Realization 0:
	ActiveActor 0:
		1 1 1 1 0 1 1 1 0 0 1 1 
	PassiveActor 1:
		MolID 0:
			Count:
				0 1 5 1 1 3 3 1 0 3 1 0 0 0 0 0 0 0 0 0 0 0 0 0 0 0 0 0 0 0 0 0 0 0 0 0 0 0 0 0 0 0 0 0 0 0 0 0 0 0 0 0 0 0 0 0 0 0 0 0 0 0 0 0 0 0 0 0 0 0 0 0 0 0 0 0 0 0 0 0 0 0 0 0 0 0 0 0 0 0 0 0 0 0 0 0 0 0 0 0 0 1 2 0 1 2 1 2 3 1 1 0 0 0 0 0 0 0 0 1 0 0 0 0 0 0 0 0 0 0 0 0 0 0 0 0 0 0 0 0 0 0 0 0 0 0 0 0 0 0 0 0 0 0 0 0 0 0 0 0 0 0 0 0 0 0 0 0 0 0 0 0 0 0 0 0 0 0 0 0 0 0 0 0 0 0 0 0 0 0 0 0 0 0 0 0 0 0 0 0 0 2 1 1 0 1 1 0 1 0 0 0 0 0 0 0 0 0 0 0 0 0 0 0 0 0 0 0 0 0 0 0 0 0 0 0 0 0 0 0 0 0 0 0 0 0 0 0 0 0 0 0 0 0 0 0 0 0 0 0 0 0 0 0 0 0 0 0 0 0 0 0 0 0 0 0 0 0 0 0 0 0 0 0 0 0 0 0 0 0 0 0 0 0 0 0 0 0 0 0 0 1 0 1 3 1 1 1 0 1 2 0 0 0 0 0 0 0 0 0 0 0 0 0 0 0 0 0 0 0 0 0 0 0 0 0 0 0 0 0 0 0 0 0 0 0 0 0 0 0 0 0 0 0 0 0 0 0 0 0 0 0 0 0 0 0 0 0 0 0 0 0 0 0 0 0 0 0 0 0 0 0 0 0 0 0 0 0 0 0 0 0 0 0 0 0 0 0 0 0 0 0 0 0 0 0 0 0 0 0 0 0 0 0 0 0 0 0 0 0 0 0 0 0 0 0 0 0 0 0 0 0 0 0 0 0 0 0 0 0 0 0 0 0 0 0 0 0 0 0 0 0 0 0 0 0 0 0 0 0 0 0 0 0 0 0 0 0 0 0 0 0 0 0 0 0 0 0 0 0 0 0 0 0 0 0 0 0 0 0 0 0 0 0 0 0 0 0 0 0 0 1 3 3 2 3 0 2 3 1 0 0 0 0 0 0 0 0 0 0 1 0 0 0 0 0 0 0 0 0 0 0 0 0 0 0 0 0 0 0 0 0 0 0 0 0 0 0 0 0 0 0 0 0 0 0 0 0 0 0 0 0 0 0 0 0 0 0 0 0 0 0 0 0 0 0 0 0 0 0 0 0 0 0 0 0 0 0 0 0 0 0 0 0 0 0 0 0 0 0 0 0 0 0 0 0 0 0 0 0 0 0 0 0 0 0 0 0 0 0 0 0 0 0 0 0 0 0 0 0 0 0 0 0 0 0 0 0 0 0 0 0 0 0 0 0 0 0 0 0 0 0 0 0 0 0 0 0 0 0 0 0 0 0 0 0 0 0 0 0 0 0 0 0 0 0 0 0 0 0 0 0 0 0 0 0 0 0 0 0 0 0 0 0 0 0 0 0 0 0 0 0 0 0 0 0 0 0 0 0 0 0 0 0 0 0 0 0 0 0 0 0 0 0 0 0 0 0 0 0 0 0 0 0 0 0 0 0 0 0 0 0 0 0 0 0 0 0 0 0 0 0 0 0 0 0 0 0 0 0 0 0 0 0 0 0 0 0 0 0 0 0 0 0 0 0 0 0 0 0 0 0 0 0 0 0 0 0 0 0 0 0 0 0 0 0 0 0 0 0 0 0 0 0 0 0 0 0 0 0 0 0 0 0 0 0 0 0 0 0 0 0 0 0 0 0 0 0 0 0 0 0 0 0 0 0 0 0 0 0 0 0 0 0 0 0 0 0 0 0 0 0 0 0 0 0 0 0 0 0 0 0 0 0 0 0 0 0 0 0 0 0 0 0 0 0 0 0 0 0 0 0 0 0 0 0 0 0 0 0 0 0 0 0 0 0 0 0 0 0 0 0 0 0 0 0 0 0 0 0 0 0 0 0 0 0 0 0 0 0 0 0 0 0 0 0 0 0 0 0 0 0 0 0 0 0 0 0 0 0 0 0 0 0 0 0 0 0 0 0 0 0 0 0 0 0 0 0 0 0 0 0 0 0 0 0 0 0 0 0 0 0 0 0 0 0 0 0 0 0 0 0 0 0 0 0 0 0 0 0 0 0 0 0 0 0 0 0 0 0 
	PassiveActor 2:
		MolID 1:
			Count:
				0 0 0 0 0 0 0 0 0 0 0 0 0 0 0 0 0 0 0 0 0 0 0 0 0 0 0 0 0 0 0 0 0 0 0 0 0 0 0 0 0 0 0 0 0 0 0 0 0 0 0 0 0 0 0 0 0 0 0 0 0 0 0 0 0 0 0 0 0 0 0 0 0 0 0 0 0 0 0 0 0 0 0 0 0 0 0 0 0 0 0 0 0 0 0 0 0 0 0 0 0 0 0 0 0 0 0 0 0 0 0 0 0 0 0 0 0 0 0 0 0 0 0 0 0 0 0 0 0 0 0 0 0 0 0 0 0 0 0 0 0 0 0 0 0 0 0 0 0 0 0 0 0 0 0 0 0 0 0 0 0 0 0 0 0 0 0 0 0 0 0 0 0 0 0 0 0 0 0 0 0 0 0 0 0 0 0 0 0 0 0 0 0 0 0 0 0 0 0 0 0 0 0 0 0 0 0 0 0 0 0 0 0 0 0 0 0 0 0 0 0 0 0 0 0 0 0 0 0 0 0 0 0 0 0 0 0 0 0 0 0 0 0 0 0 0 0 0 0 0 0 0 0 0 0 0 0 0 0 0 0 0 0 0 0 0 0 0 0 0 0 0 0 0 0 0 0 0 0 0 0 0 0 0 0 0 0 0 0 0 0 0 0 0 0 0 0 0 0 0 0 0 0 0 0 0 0 0 1 1 1 1 1 1 1 1 1 1 1 1 1 1 1 1 1 1 1 1 1 1 1 1 1 1 1 1 1 1 1 1 1 1 1 1 1 1 1 1 1 1 1 1 1 1 1 1 1 2 2 2 2 2 2 2 2 2 2 2 2 2 2 2 2 2 2 2 2 2 2 2 2 2 2 2 2 2 2 2 2 2 2 2 2 2 2 2 2 2 2 2 2 2 2 2 2 2 2 2 2 2 2 2 2 2 2 2 2 2 2 2 2 2 2 2 2 2 2 2 2 2 2 2 2 2 2 2 2 2 2 2 3 3 3 3 3 3 3 3 3 3 3 3 3 3 3 3 3 3 3 3 3 3 3 3 3 3 3 3 3 3 3 3 3 3 3 3 3 3 3 4 4 4 4 4 4 4 4 4 4 4 4 4 4 4 4 4 4 4 4 4 4 4 4 4 4 4 4 4 4 4 4 4 4 4 4 4 4 4 4 4 4 4 4 4 4 4 4 4 4 4 4 4 4 4 4 4 4 4 4 4 4 4 4 4 4 4 4 4 4 4 4 4 4 4 4 4 4 4 4 4 4 4 4 4 4 4 4 4 4 4 4 4 4 4 4 4 4 4 4 4 4 4 4 4 4 4 4 4 4 4 4 4 4 4 4 4 4 4 4 4 4 4 4 4 4 4 4 4 4 4 4 4 4 4 4 4 4 4 4 4 4 4 4 4 4 4 4 4 4 4 4 4 4 4 4 4 4 5 5 5 5 5 5 5 5 5 5 5 5 5 5 5 5 5 5 5 5 5 5 5 5 5 5 5 5 5 5 5 5 5 5 5 5 5 5 5 5 5 5 5 5 5 6 6 6 6 6 6 6 6 6 6 6 6 6 6 6 6 6 6 6 6 6 6 6 6 6 6 6 6 6 6 6 6 6 6 6 6 6 6 6 6 6 6 6 6 6 6 7 7 7 7 7 7 7 7 7 7 7 7 7 7 7 7 7 7 7 7 7 7 7 7 7 7 7 7 7 7 7 7 7 7 7 7 7 7 7 7 7 7 7 7 7 7 7 7 7 8 8 8 8 8 8 8 8 8 8 8 8 8 8 8 8 8 8 8 8 8 8 8 8 8 8 8 8 8 8 8 8 8 8 8 8 9 9 9 9 9 9 9 9 9 9 9 9 9 9 9 9 9 9 9 9 9 9 9 9 9 9 9 9 9 9 9 9 9 9 9 9 9 9 9 9 9 9 9 9 9 9 9 9 9 9 9 9 9 9 9 9 9 9 9 9 9 9 9 9 9 9 9 9 9 9 9 9 9 9 9 9 9 9 9 9 9 9 9 9 9 9 9 9 9 9 9 9 9 9 9 9 9 9 9 9 9 9 9 9 9 9 10 10 10 10 10 10 10 10 10 10 10 10 10 10 10 10 10 10 10 10 10 10 10 10 10 10 11 11 11 11 11 11 11 11 11 11 11 11 11 11 11 11 11 11 11 11 12 12 12 12 12 12 12 12 12 12 12 12 12 12 12 12 12 12 12 12 12 12 12 12 12 12 12 12 12 12 12 13 13 13 13 
	PassiveActor 3:
		MolID 0:
			Count:
				0 39 75 119 148 176 217 251 288 317 347 347 347 347 347 347 347 347 347 347 347 347 347 347 347 347 347 347 347 347 347 347 347 347 347 347 347 347 347 347 347 347 347 347 347 347 347 347 347 347 347 347 347 347 347 347 347 347 347 347 347 347 347 347 347 347 347 347 347 347 347 347 347 347 347 347 347 347 347 347 347 347 347 347 347 347 347 347 347 347 347 347 347 347 347 347 347 347 347 347 347 377 412 444 470 512 540 573 610 643 674 674 674 674 674 674 674 674 674 674 674 674 674 674 674 674 674 674 674 674 674 674 674 674 674 674 674 674 674 674 674 674 674 674 674 674 674 674 674 674 674 674 674 674 674 674 674 674 674 674 674 674 674 674 674 674 674 674 674 674 674 674 674 674 674 674 674 674 674 674 674 674 674 674 674 674 674 674 674 674 674 674 674 674 674 674 674 674 674 674 674 683 694 707 723 740 753 759 771 777 788 788 788 788 788 788 788 788 788 788 788 788 788 788 788 788 788 788 788 788 788 788 788 788 788 788 788 788 788 788 788 788 788 788 788 788 788 788 788 788 788 788 788 788 788 788 788 788 788 788 788 788 788 788 788 788 788 788 788 788 788 788 788 788 788 788 788 788 788 788 788 788 788 788 788 788 788 788 788 788 788 788 788 788 788 788 788 788 788 788 788 817 844 880 911 939 971 1003 1029 1070 1111 1111 1111 1111 1111 1111 1111 1111 1111 1111 1111 1111 1111 1111 1111 1111 1111 1111 1111 1111 1111 1111 1111 1111 1111 1111 1111 1111 1111 1111 1111 1111 1111 1111 1111 1111 1111 1111 1111 1111 1111 1111 1111 1111 1111 1111 1111 1110 1110 1110 1110 1110 1110 1110 1110 1110 1110 1110 1110 1110 1110 1110 1110 1110 1110 1110 1110 1110 1110 1110 1110 1110 1110 1110 1110 1110 1110 1110 1110 1110 1110 1110 1110 1110 1110 1110 1110 1110 1110 1110 1110 1110 1110 1110 1110 1110 1110 1110 1110 1110 1110 1110 1110 1110 1110 1110 1110 1110 1110 1110 1110 1110 1110 1110 1110 1110 1110 1110 1110 1110 1110 1110 1110 1110 1110 1110 1110 1110 1110 1110 1109 1109 1109 1109 1109 1109 1109 1109 1109 1109 1109 1109 1109 1109 1109 1109 1109 1109 1109 1109 1109 1109 1109 1109 1109 1109 1109 1109 1109 1109 1109 1109 1109 1109 1109 1109 1109 1109 1109 1108 1108 1108 1108 1108 1108 1108 1108 1108 1108 1108 1108 1108 1108 1108 1108 1108 1108 1108 1108 1108 1108 1145 1196 1237 1268 1304 1331 1367 1403 1440 1473 1473 1473 1473 1473 1473 1473 1473 1473 1473 1473 1473 1473 1473 1473 1473 1473 1473 1473 1473 1473 1473 1473 1473 1473 1473 1473 1473 1473 1473 1473 1473 1473 1473 1473 1473 1473 1473 1473 1473 1473 1473 1473 1473 1473 1473 1473 1473 1473 1473 1473 1473 1473 1473 1473 1473 1473 1473 1473 1473 1473 1473 1473 1473 1473 1473 1473 1473 1473 1473 1473 1473 1473 1473 1473 1473 1473 1473 1473 1473 1473 1473 1473 1473 1473 1473 1473 1473 1473 1473 1473 1473 1473 1473 1473 1473 1473 1473 1473 1473 1473 1473 1473 1473 1473 1473 1473 1473 1473 1473 1473 1473 1473 1473 1473 1473 1473 1473 1473 1473 1473 1473 1473 1473 1473 1473 1473 1472 1472 1472 1472 1472 1472 1472 1472 1472 1472 1472 1472 1472 1472 1472 1472 1472 1472 1472 1472 1472 1472 1472 1472 1472 1472 1472 1472 1472 1472 1472 1472 1472 1472 1472 1472 1472 1472 1472 1472 1472 1472 1472 1472 1472 1471 1471 1471 1471 1471 1471 1471 1471 1471 1471 1471 1471 1471 1471 1471 1471 1471 1471 1471 1471 1471 1471 1471 1471 1471 1471 1471 1471 1471 1471 1471 1471 1471 1471 1471 1471 1471 1471 1471 1471 1471 1471 1471 1471 1471 1471 1470 1470 1470 1470 1470 1470 1470 1470 1470 1470 1470 1470 1470 1470 1470 1470 1470 1470 1470 1470 1470 1470 1470 1470 1470 1470 1470 1470 1470 1470 1470 1470 1470 1470 1470 1470 1470 1470 1470 1470 1470 1470 1470 1470 1470 1470 1470 1470 1470 1469 1469 1469 1469 1469 1469 1469 1469 1469 1469 1469 1469 1469 1469 1469 1469 1469 1469 1469 1469 1469 1469 1469 1469 1469 1469 1469 1469 1469 1469 1469 1469 1469 1469 1469 1469 1468 1468 1468 1468 1468 1468 1468 1468 1468 1468 1468 1468 1468 1468 1468 1468 1468 1468 1468 1468 1468 1468 1468 1468 1468 1468 1468 1468 1468 1468 1468 1468 1468 1468 1468 1468 1468 1468 1468 1468 1468 1468 1468 1468 1468 1468 1468 1468 1468 1468 1468 1468 1468 1468 1468 1468 1468 1468 1468 1468 1468 1468 1468 1468 1468 1468 1468 1468 1468 1468 1468 1468 1468 1468 1468 1468 1468 1468 1468 1468 1468 1468 1468 1468 1468 1468 1468 1468 1468 1468 1468 1468 1468 1468 1468 1468 1468 1468 1468 1468 1468 1468 1468 1468 1468 1468 1467 1467 1467 1467 1467 1467 1467 1467 1467 1467 1467 1467 1467 1467 1467 1467 1467 1467 1467 1467 1467 1467 1467 1467 1467 1467 1466 1466 1466 1466 1466 1466 1466 1466 1466 1466 1466 1466 1466 1466 1466 1466 1466 1466 1466 1466 1465 1465 1465 1465 1465 1465 1465 1465 1465 1465 1465 1465 1465 1465 1465 1465 1465 1465 1465 1465 1465 1465 1465 1465 1465 1465 1465 1465 1465 1465 1465 1464 1464 1464 1464 

