Realization 0:
	ActiveActor 0:
		1 1 0 1 0 1 0 1 1 0 1 1 
	PassiveActor 1:
		MolID 0:
			Count:
				0 0 0 0 0 0 0 0 0 0 0 0 0 0 0 0 0 0 0 0 0 0 0 0 0 0 0 0 0 0 0 0 0 0 0 0 0 0 0 0 0 0 0 0 0 0 0 0 0 0 0 0 0 0 0 0 0 0 0 0 0 0 0 0 0 0 0 0 0 0 0 0 0 0 0 0 0 0 0 0 0 0 0 0 0 0 0 0 0 0 0 0 0 0 0 0 0 0 0 0 0 0 0 0 0 0 0 0 0 0 0 0 0 0 0 0 0 0 0 0 0 0 0 0 0 0 0 0 0 0 0 0 0 0 0 0 0 0 0 0 0 0 0 0 0 0 0 0 0 0 0 0 0 0 0 0 0 0 0 0 0 0 0 0 0 0 0 0 0 0 0 0 0 0 0 0 0 0 0 0 0 0 0 0 0 0 0 0 0 0 0 0 0 0 0 0 0 0 0 0 0 0 0 0 0 0 0 0 0 0 0 0 0 0 0 0 0 0 0 0 0 0 0 0 0 0 0 0 0 0 0 0 0 0 0 0 0 0 0 0 0 0 0 0 0 0 0 0 0 0 0 0 0 0 0 0 0 0 0 0 0 0 0 0 0 0 0 0 0 0 0 0 0 0 0 0 0 0 0 0 0 0 0 0 0 0 0 0 0 0 0 0 0 0 0 0 0 0 0 0 0 0 0 0 0 0 0 0 0 0 0 0 0 0 0 0 0 0 0 0 0 0 0 0 0 0 0 0 0 0 0 0 0 0 0 0 0 0 0 0 0 0 0 0 0 0 0 0 0 0 0 0 0 0 0 0 0 0 0 0 0 0 0 0 0 0 0 0 0 0 0 0 0 0 0 0 0 0 0 0 0 0 0 0 0 0 0 0 0 0 0 0 0 0 0 0 0 0 0 0 0 0 0 0 0 0 0 0 0 0 0 0 0 0 0 0 0 0 0 0 0 0 0 0 0 0 0 0 0 0 0 0 0 0 0 0 0 0 0 0 0 0 0 0 0 0 0 0 0 0 0 0 0 0 0 0 0 0 0 0 0 0 0 0 0 0 0 0 0 0 0 0 0 0 0 0 0 0 0 0 0 0 0 0 0 0 0 0 0 0 0 0 0 0 0 0 0 0 0 0 
	PassiveActor 2:
		MolID 1:
			Count:
				0 0 0 0 0 0 0 0 1 2 2 2 2 2 2 2 2 2 2 2 2 2 2 2 2 2 2 2 2 2 2 2 2 2 2 2 2 2 2 2 2 2 2 2 2 2 2 2 2 2 2 2 3 3 3 3 3 3 3 3 3 3 3 3 3 3 3 3 3 3 3 3 3 3 3 3 3 3 3 3 3 3 3 3 3 3 3 3 3 3 3 3 3 3 3 3 3 3 3 3 3 3 3 3 4 4 4 4 4 4 4 4 4 4 4 4 4 4 4 4 4 4 4 4 4 4 4 4 4 4 4 4 4 4 4 4 4 4 4 4 4 4 4 4 4 4 4 4 4 4 4 4 4 4 4 4 4 4 4 4 4 4 4 4 4 4 4 4 4 4 4 4 4 4 4 4 4 4 4 4 4 4 4 4 4 4 4 4 4 4 4 4 4 4 4 4 4 4 4 4 4 4 4 4 4 4 6 6 6 6 6 6 6 6 6 6 6 6 6 6 6 6 6 6 6 6 6 6 6 6 6 6 6 6 6 6 6 6 6 6 6 6 6 6 6 6 6 6 6 6 6 6 6 6 6 6 6 7 8 9 9 9 9 9 9 9 9 9 9 9 9 9 9 9 9 9 9 9 9 9 9 9 9 9 9 9 9 9 9 9 9 9 9 9 9 9 9 9 9 9 9 9 9 9 9 9 9 9 9 9 9 9 9 9 9 9 9 9 9 9 9 9 9 9 9 9 9 9 9 9 9 9 9 9 9 9 9 9 9 9 9 9 9 9 9 9 9 9 9 9 9 9 9 9 9 9 9 9 9 9 9 9 9 9 9 9 9 9 9 9 9 9 9 9 9 9 9 9 9 9 9 9 9 9 9 9 9 9 9 9 9 9 9 9 9 9 9 9 9 9 9 9 9 9 9 9 9 9 9 9 9 9 9 9 9 9 9 9 9 9 9 9 9 9 9 9 9 9 9 8 8 8 8 8 8 8 8 8 8 8 8 8 8 8 8 8 8 8 8 8 8 8 8 8 8 8 8 8 8 8 8 8 8 8 8 8 8 8 8 8 8 8 8 8 8 8 8 8 8 8 8 8 8 8 8 8 8 8 8 8 8 8 8 8 8 8 8 8 8 8 
	PassiveActor 3:
		MolID 0:
			Count:
				0 39 75 119 148 176 217 251 287 315 344 344 344 344 344 344 344 344 344 344 344 344 344 344 344 344 344 344 344 344 344 344 344 344 344 344 344 344 344 344 344 344 344 344 344 344 344 344 344 344 344 357 365 376 392 406 418 424 431 443 453 453 453 453 453 453 453 453 453 453 453 453 453 453 453 453 453 453 453 453 453 453 453 453 453 453 453 453 453 453 453 453 453 453 453 453 453 453 453 453 453 462 471 482 496 505 518 529 543 558 567 567 567 567 567 567 567 567 567 567 567 567 567 567 567 567 567 567 567 567 567 567 567 567 567 567 567 567 567 567 567 567 567 567 567 567 567 567 567 567 567 575 583 594 609 627 638 648 656 668 676 676 676 676 676 676 676 676 676 676 676 676 676 676 676 676 676 676 676 676 676 676 676 676 676 676 676 676 676 676 676 676 676 676 676 676 676 676 676 676 676 699 720 742 762 792 812 842 860 887 908 908 908 908 908 908 908 908 908 908 908 908 908 908 908 908 908 908 908 908 908 908 908 908 908 908 908 908 908 908 908 908 908 908 908 908 908 908 908 908 908 960 1002 1038 1068 1098 1133 1156 1200 1230 1274 1274 1274 1274 1274 1274 1274 1274 1274 1274 1274 1274 1274 1274 1274 1274 1274 1274 1274 1274 1274 1274 1274 1274 1274 1274 1274 1274 1274 1274 1274 1274 1274 1274 1274 1274 1274 1274 1274 1274 1274 1274 1274 1274 1274 1274 1274 1274 1274 1274 1274 1274 1274 1274 1274 1274 1274 1274 1274 1274 1274 1274 1274 1274 1274 1274 1274 1274 1274 1274 1274 1274 1274 1274 1274 1274 1274 1274 1274 1274 1274 1274 1274 1274 1274 1274 1274 1274 1274 1274 1274 1274 1274 1274 1274 1274 1274 1274 1274 1274 1274 1274 1274 1274 1274 1274 1274 1274 1274 1274 1274 1274 1274 1274 1274 1274 1274 1274 1274 1274 1274 1274 1274 1274 1274 1274 1274 1274 1274 1274 1274 1274 1274 1274 1274 1274 1274 1274 1274 1274 1274 1274 1274 1274 1274 1274 1274 1274 1274 1274 1274 1274 1274 1274 1274 1274 1274 1274 1274 1274 1274 1274 1274 1274 1274 1274 1274 1274 1274 1275 1275 1275 1275 1275 1275 1275 1275 1275 1275 1275 1275 1275 1275 1275 1275 1275 1275 1275 1275 1275 1275 1275 1275 1275 1275 1275 1275 1275 1275 1275 1275 1275 1275 1275 1275 1275 1275 1275 1275 1275 1275 1275 1275 1275 1275 1275 1275 1275 1275 1275 1275 1275 1275 1275 1275 1275 1275 1275 1275 1275 1275 1275 1275 1275 1275 1275 1275 1275 1275 1275 

