Realization 0:
	ActiveActor 0:
		1 0 1 1 1 0 1 0 1 0 1 0 
	PassiveActor 1:
		MolID 0:
			Count:
				0 2925 22804 41137 53308 60222 64448 66625 67403 67031 66134 64444 63204 60865 59344 57642 55561 53473 51347 49625 47844 46265 44629 42823 41495 40028 38395 37264 35965 35104 33734 32786 31868 30706 29917 29044 28104 27363 26456 25817 25167 24484 23966 23375 22874 22311 21655 21088 20550 20195 19786 19195 18780 18625 18001 17713 17277 16910 16578 16274 15929 15588 15320 14949 14801 14491 14267 13907 13719 13392 13119 12872 12741 12552 12377 12155 11923 11684 11427 11378 11232 11065 10910 10785 10626 10659 10289 10089 9923 9754 9540 9435 9369 9306 9170 8991 8763 8704 8436 8322 8302 8201 8087 8013 7882 7923 7824 7652 7627 7602 7423 7306 7221 7147 7039 6884 6917 6780 6790 6546 6498 6507 6584 6446 6291 6253 6230 6121 5960 5991 5924 5784 5849 5809 5730 5597 5572 5485 5446 5426 5380 5292 5350 5234 5118 5125 5058 5022 4967 5003 4913 4851 4776 4723 4619 4577 4514 4548 4543 4480 4368 4372 4308 4194 4161 4178 4110 4113 4084 4065 3978 3947 3934 3957 3901 3839 3891 3868 3845 3847 3801 3789 3675 3709 3754 3766 3619 3575 3479 3512 3441 3429 3379 3355 3298 3265 3245 3319 3293 3272 3158 3145 3139 3179 3191 3131 3104 3050 3044 3080 3060 2972 3013 2958 3020 3028 2977 2851 2873 2834 2726 2772 2735 2794 2785 2801 2776 2768 2799 2710 2717 2645 2660 2661 2635 2606 2611 2627 2531 2582 2624 2594 2546 2562 2496 2472 2442 2435 2471 2375 2381 2285 2295 2400 2414 2391 2352 2244 2267 2250 2230 2233 2223 2168 2180 2150 2117 2105 2101 2130 2177 2107 2059 2039 2070 2057 2059 2046 2045 1986 1957 1974 1972 1940 1904 1922 1855 1925 1969 1952 1958 1930 1947 1897 1909 1868 1834 1888 1882 1833 1837 4865 24559 42570 54929 62381 66709 69396 69566 69202 67957 66422 64312 62623 60613 58732 56865 54873 53170 51485 49654 47902 45986 44187 42917 41647 40207 38949 37670 36661 35691 34508 33426 32636 31515 30604 29865 29252 28355 27775 26787 26036 25701 25194 24369 23767 22931 22511 22035 21811 21323 20808 20375 20023 19645 19061 18731 18377 18158 17721 17388 17170 16943 16552 16191 15893 15548 15481 15007 14800 14509 14297 14147 13895 13646 13431 13453 13187 12953 12816 12532 12339 11965 11737 11687 11451 11264 11087 11074 10862 10818 10726 10568 10510 10338 10134 10017 9778 9681 9597 9370 9343 9200 9248 9137 8985 8926 8773 8701 8672 8655 8519 8323 8288 8199 8121 7944 8005 7851 7628 7557 7360 7338 7428 7367 7492 7358 7155 7087 7082 7071 6886 6806 6873 6787 6688 6645 6610 6526 6430 6379 6276 6280 6231 6063 6123 6024 5943 5896 5836 5847 8748 28476 46636 58687 66271 70345 72626 72946 72614 71608 70002 68242 66260 64267 62421 60313 58282 56565 54617 52754 51265 49579 48095 46376 45033 43801 42308 40923 39954 38696 37692 36546 35726 34383 33500 32577 31748 31072 30297 29706 28904 28187 27800 27049 26604 25950 25563 24808 24471 24115 23689 23032 22753 22272 21873 21472 21121 20481 20028 19767 19415 19144 18958 18706 18519 18097 17849 17653 17264 16958 16797 16312 16147 16079 15703 15541 15374 14989 14819 14497 14495 14345 14066 13774 13598 13523 13438 13196 12973 12688 12675 12561 12305 12197 12051 12024 11961 11609 11528 11413 11249 11154 11036 11028 10821 10820 10693 10600 10629 10399 10405 10245 10255 9906 9882 9901 9720 9533 9479 9468 9280 9176 9143 9094 9005 8854 8898 8665 8530 8563 8495 8294 8321 8233 8133 8117 8053 8048 7933 7932 7899 7780 7686 7630 7625 7528 7459 7446 7442 7292 10243 30030 47871 60158 67382 71557 73685 74438 74007 73030 71110 69654 67545 66109 63722 61765 59764 57902 55781 54137 52481 50740 49438 47908 46210 44657 43508 42419 40921 39942 38891 37722 36733 35778 35005 33847 33034 32253 31541 30903 30212 29627 29053 28240 27776 27239 26762 26279 25649 25084 24578 24231 23645 23414 22884 22307 21899 21694 21179 20895 20637 20431 20061 19728 19487 19028 18733 18495 18283 17821 17654 17431 17147 16846 16789 16563 16159 15940 15769 15614 15489 15250 15055 14871 14832 14570 14394 14120 13898 13769 13585 13538 13292 13099 12974 12802 12718 12496 12450 12287 12273 12082 11980 11844 11824 11690 11582 11478 11352 11420 11278 11112 10956 11008 10797 10578 10512 10440 10391 10251 10246 10112 10038 9839 9719 9644 9729 9622 9493 9522 9574 9480 9333 9247 9142 9171 9036 9034 8895 8806 8693 8628 8613 8439 8458 8334 8323 8173 8121 8034 7931 7855 7827 7791 7602 7655 7528 7495 7417 7438 7421 7444 7287 7366 7215 7347 7321 7202 7130 7046 7047 7066 6971 6888 6888 6849 6766 6749 6660 6626 6550 6485 6488 6387 6493 6582 6578 6438 6372 6334 6309 6338 6259 6242 6147 6066 6038 6072 6091 6065 6079 6012 6007 5909 5869 5874 5870 5805 5761 5775 5747 5622 5645 5596 5582 5424 5433 5390 5389 5521 5408 5426 5309 5214 5165 5159 5235 5139 5113 5054 5085 5070 5068 4966 4920 4948 4897 4915 4827 4825 4805 4836 4845 4693 4805 4751 4794 4705 4651 4609 4557 4611 4624 4504 4445 4482 4430 4486 4522 4484 4484 4342 4401 4416 4304 4267 4213 4301 4258 4298 4223 4261 4269 4253 4166 4117 4091 4100 4106 4033 4054 4042 4046 3966 4047 4011 3994 3995 4021 3994 4006 3938 3899 3886 3976 3862 3838 3915 3895 3897 6858 26598 44794 57113 64425 68312 70540 71260 70504 69727 68103 66303 64718 62657 60623 58730 56804 54839 52934 51178 49384 47829 46150 44545 43298 42123 40922 39561 38374 37418 36487 35105 34172 33260 32603 31625 30848 30087 29478 28544 27794 27350 26851 26420 25548 25026 24715 23915 23572 23131 22544 22126 21681 21412 20937 20678 20154 19746 19466 18972 18622 18499 17995 17818 17384 17097 16815 16762 16581 16212 15885 15620 15580 15386 15144 15054 14788 14722 14350 14070 13911 13792 13673 13286 13028 12971 12799 12834 12748 12613 12549 12326 11987 11745 11624 11568 11577 11404 11161 11193 11022 10938 10747 10618 10568 10515 10423 10211 10193 10176 9999 9938 9896 9791 9611 9496 9370 9304 9324 9344 9189 9110 9137 8941 8902 8676 8708 8796 8622 8473 8407 8329 8237 8058 8136 8084 7863 7813 7790 7724 7718 7667 7511 7327 7418 7386 7263 7253 7282 7326 7144 7125 7108 7115 7054 7067 7006 7019 6881 6728 6771 6770 6705 6594 6555 6480 6411 6384 6302 6363 6473 6355 6342 6319 6318 6224 6259 6171 6170 6006 6046 5981 5972 6014 5939 5834 5802 5834 5736 5755 5665 5770 5676 5603 5561 5605 5512 5543 5420 5445 5465 5347 5376 5380 5400 5316 5344 5233 5245 5128 5224 5092 5012 5108 5028 5045 4972 4953 4997 4916 4889 4939 4757 4730 4669 4595 4661 4688 4682 4645 4631 4602 4573 4617 4642 4651 4610 4547 4450 4483 4422 4443 4375 4366 4426 4350 4242 4219 4299 4315 4319 4258 4206 4212 4089 4058 4071 4042 4038 4091 4103 4024 4136 4096 4077 4093 4005 3924 3957 3992 4037 3950 3962 3974 3928 3890 3810 3832 3726 3804 3833 3809 3811 3780 3794 3841 3741 3778 3720 3733 3662 3649 3634 3619 3601 3571 3605 3747 3683 3589 6595 26395 44241 56418 64053 68228 70171 70839 70321 68934 67831 66411 64631 62183 60005 57912 56430 54724 52868 51154 49141 47692 46014 44550 43231 41901 40550 39440 38326 37187 36067 35418 34452 33354 32548 31628 30892 30094 29278 28451 27718 27143 26550 25970 25288 24749 24310 23862 23341 22859 22250 21712 21410 21013 20626 20194 19960 19506 19277 19014 18553 18084 17764 17585 17240 16983 16661 16565 16149 15944 15809 15600 15330 15081 14822 14556 14392 14138 14051 13937 13624 13467 13317 13085 12923 12795 12632 12531 12338 12096 11933 11945 11752 11669 11447 11289 11344 11245 11149 11052 10988 10692 10556 10507 10504 10363 10283 10045 9926 9829 9815 9647 9501 9532 9437 9398 9358 9320 9253 9210 9027 9072 9114 8903 8766 8659 8617 8502 8481 8325 8165 8232 8222 8266 8111 7936 7922 7896 7876 7641 7639 7659 7550 7495 7563 7569 7430 7313 7347 7178 7162 7201 7082 7043 6927 6754 6811 6848 6839 6741 6753 6611 6593 6571 6578 6477 6470 6436 6435 6403 6245 6204 6156 6113 6175 6070 6082 6065 6067 6062 5964 5873 5896 5872 5803 5837 5704 5805 5636 5613 5550 5489 5455 5511 5584 5483 5450 5439 5409 5366 5383 5357 5295 5318 5259 5295 5297 5183 5177 5215 5123 5174 5038 4997 5016 4939 4917 4907 4884 4927 4920 4994 4842 4781 4727 4688 4742 4797 4685 4702 4716 4555 4622 4521 4509 4575 4513 4507 4479 4437 4493 4483 4439 4394 4361 4322 4319 4313 4298 4243 4229 4246 4224 4246 4145 4172 4102 4064 4093 4021 4037 4135 4086 4066 4069 3991 3970 3953 4004 3981 4004 4082 4036 3930 3937 3929 3946 3887 3864 3871 3774 3818 3799 3748 3716 3753 3751 3743 3688 3681 3655 3686 3664 3616 3635 3695 3664 3598 3581 3576 6568 26574 44561 56693 64030 68463 70619 71229 70659 69814 68176 66263 64454 62522 60291 58203 56111 54597 52742 51033 49485 47937 46086 44717 43405 42310 40772 39205 38010 36957 35954 34979 34301 33167 32289 31637 30742 29975 29116 28497 27792 27327 26638 26077 25541 25008 24510 23909 23299 22916 22501 21984 21686 21088 20559 20449 20055 19733 19372 18960 18574 18136 17883 17652 17411 17044 16697 16566 16188 15947 15854 15587 15336 15139 14847 14538 14432 14253 14129 13983 13830 13562 13437 13385 13086 12967 12770 12676 12353 12350 12170 12013 11944 11855 11524 11321 11232 11263 11136 10978 10944 10687 10534 10413 10367 10291 10294 10050 10055 10014 9815 9805 9604 9644 9591 9374 9426 9297 9231 9241 9007 8987 8763 8755 8577 8569 8449 8377 8253 8220 8180 8089 8028 8037 8016 7933 7905 7800 7800 7793 7555 7608 7598 7463 7292 7279 7261 7178 7167 7099 7132 7122 6906 6912 6839 6871 6799 6778 6733 6638 6574 6542 6595 6458 6496 6511 6477 6368 6292 6360 6335 6102 6101 6079 6052 6086 6010 5952 5941 5932 5806 5828 5758 5660 5648 5670 5606 5599 5591 5682 5559 5574 5558 5468 5460 5471 5367 5249 5246 5219 5234 5207 5217 5194 5120 5159 5186 5072 4999 5041 5000 4945 4863 4929 4945 4894 4913 4864 4867 4790 4818 4836 4852 4716 4707 4736 4703 4735 4678 4643 4560 4429 4473 4390 4470 4408 4459 4452 4480 4485 4364 4416 4267 4284 4250 4203 4149 4171 4200 4155 4229 4192 4201 4121 4097 4057 4024 3984 4025 4015 3947 4005 4039 4022 3973 3971 3976 3951 3951 3883 3879 3876 3804 3879 3903 3978 3926 3809 3785 3783 3791 3748 3753 3680 3761 3696 3752 3699 3674 3698 3662 3571 3587 3614 3661 3618 3592 3616 3559 3531 3452 3518 3434 3464 3546 3498 3532 3444 3484 3459 3376 3395 3352 3451 3431 3316 3330 3382 3445 3384 3366 3321 3291 3245 3273 3350 3355 3376 3314 3317 3267 3252 3256 3213 3202 3179 3203 3141 3188 3175 3151 3082 3163 3048 3066 3077 3048 3066 3094 2974 2949 3006 2976 3025 3008 2922 3014 2940 2962 
	PassiveActor 2:
		MolID 0:
			Count:
				0 0 0 0 5 35 109 307 565 864 1264 1706 2181 2669 3178 3659 4129 4445 4903 5192 5684 5930 6216 6647 6805 6948 7267 7415 7591 7708 7786 7863 7904 7956 8117 8155 8324 8288 8239 8223 8205 8277 8175 8208 8254 8332 8177 8140 8090 8195 8157 7926 8004 7833 7818 7735 7710 7658 7623 7485 7518 7335 7376 7358 7248 7271 7192 7034 6992 7071 6970 6951 6796 6694 6708 6540 6572 6448 6409 6327 6217 6156 6123 6075 6030 6002 5909 5878 5880 5800 5825 5630 5496 5490 5436 5467 5520 5380 5273 5323 5275 5243 5226 5129 5127 5090 4988 4925 4846 4778 4831 4779 4723 4692 4751 4728 4647 4589 4572 4520 4473 4452 4412 4386 4381 4406 4347 4367 4262 4188 4137 4093 4118 4084 4076 3976 3884 3842 3825 3880 3829 3785 3705 3680 3680 3601 3542 3519 3585 3451 3455 3511 3496 3480 3444 3382 3407 3319 3322 3324 3301 3324 3283 3284 3188 3161 3219 3187 3089 3119 3057 3021 3057 3025 2925 2943 2953 2888 2889 2885 2868 2814 2840 2797 2858 2932 2947 2875 2759 2735 2752 2728 2770 2741 2730 2684 2667 2624 2607 2574 2616 2552 2559 2512 2516 2482 2420 2412 2392 2356 2367 2357 2387 2387 2325 2392 2416 2395 2346 2301 2305 2333 2295 2251 2254 2220 2240 2255 2222 2174 2217 2162 2217 2131 2147 2141 2134 2125 2076 2008 2003 2050 2050 1988 1988 1969 1976 1960 1903 1923 1935 1956 1927 1845 1897 1877 1875 1925 1932 1864 1892 1895 1864 1852 1849 1828 1877 1811 1776 1774 1770 1795 1783 1779 1749 1739 1685 1696 1672 1707 1679 1666 1684 1660 1667 1656 1732 1643 1651 1636 1656 1665 1640 1613 1614 1621 1588 1599 1632 1631 1660 1613 1612 1549 1544 1567 1664 1845 2110 2450 2881 3245 3772 4222 4743 5230 5692 6080 6578 6862 7178 7497 7917 8168 8402 8633 8785 8983 8982 9122 9192 9284 9454 9578 9662 9758 9707 9662 9587 9583 9671 9565 9482 9443 9381 9502 9448 9317 9383 9375 9353 9306 9093 8997 8997 8926 8957 8913 8728 8670 8710 8765 8618 8561 8510 8462 8437 8315 8316 8203 8175 8182 8016 7883 7807 7720 7614 7610 7558 7505 7422 7258 7324 7331 7182 7054 7099 7019 6909 6866 6806 6775 6743 6674 6628 6607 6473 6490 6532 6393 6357 6340 6337 6135 6096 6184 6041 6061 6018 6003 5834 5781 5854 5672 5658 5643 5456 5462 5568 5535 5478 5455 5422 5426 5312 5242 5242 5200 5223 5194 5086 5000 5051 4993 5024 4980 4904 4817 4835 4754 4742 4774 4745 4768 4659 4717 4592 4539 4448 4484 4478 4491 4394 4360 4337 4407 4461 4608 4798 5140 5495 5844 6350 6876 7348 7710 8206 8702 9043 9431 9669 10190 10362 10688 10864 11155 11370 11499 11511 11560 11687 11844 11968 11896 12014 12004 12053 12130 11995 11964 11766 11698 11850 11794 11831 11809 11785 11781 11949 11748 11743 11526 11330 11198 11153 11040 11216 11048 10753 10839 10709 10662 10428 10423 10285 10318 10179 10169 10083 10026 9923 9803 9643 9640 9560 9480 9383 9291 9257 9226 9140 9017 8975 8935 8903 8814 8660 8731 8721 8498 8447 8296 8217 8306 8236 8113 8068 8080 7849 7801 7970 7819 7812 7755 7638 7682 7551 7670 7596 7518 7491 7387 7344 7378 7224 7116 7143 7142 7105 7052 6997 6919 6831 6945 6826 6852 6744 6630 6625 6665 6605 6540 6481 6325 6314 6286 6187 6094 6117 6116 6064 5972 5923 5956 5860 5890 5763 5820 5702 5744 5655 5696 5653 5554 5636 5602 5635 5816 6032 6259 6565 7038 7430 7925 8420 8896 9366 9813 10122 10610 10714 11088 11415 11586 11743 11892 12302 12360 12288 12606 12617 12667 12636 12852 12876 12921 12966 13033 13014 12958 13014 13069 12964 12943 12848 12939 12744 12822 12572 12584 12559 12473 12246 12172 12209 12087 12165 11952 11852 11852 11765 11667 11405 11326 11277 11186 10915 10919 10916 10959 10845 10703 10602 10656 10528 10365 10368 10177 10070 9998 9945 9836 9794 9779 9835 9727 9565 9603 9478 9484 9418 9323 9274 9215 9162 9058 9125 8924 8935 8836 8902 8769 8818 8616 8563 8553 8500 8521 8391 8208 8215 8146 8070 7914 7965 7973 7961 7842 7860 7761 7785 7671 7629 7656 7583 7481 7447 7399 7373 7332 7180 7100 7184 7066 7204 7110 7124 7030 6883 6902 6852 6777 6688 6687 6774 6642 6638 6609 6609 6369 6419 6397 6319 6238 6192 6094 6196 6164 6230 6159 6109 6232 6134 6162 6043 5964 5810 5891 5908 5934 5791 5832 5856 5723 5735 5723 5745 5705 5708 5636 5639 5604 5564 5458 5446 5372 5367 5332 5294 5196 5109 5069 5155 5078 5180 5136 5205 5137 5046 5061 5135 5022 5039 4979 4960 4981 4865 4933 4952 4855 4740 4849 4910 4825 4781 4782 4729 4719 4636 4612 4608 4611 4475 4501 4496 4478 4382 4435 4404 4346 4419 4376 4286 4306 4282 4169 4199 4232 4255 4293 4245 4199 4153 4200 4223 4137 4220 4187 4214 4188 4087 4133 4135 4067 4101 4086 3983 3922 3972 3916 3841 3879 3892 3816 3871 3830 3821 3800 3769 3765 3746 3713 3743 3758 3731 3793 3794 3751 3759 3759 3672 3565 3590 3583 3522 3542 3482 3490 3494 3620 3540 3519 3458 3466 3478 3460 3430 3468 3432 3445 3414 3412 3423 3407 3399 3428 3445 3584 3832 4175 4534 4944 5523 6048 6411 6865 7463 7846 8219 8581 8869 9276 9503 9787 10099 10214 10347 10478 10770 10879 11031 11112 11313 11338 11325 11334 11318 11420 11387 11381 11316 11313 11356 11162 11195 11259 11101 11107 11104 10931 10829 10824 10709 10779 10692 10546 10448 10375 10198 10186 10133 10029 10166 10135 10094 10001 9936 9729 9727 9775 9708 9541 9667 9594 9385 9340 9360 9316 9293 9131 8990 9004 8857 8874 8739 8650 8550 8479 8398 8498 8312 8214 8149 8136 8168 7917 8089 8002 7988 7999 8097 7907 7764 7829 7764 7647 7626 7549 7491 7427 7342 7346 7222 7133 7072 6961 7018 7048 6990 6921 6838 6709 6726 6635 6791 6739 6782 6674 6600 6448 6418 6332 6414 6406 6419 6323 6342 6287 6181 6186 6112 6018 6111 6017 6031 5966 5890 5854 5931 5873 5890 5901 5948 5880 5875 5773 5819 5726 5711 5672 5609 5561 5453 5515 5442 5388 5457 5454 5404 5342 5286 5320 5369 5296 5285 5220 5165 5170 5097 5072 5008 4925 4904 4978 4947 4899 4947 4855 4857 4761 4833 4756 4762 4761 4711 4727 4724 4715 4721 4662 4623 4467 4591 4543 4545 4527 4485 4375 4359 4431 4390 4364 4398 4331 4309 4267 4210 4265 4218 4373 4214 4253 4236 4132 4140 4079 3993 3954 3956 4006 3934 3912 3931 4008 3968 3941 3941 3913 3921 3885 3902 3935 3808 3883 3931 3856 3914 3845 3774 3788 3803 3829 3744 3727 3730 3715 3703 3690 3707 3669 3666 3638 3683 3672 3587 3537 3516 3561 3531 3563 3537 3571 3535 3527 3484 3387 3485 3429 3351 3443 3377 3351 3255 3298 3250 3214 3240 3133 3235 3208 3205 3175 3162 3188 3184 3241 3242 3248 3207 3226 3267 3183 3154 3206 3107 3184 3321 3368 3693 4041 4428 4856 5242 5703 6208 6610 7066 7511 7982 8311 8637 9030 9344 9625 9793 10017 10212 10419 10627 10817 10961 11039 11041 11039 11110 11121 11239 11356 11191 11216 11114 11231 11335 11178 11170 11032 11053 10919 10790 10812 10864 10855 10684 10782 10644 10609 10641 10526 10428 10146 10063 10207 9971 10000 9881 10043 9940 9837 9746 9849 9596 9502 9399 9258 9178 9228 9209 9253 9198 9156 8933 8977 8888 8790 8721 8716 8581 8480 8379 8450 8397 8325 8212 8173 8153 8085 7995 7843 7745 7700 7619 7579 7554 7476 7459 7448 7486 7409 7401 7304 7260 7284 7298 7329 7139 7053 7085 7057 7043 7038 6929 6900 6751 6576 6632 6663 6664 6514 6456 6410 6368 6265 6324 6372 6270 6178 6201 6052 6147 6079 5982 5892 6063 6040 5997 5948 5900 5853 5848 5806 5779 5757 5650 5771 5600 5554 5509 5467 5462 5348 5468 5482 5483 5370 5343 5271 5320 5320 5247 5259 5238 5235 5112 5053 4991 4994 4983 4988 5040 4964 4979 4970 4905 4957 5005 4960 4905 4807 4765 4787 4714 4729 4542 4635 4688 4677 4742 4618 4607 4726 4608 4518 4474 4445 4428 4412 4390 4401 4374 4353 4347 4335 4288 4300 4309 4295 4256 4296 4290 4185 4284 4333 4340 4203 4160 4148 4081 4109 4076 4027 4034 4006 3996 4017 3999 4020 3868 3929 3970 3949 3833 3826 3842 3890 3866 3847 3849 3810 3792 3757 3754 3727 3711 3697 3670 3709 3666 3576 3615 3619 3631 3579 3607 3600 3556 3540 3516 3587 3641 3531 3554 3499 3488 3456 3448 3442 3412 3446 3435 3404 3362 3341 3284 3305 3321 3272 3277 3281 3251 3192 3217 3214 3142 3202 3238 3169 3196 3141 3247 3202 3197 3132 3138 3102 3144 3138 3167 3347 3599 3923 4327 4748 5275 5783 6273 6754 7173 7575 7999 8453 8852 8999 9268 9538 9884 10105 10349 10534 10596 10743 10803 10904 10997 10990 11124 11154 11158 11228 11214 11194 11160 11180 11116 11089 11055 11012 10931 11022 10934 10962 10909 10854 10839 10678 10554 10402 10542 10411 10203 10071 10163 10161 10068 10068 9811 9858 9884 9771 9495 9446 9484 9487 9361 9195 9141 9148 8991 8999 8982 8858 8912 8873 8759 8651 8615 8625 8465 8386 8413 8283 8315 8178 8150 8122 8026 7931 7997 7753 7831 7786 7628 7680 7513 7537 7383 7444 7431 7351 7328 7300 7209 7157 7132 7081 6998 6978 6980 6959 6958 6864 6834 6732 6713 6702 6608 6571 6596 6482 6366 6373 6345 6316 6376 6314 6277 6237 6309 6184 6122 6069 5995 6025 5982 5952 5829 5771 5646 5615 5642 5647 5659 5656 5524 5497 5542 5411 5374 5349 5314 5344 5391 5301 5238 5134 5205 5163 5099 5161 5214 5237 5159 5167 5069 5158 5144 5140 5092 5092 4958 4952 4985 4879 4885 4939 4982 4878 4803 4862 4861 4738 4718 4674 4708 4610 4596 4545 4568 4523 4458 4369 4496 4396 4456 4336 4384 4417 4411 4370 4363 4419 4393 4379 4390 4342 4226 4182 4284 4236 4248 4183 4191 4180 4138 4108 4078 4067 4047 4010 4014 4060 4058 4027 4088 4047 4063 4002 3967 4019 3964 3937 3968 3945 3956 3913 3853 3820 3891 3888 3808 3809 3840 3757 3767 3753 3804 3760 3696 3682 3710 3694 3678 3662 3651 3642 3641 3603 3572 3602 3664 3618 3555 3534 3463 3500 3529 3488 3521 3522 3572 3554 3454 3410 3434 3449 3473 3402 3435 3379 3395 3373 3326 3270 3304 3181 3323 3318 3323 3275 3320 3272 3249 3197 3185 3159 3170 3184 3105 3084 3055 3058 3072 3003 3094 3058 3017 3023 3030 3017 3049 3023 3036 3052 3081 3037 3050 3066 2946 2958 3000 2950 2936 2986 3008 2997 2871 2912 2852 2891 2883 2922 2845 2842 2886 2881 2802 2793 2817 2797 2796 2775 2827 2790 2816 2836 2723 2809 2784 2748 2661 2683 
	PassiveActor 3:
		MolID 0:
			Count:
				0 0 0 0 0 0 0 0 0 0 0 0 0 0 0 0 0 0 0 0 0 1 1 2 7 7 12 10 14 19 16 20 32 33 41 49 63 78 90 92 100 120 118 115 132 128 157 172 196 189 202 216 219 230 247 269 296 324 324 357 359 370 391 399 414 448 444 462 501 530 514 508 506 544 583 578 606 618 654 658 640 657 655 666 688 676 714 709 734 708 722 708 760 765 751 767 750 795 808 813 822 871 909 899 922 916 932 932 940 951 896 929 946 922 928 938 949 958 965 936 952 974 947 920 949 866 925 945 977 974 991 993 995 993 1025 1010 1016 1003 1018 1005 1010 986 1010 1015 1031 1048 1012 1068 1088 1058 1043 1026 1030 1003 1017 1077 1035 1032 1050 1038 1023 1025 1033 1007 1049 980 1025 1025 1039 1047 1052 1010 1056 1026 1034 1044 1041 1036 1055 1032 1041 1038 1051 1050 1024 1016 1007 1024 983 1042 1023 1042 1036 1026 993 976 1005 1025 1042 961 988 1000 963 982 995 990 959 977 979 992 1028 1005 997 977 1007 1021 1004 999 1048 974 1010 1029 1018 954 985 980 998 1034 1034 1006 981 949 929 959 934 925 870 917 914 932 945 909 946 935 929 916 885 931 910 918 983 949 903 893 903 879 883 876 847 865 866 886 851 845 845 912 927 907 921 906 912 930 923 918 899 908 876 876 881 909 912 895 869 866 871 880 851 852 860 864 884 882 867 872 868 886 878 850 850 847 821 836 824 813 796 794 800 830 852 856 860 854 808 822 788 797 812 830 881 809 813 824 824 829 814 811 790 785 809 813 797 803 800 802 801 824 849 824 869 882 909 902 908 907 924 913 853 928 960 931 979 984 980 998 1017 1049 1086 1053 1055 1093 1024 1099 1116 1099 1148 1138 1150 1190 1227 1195 1225 1215 1282 1233 1289 1302 1311 1306 1289 1374 1363 1331 1371 1348 1401 1344 1405 1380 1423 1450 1453 1462 1450 1460 1432 1449 1486 1518 1589 1565 1534 1580 1545 1567 1554 1586 1581 1539 1545 1486 1544 1515 1477 1578 1595 1599 1612 1614 1579 1612 1622 1691 1607 1606 1638 1663 1646 1671 1665 1628 1626 1659 1660 1648 1632 1645 1584 1658 1620 1659 1622 1601 1617 1612 1637 1651 1619 1634 1678 1643 1622 1625 1586 1608 1600 1582 1559 1567 1614 1607 1596 1615 1629 1549 1630 1603 1628 1670 1635 1680 1654 1683 1701 1673 1675 1629 1645 1629 1591 1616 1635 1627 1629 1582 1590 1612 1594 1636 1673 1678 1712 1699 1701 1728 1732 1732 1726 1702 1663 1710 1735 1752 1779 1785 1831 1831 1841 1819 1880 1921 1873 1939 1989 1943 1977 1973 2006 2022 2000 2003 1975 2038 2061 2081 2041 2026 2045 2098 2059 2135 2148 2184 2226 2134 2180 2171 2214 2192 2216 2233 2251 2198 2264 2251 2223 2167 2186 2197 2233 2221 2267 2254 2288 2273 2287 2262 2268 2251 2284 2287 2331 2310 2318 2302 2332 2342 2360 2387 2390 2356 2348 2312 2355 2305 2335 2370 2376 2336 2350 2384 2373 2393 2357 2357 2365 2341 2399 2371 2313 2265 2235 2261 2262 2293 2309 2341 2286 2283 2277 2283 2277 2306 2277 2230 2333 2337 2364 2343 2292 2327 2301 2316 2284 2258 2241 2235 2244 2267 2269 2293 2363 2353 2317 2305 2295 2321 2311 2339 2320 2256 2282 2214 2259 2283 2300 2221 2208 2234 2289 2230 2220 2220 2274 2304 2286 2305 2322 2375 2430 2357 2353 2381 2375 2432 2433 2408 2392 2392 2438 2466 2566 2583 2568 2608 2564 2537 2558 2553 2631 2654 2641 2625 2697 2711 2700 2622 2586 2642 2606 2614 2710 2663 2725 2725 2688 2697 2706 2731 2723 2764 2739 2677 2760 2715 2824 2788 2819 2826 2869 2785 2817 2847 2855 2832 2804 2813 2860 2872 2878 2886 2878 2847 2825 2880 2871 2861 2907 2931 2894 2818 2836 2887 2886 2786 2904 2819 2873 2823 2872 2822 2842 2795 2785 2798 2861 2775 2804 2832 2816 2762 2733 2840 2798 2849 2878 2774 2789 2830 2836 2784 2770 2800 2885 2886 2864 2883 2790 2797 2792 2791 2723 2719 2755 2771 2786 2807 2761 2764 2835 2790 2815 2808 2806 2860 2836 2792 2795 2778 2745 2788 2696 2754 2799 2764 2770 2800 2771 2801 2669 2690 2717 2706 2704 2686 2635 2619 2628 2598 2647 2621 2613 2543 2605 2620 2584 2563 2584 2604 2574 2593 2553 2566 2563 2636 2626 2550 2535 2504 2580 2547 2504 2490 2500 2551 2440 2463 2473 2466 2511 2485 2518 2507 2472 2539 2477 2487 2537 2474 2451 2451 2459 2422 2391 2356 2413 2312 2359 2375 2383 2371 2343 2361 2334 2352 2372 2371 2376 2357 2362 2358 2342 2348 2344 2337 2290 2345 2314 2294 2305 2336 2397 2318 2292 2301 2335 2347 2298 2258 2302 2242 2247 2228 2195 2159 2249 2241 2225 2160 2209 2234 2205 2224 2185 2216 2194 2126 2172 2163 2165 2109 2109 2132 2158 2136 2094 2127 2095 2119 2189 2129 2114 2199 2177 2178 2136 2134 2105 2112 2169 2163 2169 2120 2150 2175 2127 2149 2143 2069 2061 2041 1979 2026 2086 2086 2053 2142 2127 2137 2173 2162 2166 2163 2068 2110 2130 2144 2118 2186 2165 2170 2190 2193 2151 2117 2209 2239 2260 2269 2304 2298 2272 2331 2379 2359 2419 2364 2429 2431 2401 2426 2499 2477 2493 2467 2453 2508 2557 2542 2507 2523 2568 2623 2588 2634 2614 2645 2663 2603 2592 2590 2621 2607 2674 2639 2630 2644 2549 2553 2554 2659 2649 2571 2671 2584 2630 2619 2620 2654 2684 2635 2633 2640 2682 2716 2753 2749 2745 2671 2686 2660 2688 2647 2629 2669 2678 2691 2724 2707 2708 2783 2801 2795 2743 2681 2745 2724 2726 2691 2738 2780 2818 2738 2793 2777 2719 2639 2717 2713 2698 2706 2765 2731 2667 2647 2740 2711 2686 2715 2736 2690 2731 2709 2701 2710 2720 2696 2625 2637 2594 2568 2565 2600 2638 2614 2621 2597 2617 2624 2588 2563 2582 2594 2608 2541 2532 2534 2568 2546 2578 2554 2593 2574 2543 2575 2592 2604 2543 2593 2586 2561 2535 2526 2508 2617 2543 2562 2570 2526 2505 2497 2520 2494 2444 2462 2466 2387 2469 2429 2429 2417 2431 2424 2417 2419 2476 2395 2414 2376 2352 2322 2424 2387 2417 2376 2486 2408 2341 2373 2333 2362 2385 2351 2344 2330 2294 2229 2264 2310 2282 2346 2300 2330 2267 2367 2326 2271 2219 2236 2256 2245 2226 2193 2250 2288 2203 2198 2234 2287 2250 2235 2214 2173 2174 2180 2151 2162 2192 2146 2163 2196 2202 2183 2111 2075 2090 2106 2131 2122 2142 2165 2199 2140 2146 2107 2036 2045 1998 2046 2014 2081 2147 2143 2153 2130 2070 2008 2073 2081 2151 2097 2057 2071 2101 2031 2093 2027 2064 2072 1997 1987 2065 2034 2032 2064 2017 2084 2072 2060 2045 2022 1975 2022 2059 2024 2026 1984 2069 2079 2009 2034 1978 1950 1986 2013 2036 2051 2057 2105 2135 2181 2147 2090 2117 2192 2215 2194 2193 2272 2257 2230 2271 2306 2330 2376 2338 2349 2357 2418 2408 2413 2420 2435 2450 2466 2436 2413 2417 2470 2550 2494 2445 2452 2427 2475 2420 2452 2509 2541 2523 2526 2609 2580 2539 2539 2559 2621 2635 2653 2702 2642 2598 2565 2587 2588 2640 2616 2688 2702 2667 2635 2678 2689 2642 2635 2628 2684 2690 2687 2613 2647 2679 2668 2701 2669 2668 2671 2675 2745 2716 2661 2678 2659 2627 2583 2644 2711 2675 2766 2741 2719 2690 2719 2698 2732 2713 2685 2587 2664 2631 2596 2588 2685 2677 2668 2644 2662 2628 2703 2664 2607 2563 2616 2649 2601 2629 2643 2683 2631 2646 2636 2670 2652 2650 2562 2604 2704 2681 2634 2612 2594 2613 2639 2617 2589 2588 2585 2553 2599 2602 2575 2588 2553 2593 2524 2537 2555 2543 2543 2485 2552 2571 2548 2566 2469 2463 2535 2574 2527 2473 2522 2494 2499 2486 2507 2493 2474 2432 2456 2464 2483 2486 2452 2437 2383 2386 2382 2361 2393 2424 2335 2349 2428 2332 2343 2325 2390 2407 2455 2428 2423 2382 2404 2345 2394 2412 2391 2407 2355 2362 2333 2313 2349 2295 2285 2283 2202 2295 2308 2260 2227 2302 2271 2238 2281 2289 2310 2297 2219 2156 2181 2170 2175 2134 2172 2182 2178 2153 2149 2165 2226 2122 2155 2220 2225 2226 2188 2168 2205 2202 2207 2124 2175 2105 2128 2129 2159 2184 2135 2114 2187 2187 2150 2180 2188 2186 2162 2174 2133 2082 2053 2055 2062 2068 2139 2118 2095 2064 2111 2043 2066 2065 2085 2066 2109 2150 2095 2115 2086 2051 2037 1975 2022 2000 2062 2042 2038 2032 2023 1998 1997 2047 2051 2066 2075 2108 2167 2199 2158 2204 2223 2159 2199 2218 2201 2235 2215 2272 2282 2275 2327 2362 2277 2299 2270 2372 2392 2387 2356 2408 2369 2443 2461 2440 2440 2399 2438 2480 2492 2477 2434 2528 2466 2436 2506 2514 2516 2536 2530 2567 2584 2629 2623 2698 2672 2613 2581 2618 2676 2706 2660 2731 2754 2712 2674 2658 2643 2631 2683 2664 2655 2715 2627 2757 2704 2723 2680 2672 2675 2675 2708 2677 2708 2712 2760 2720 2716 2825 2735 2784 2775 2725 2707 2740 2767 2797 2721 2807 2750 2769 2698 2690 2769 2771 2734 2781 2749 2706 2749 2714 2660 2701 2712 2682 2671 2631 2673 2674 2679 2693 2736 2739 2753 2760 2721 2648 2616 2615 2640 2668 2691 2648 2619 2546 2563 2539 2617 2597 2588 2589 2655 2571 2601 2622 2572 2626 2584 2669 2658 2657 2633 2545 2532 2544 2558 2538 2487 2542 2543 2561 2520 2584 2557 2594 2554 2513 2524 2508 2500 2499 2488 2527 2546 2489 2506 2547 2544 2468 2550 2542 2505 2495 2538 2534 2498 2515 2536 2559 2527 2534 2532 2496 2543 2477 2500 2475 2462 2488 2462 2497 2519 2469 2465 2391 2396 2330 2360 2371 2414 2396 2431 2362 2380 2390 2383 2335 2315 2367 2424 2382 2382 2343 2293 2287 2320 2279 2352 2322 2361 2269 2269 2310 2337 2288 2290 2305 2237 2258 2279 2322 2219 2243 2242 2217 2199 2180 2184 2193 2249 2243 2232 2244 2226 2221 2236 2166 2193 2205 2174 2125 2162 2217 2214 2185 2175 2156 2190 2172 2114 2146 2158 2104 2119 2095 2101 2084 2079 2118 2117 2078 2052 2034 2104 2027 2001 2014 2053 2112 2068 2059 2006 1987 2056 1999 2014 2057 2037 2042 2036 2040 2012 2024 2072 2052 2095 2071 1985 1980 2087 2081 2087 2038 2067 1979 1999 1991 1994 1939 1925 1908 1920 

