Realization 0:
	ActiveActor 0:
		0 1 0 0 0 0 1 1 0 0 0 1 0 0 0 0 0 1 0 0 1 1 
	PassiveActor 1:
		MolID 0:
			Count:
				0 2 2 6 6 4 3 1 3 5 3 0 0 1 0 0 0 0 0 0 0 0 0 0 0 0 0 0 0 0 0 0 0 0 0 0 0 0 0 0 0 0 0 0 0 0 0 0 0 0 0 0 0 0 0 0 0 0 0 0 0 0 0 0 0 0 0 0 0 0 0 0 0 0 0 0 0 0 0 0 0 0 0 0 0 0 0 1 0 0 0 0 0 0 0 0 0 0 0 0 0 0 0 0 0 0 0 0 0 0 0 0 0 0 0 0 0 0 0 0 0 0 0 0 0 0 0 0 0 0 0 0 0 0 0 0 0 0 0 0 0 0 0 0 0 0 0 0 0 0 0 0 0 0 0 0 0 0 0 0 0 0 0 0 0 0 0 0 0 0 0 0 0 0 0 0 0 0 0 0 0 0 0 0 0 0 0 0 0 0 0 0 0 0 0 0 0 0 0 0 0 0 0 0 0 0 0 0 0 0 0 0 0 0 0 0 0 0 0 0 0 0 0 0 0 0 0 0 0 0 0 0 0 0 0 0 0 0 0 0 0 0 0 0 0 0 0 0 0 0 0 0 0 0 0 0 0 0 0 0 0 0 0 0 0 0 0 0 0 0 0 0 0 0 0 0 0 0 0 0 0 0 0 0 0 0 0 0 0 0 0 0 0 0 0 0 0 0 0 0 0 15 12 13 7 19 11 15 11 11 17 1 0 0 0 1 0 0 0 0 0 0 0 0 1 0 1 0 0 0 0 0 0 0 0 0 0 0 0 0 0 0 0 0 0 0 0 0 0 0 0 0 0 0 0 0 0 0 0 0 0 0 0 0 0 0 0 0 0 0 0 0 0 0 0 0 0 0 0 0 0 0 0 0 0 0 0 0 0 0 0 0 0 0 0 0 0 0 0 0 0 0 0 0 0 0 0 0 0 0 0 0 0 0 0 0 0 0 0 0 0 0 0 0 0 0 0 0 0 0 0 0 0 0 0 0 0 0 0 0 0 0 0 0 0 0 0 0 0 0 0 0 0 0 0 0 0 0 0 0 0 0 0 0 0 0 0 0 0 0 0 0 0 0 0 0 0 0 0 0 0 0 1 0 0 0 0 0 0 0 0 0 0 0 0 0 0 0 0 0 0 4 5 5 5 1 4 6 5 4 2 0 1 0 0 0 1 0 0 0 0 0 0 0 0 0 1 0 0 0 0 0 0 0 0 0 0 0 0 0 0 0 0 0 0 0 0 0 0 0 0 0 0 0 0 0 0 0 0 0 0 0 0 0 0 0 0 0 0 0 0 0 0 0 0 0 0 0 0 0 0 0 0 0 0 0 0 0 0 0 0 0 0 0 0 0 0 0 0 0 0 0 0 0 0 0 0 0 0 0 0 0 0 0 0 0 0 0 0 0 0 0 0 0 0 0 0 0 0 0 0 0 0 0 0 0 0 0 0 0 0 0 0 0 0 0 0 0 0 0 0 0 0 0 0 0 0 0 0 0 0 0 0 0 0 0 0 0 0 0 0 0 0 0 0 0 0 0 0 0 0 0 0 0 0 0 0 0 0 0 0 0 0 0 0 0 0 0 0 0 0 0 0 0 0 0 0 0 1 0 0 0 0 0 0 0 0 0 0 0 0 0 0 0 0 0 0 0 0 0 0 0 0 0 0 0 0 0 0 0 0 0 0 0 0 0 0 0 0 0 0 0 0 0 0 0 0 0 0 0 0 0 0 0 0 0 0 0 0 0 0 0 0 0 0 0 0 0 0 0 0 0 0 0 0 0 0 0 0 0 0 0 0 0 0 0 0 0 0 0 0 7 7 6 5 5 6 5 6 1 5 0 0 0 1 0 0 0 0 0 0 0 1 0 0 0 0 0 0 0 0 0 0 0 0 0 0 0 0 0 0 0 0 0 0 0 0 0 0 0 0 0 0 0 0 0 0 0 0 0 0 0 0 0 0 0 0 0 0 0 0 0 0 0 0 0 0 0 0 0 0 0 1 1 0 0 0 0 0 0 0 0 0 0 0 0 0 0 0 0 0 0 0 0 0 0 0 0 0 0 0 0 0 0 0 0 0 0 0 0 0 0 0 0 0 0 0 0 0 0 0 0 0 0 0 0 0 0 0 0 0 0 0 0 0 0 0 0 0 0 0 0 0 0 0 0 0 0 0 0 0 0 0 0 0 0 0 0 0 0 0 0 0 0 0 0 0 0 0 0 0 0 0 0 0 0 0 0 0 0 0 0 0 0 0 0 0 0 0 0 
	PassiveActor 2:
		MolID 1:
			Count:
				0 0 0 0 1 3 4 4 5 6 6 7 13 16 20 23 27 27 29 34 38 42 43 43 46 47 48 51 52 53 54 54 56 56 56 56 58 59 59 59 59 60 62 62 62 62 62 62 63 64 64 65 66 67 67 67 67 67 67 67 67 68 68 68 70 70 71 71 71 71 71 71 73 73 74 74 74 74 74 74 75 75 75 75 76 76 77 77 77 78 78 78 78 80 82 82 82 83 83 83 84 84 84 84 84 84 84 84 84 84 84 84 84 84 84 84 84 84 84 84 84 85 85 85 85 85 85 85 85 85 85 85 85 85 85 85 85 85 85 85 85 85 85 85 85 85 85 85 86 86 86 86 86 86 86 86 86 86 86 86 86 86 86 86 86 86 86 86 86 86 86 87 87 87 87 87 87 88 88 88 88 88 88 88 88 88 88 88 88 88 88 88 88 88 88 88 88 88 88 88 88 88 88 88 88 88 88 88 89 89 89 89 89 89 89 89 89 90 90 90 90 90 90 90 90 90 90 90 90 90 90 91 91 91 92 92 92 92 92 93 93 93 93 93 93 93 93 93 93 93 93 93 93 93 93 93 93 93 93 93 93 93 93 93 93 93 93 93 94 94 94 95 95 95 95 95 95 95 95 95 95 95 95 96 96 96 96 96 96 96 96 96 96 96 96 97 97 97 97 97 97 97 97 97 99 103 112 116 125 137 144 157 170 176 191 201 210 217 229 239 249 255 261 268 272 276 279 285 292 300 303 304 307 308 312 316 320 324 326 327 330 334 338 339 343 343 348 348 349 350 353 353 354 357 360 361 363 363 365 365 365 366 367 369 370 371 371 371 371 372 372 372 372 373 373 373 375 376 376 376 378 378 378 379 380 384 385 387 388 388 388 388 390 391 391 391 393 393 393 393 394 394 395 396 396 396 398 398 398 399 399 400 401 401 401 401 401 403 405 406 406 406 407 407 407 407 407 407 407 407 407 408 409 409 409 409 409 409 409 409 409 409 410 411 411 412 412 413 413 413 413 413 415 415 415 415 415 415 416 416 416 416 416 416 416 416 416 416 416 416 416 416 417 417 417 417 418 418 418 418 418 418 418 418 418 418 418 418 418 418 418 418 419 419 419 419 419 419 419 419 419 419 419 419 420 421 423 425 426 428 435 440 447 452 456 461 464 464 467 468 471 473 475 478 480 482 483 485 485 487 488 488 488 489 491 492 494 495 497 498 502 503 503 504 505 505 505 507 508 508 508 508 509 510 510 510 511 511 512 513 513 516 516 516 516 516 517 518 518 518 518 518 519 521 521 522 522 522 523 523 523 524 524 524 524 524 524 524 525 526 527 527 527 527 527 527 528 529 529 529 529 529 529 529 529 529 529 529 530 530 530 530 530 531 531 532 532 532 532 533 534 534 534 535 535 535 535 536 536 537 537 537 537 537 537 538 538 538 538 538 539 539 539 539 539 539 539 540 540 540 540 540 540 540 540 540 540 540 540 541 541 542 542 542 544 544 544 544 544 544 544 544 544 545 545 545 545 545 545 545 545 545 545 545 546 546 546 547 547 547 547 547 547 547 547 547 547 547 547 548 548 549 550 550 550 550 550 550 550 550 550 550 550 550 550 550 550 550 550 550 550 550 550 550 550 550 550 550 550 551 551 551 552 552 552 552 552 552 552 552 552 552 552 552 552 552 554 554 554 557 557 557 557 557 557 557 558 558 558 558 558 558 558 559 559 560 560 560 561 561 561 561 562 563 563 563 563 563 563 563 563 564 564 564 564 564 564 564 564 564 564 564 564 564 564 564 564 564 564 564 565 565 565 565 566 568 569 574 577 579 580 585 591 593 594 596 596 598 601 604 607 612 616 618 623 625 625 628 631 631 631 631 632 632 634 634 634 637 639 639 639 642 642 643 644 644 647 647 648 650 650 650 651 652 654 655 655 657 658 659 661 661 663 665 665 666 666 666 666 666 667 667 667 667 667 667 667 667 667 667 667 668 669 669 669 669 669 669 669 669 669 669 669 669 669 669 670 670 671 672 672 672 672 674 676 676 676 677 678 679 680 680 680 680 680 680 680 680 680 680 680 681 682 682 682 682 683 683 683 684 685 685 685 685 685 685 685 685 685 685 685 686 687 688 688 688 690 690 690 690 692 694 694 694 694 694 696 697 697 697 698 698 698 698 698 698 698 698 698 698 698 698 698 699 700 701 701 701 701 701 701 701 701 702 702 702 702 702 702 703 703 704 704 704 704 705 705 705 705 705 
	PassiveActor 3:
		MolID 0:
			Count:
				0 76 177 275 375 465 567 647 752 852 942 941 935 932 928 925 921 921 919 914 910 906 905 905 902 901 900 897 896 895 894 894 892 892 892 892 890 889 889 889 889 888 886 886 886 886 886 886 885 884 884 883 882 881 881 881 881 881 881 881 881 880 880 880 878 878 877 877 877 877 877 877 875 875 874 874 874 874 874 874 873 873 873 873 872 872 871 871 871 870 870 870 870 868 866 866 866 865 865 865 864 864 864 864 864 864 864 864 864 864 864 864 864 864 864 864 864 864 864 864 864 863 863 863 863 863 863 863 863 863 863 863 863 863 863 863 863 863 863 863 863 863 863 863 863 863 863 863 862 862 862 862 862 862 862 862 862 862 862 862 862 862 862 862 862 862 862 862 862 862 862 861 861 861 861 861 861 860 860 860 860 860 860 860 860 860 860 860 860 860 860 860 860 860 860 860 860 860 860 860 860 860 860 860 860 860 860 860 859 859 859 859 859 859 859 859 859 858 858 858 858 858 858 858 858 858 858 858 858 858 858 857 857 857 856 856 856 856 856 855 855 855 855 855 855 855 855 855 855 855 855 855 855 855 855 855 855 855 855 855 855 855 855 855 855 855 855 855 854 854 854 853 853 853 853 853 853 853 853 853 853 853 853 852 852 852 852 852 852 852 852 852 852 852 852 851 851 851 851 851 851 1137 1472 1764 2007 2294 2563 2861 3133 3418 3706 3693 3680 3674 3659 3649 3640 3633 3621 3611 3601 3595 3589 3582 3578 3574 3571 3565 3558 3550 3547 3546 3543 3542 3538 3534 3530 3526 3524 3523 3520 3516 3512 3511 3507 3507 3502 3502 3501 3500 3497 3497 3496 3493 3490 3489 3487 3487 3485 3485 3485 3484 3483 3481 3480 3479 3479 3479 3479 3478 3478 3478 3478 3477 3477 3477 3475 3474 3474 3474 3472 3472 3472 3471 3470 3466 3465 3463 3462 3462 3462 3462 3460 3459 3459 3459 3457 3457 3457 3457 3456 3456 3455 3454 3454 3454 3452 3452 3452 3451 3451 3450 3449 3449 3449 3449 3449 3447 3445 3444 3444 3444 3443 3443 3443 3443 3443 3443 3443 3443 3443 3442 3441 3441 3441 3441 3441 3441 3441 3441 3441 3441 3440 3439 3439 3438 3438 3437 3437 3437 3437 3437 3435 3435 3435 3435 3435 3435 3434 3434 3434 3434 3434 3434 3434 3434 3434 3434 3434 3434 3434 3434 3433 3433 3433 3433 3432 3432 3432 3432 3432 3432 3432 3432 3432 3432 3432 3432 3432 3432 3432 3432 3431 3431 3431 3431 3431 3431 3431 3431 3431 3530 3630 3729 3822 3900 3986 4068 4165 4259 4346 4341 4334 4329 4325 4320 4317 4317 4314 4313 4310 4308 4306 4303 4301 4299 4298 4296 4296 4294 4293 4293 4293 4292 4290 4289 4287 4286 4284 4283 4279 4278 4278 4277 4276 4276 4276 4274 4273 4273 4273 4273 4272 4271 4271 4271 4270 4270 4269 4268 4268 4265 4265 4265 4265 4265 4264 4263 4263 4263 4263 4263 4262 4260 4260 4259 4259 4259 4258 4258 4258 4257 4257 4257 4257 4257 4257 4257 4256 4255 4254 4254 4254 4254 4254 4254 4253 4252 4252 4252 4252 4252 4252 4252 4252 4252 4252 4252 4251 4251 4251 4251 4251 4250 4250 4249 4249 4249 4249 4248 4247 4247 4247 4246 4246 4246 4246 4245 4245 4244 4244 4244 4244 4244 4244 4243 4243 4243 4243 4243 4242 4242 4242 4242 4242 4242 4242 4241 4241 4241 4241 4241 4241 4241 4241 4241 4241 4241 4241 4240 4240 4239 4239 4239 4237 4237 4237 4237 4237 4237 4237 4237 4237 4236 4236 4236 4236 4236 4236 4236 4236 4236 4236 4236 4235 4235 4235 4234 4234 4234 4234 4234 4234 4234 4234 4234 4234 4234 4234 4233 4233 4232 4231 4231 4231 4231 4231 4231 4231 4231 4231 4231 4231 4231 4231 4231 4231 4231 4231 4231 4231 4231 4231 4231 4231 4231 4231 4231 4231 4230 4230 4230 4229 4229 4229 4229 4229 4229 4229 4229 4229 4229 4229 4229 4229 4229 4227 4227 4227 4224 4224 4224 4224 4224 4224 4224 4223 4223 4223 4223 4223 4223 4223 4222 4222 4221 4221 4221 4220 4220 4220 4220 4219 4218 4218 4218 4218 4218 4218 4218 4218 4217 4217 4217 4217 4217 4217 4217 4217 4217 4217 4217 4217 4217 4217 4217 4217 4217 4217 4217 4216 4325 4437 4525 4619 4716 4817 4919 5012 5086 5182 5177 5171 5169 5168 5166 5166 5164 5161 5158 5155 5150 5146 5144 5139 5137 5137 5134 5131 5131 5131 5131 5130 5130 5128 5128 5128 5125 5123 5123 5123 5120 5120 5119 5118 5118 5115 5115 5114 5112 5112 5112 5111 5110 5108 5107 5107 5105 5104 5103 5101 5101 5099 5097 5097 5096 5096 5096 5096 5096 5095 5095 5095 5095 5095 5095 5095 5095 5095 5095 5095 5094 5093 5093 5093 5093 5093 5093 5093 5093 5093 5093 5093 5093 5093 5093 5092 5092 5091 5090 5090 5090 5090 5088 5086 5086 5086 5085 5084 5083 5082 5082 5082 5082 5082 5082 5082 5082 5082 5082 5082 5081 5080 5080 5080 5080 5079 5079 5079 5078 5077 5077 5077 5077 5077 5077 5077 5077 5077 5077 5077 5076 5075 5074 5074 5074 5072 5072 5072 5072 5070 5068 5068 5068 5068 5068 5066 5065 5065 5065 5064 5064 5064 5064 5064 5064 5064 5064 5064 5064 5064 5064 5064 5063 5062 5061 5061 5061 5061 5061 5061 5061 5061 5060 5060 5060 5060 5060 5060 5059 5059 5058 5058 5058 5058 5057 5057 5057 5057 5057 

