Realization 0:
	ActiveActor 0:
		1 1 1 1 0 1 1 1 0 0 1 1 
	PassiveActor 1:
		MolID 0:
			Count:
				0 1 5 1 1 2 1 0 1 2 1 1 0 0 0 0 0 0 0 0 1 0 0 0 0 0 0 0 0 0 0 0 0 0 0 0 0 0 0 0 0 0 0 0 0 0 0 0 0 0 0 0 0 0 0 0 0 0 0 0 0 0 0 0 0 0 0 0 0 0 0 0 0 0 0 0 0 0 0 0 0 0 0 0 0 0 0 0 0 0 0 0 0 0 0 0 0 0 0 0 0 2 2 3 3 2 1 3 2 3 2 0 1 0 0 0 0 0 0 0 0 0 0 0 0 0 0 0 0 0 0 0 0 0 0 0 0 0 0 0 0 0 0 0 0 0 0 0 0 0 0 0 0 0 0 0 0 0 0 0 0 0 0 0 0 0 0 0 0 0 0 0 0 0 0 0 0 0 0 0 0 0 0 0 0 0 0 0 0 0 0 0 0 0 0 0 0 0 0 0 0 1 1 1 0 2 0 1 0 0 2 0 0 0 0 0 0 0 0 0 0 0 0 0 0 0 0 0 0 0 0 0 0 0 0 1 0 0 0 0 0 0 0 0 0 0 0 0 0 0 0 0 0 0 0 0 0 0 0 0 0 0 0 0 0 0 0 0 0 0 0 0 0 0 0 0 0 0 0 0 0 0 0 0 0 0 0 0 0 0 0 0 0 0 0 0 0 0 0 0 0 0 3 2 1 0 0 2 3 2 2 1 0 0 0 0 0 0 0 0 0 0 0 0 0 0 0 0 0 0 0 0 0 0 0 0 0 0 0 0 0 0 0 0 0 0 0 0 0 0 0 0 0 0 0 0 0 0 0 0 0 0 0 0 0 0 0 0 0 0 0 0 0 0 0 0 0 0 0 0 0 0 0 0 0 0 0 0 0 0 0 0 0 0 0 0 0 0 0 0 0 0 0 0 0 0 0 0 0 0 0 0 0 0 0 0 0 0 0 0 0 0 0 0 0 0 0 0 0 0 0 0 0 0 0 0 0 0 0 0 0 0 0 0 0 0 0 0 0 0 0 0 0 0 0 0 0 0 0 0 0 0 0 0 0 0 0 0 0 0 0 0 0 0 0 0 0 0 0 0 0 0 0 0 0 0 0 0 0 0 0 0 0 0 0 0 0 0 0 0 0 0 2 2 0 0 5 0 2 1 1 0 0 0 0 0 0 0 0 0 0 0 0 0 0 0 0 0 0 0 0 0 0 0 0 0 0 0 0 0 0 0 0 0 0 0 0 0 0 0 0 0 0 0 0 0 0 0 0 0 0 0 0 0 0 0 0 0 0 0 0 0 0 0 0 0 0 0 0 0 0 0 0 0 0 0 0 0 0 0 0 0 0 0 0 0 0 0 0 0 0 0 0 0 0 0 0 0 0 0 0 0 0 0 0 0 0 0 0 0 0 0 0 0 0 0 0 0 0 0 0 0 0 0 0 0 0 0 0 0 0 0 0 0 0 0 0 0 0 0 0 0 0 0 0 0 0 0 0 0 0 0 0 0 0 0 0 0 0 0 0 0 0 0 0 0 0 0 0 0 0 0 0 0 0 0 0 0 0 0 0 0 0 0 0 0 0 0 0 0 0 0 0 0 0 0 0 0 0 0 0 0 0 0 0 0 0 0 0 0 0 0 0 0 0 0 0 0 0 0 0 0 0 0 0 0 0 0 0 0 0 0 0 0 0 0 0 0 0 0 0 0 0 0 0 0 0 0 0 0 0 0 0 0 0 0 0 0 0 0 0 0 0 0 0 0 0 0 0 0 0 0 0 0 0 0 0 0 0 0 0 0 0 0 0 0 0 0 0 0 0 0 0 0 0 0 0 0 0 0 0 0 0 0 0 0 0 0 0 0 0 0 0 0 0 0 0 0 0 0 0 0 0 0 0 0 0 0 0 0 0 0 0 0 0 0 0 0 0 0 0 0 0 0 0 0 0 0 0 0 0 0 0 0 0 0 0 0 0 0 0 0 0 0 0 0 0 0 0 0 0 0 0 0 0 0 0 0 0 0 0 0 0 0 0 0 0 0 0 0 0 0 0 0 0 0 0 0 0 0 0 0 0 0 0 0 0 0 0 0 0 0 0 0 0 0 0 0 0 0 0 0 0 0 0 0 0 0 0 0 0 0 0 0 0 0 0 0 0 0 0 0 0 0 0 0 0 0 0 0 0 0 0 0 0 0 0 0 0 0 0 0 0 0 0 0 0 0 0 0 0 0 0 0 0 0 0 0 0 0 0 0 0 0 0 0 0 0 0 0 
	PassiveActor 2:
		MolID 1:
			Count:
				0 0 0 0 0 2 3 4 5 6 7 7 9 9 9 10 10 13 14 14 14 16 16 17 18 19 20 21 23 24 24 24 24 25 27 28 28 29 30 30 30 30 30 30 30 30 31 31 31 32 32 32 32 32 32 32 32 32 32 32 32 32 33 33 34 34 34 34 34 34 35 35 35 35 36 36 36 36 36 36 36 36 36 36 36 36 36 36 36 36 36 36 36 36 36 36 36 36 36 36 36 36 36 36 36 36 37 37 38 41 44 46 48 48 49 51 51 52 52 53 55 58 58 58 59 62 63 64 65 66 66 66 66 66 66 66 66 66 67 67 67 69 69 69 69 69 71 71 71 72 72 72 72 72 72 72 72 72 73 73 73 73 74 75 75 75 76 76 76 76 76 76 76 76 76 76 76 76 76 76 76 76 76 76 76 76 76 76 76 76 76 76 77 77 77 77 77 77 77 77 77 77 77 77 77 77 77 77 77 78 78 79 81 81 81 81 81 82 83 84 84 85 85 85 85 85 86 86 86 86 87 88 88 88 89 89 89 89 90 90 90 90 90 90 91 91 91 92 92 93 93 93 93 93 93 93 93 93 93 93 93 93 93 93 93 93 94 94 94 94 94 94 94 94 94 94 94 94 94 94 94 94 94 94 94 94 95 95 95 96 96 96 96 96 96 96 96 96 96 96 96 96 96 96 96 96 99 100 102 103 103 103 103 108 110 110 112 112 115 117 117 118 119 120 120 121 121 121 123 124 124 124 128 128 129 129 129 130 130 130 131 132 132 135 135 135 135 135 135 135 135 135 135 135 135 135 135 135 135 135 135 135 135 136 136 137 138 138 138 138 138 138 138 139 139 139 140 140 140 141 141 141 141 141 141 141 141 141 141 141 141 141 141 141 142 142 142 142 143 144 144 144 144 144 145 145 146 146 146 146 146 147 147 147 147 147 147 148 148 148 148 148 149 150 151 151 151 151 151 151 151 151 151 151 151 151 151 151 151 151 152 152 152 152 152 152 152 152 152 152 152 153 153 153 153 153 153 153 153 153 153 153 154 154 155 155 155 155 155 155 155 155 156 156 156 156 156 156 156 156 156 156 156 156 156 156 156 157 157 157 157 158 158 158 158 158 158 158 158 158 158 158 158 158 158 158 160 161 162 163 163 163 164 164 166 169 169 169 169 170 171 173 173 173 175 175 176 177 177 177 177 177 179 181 181 181 181 181 181 183 183 184 184 184 184 185 185 185 185 185 186 186 186 186 186 186 186 188 188 188 188 188 188 188 191 191 191 191 191 192 192 193 193 193 193 194 194 194 194 194 194 194 194 194 194 194 194 194 194 194 194 194 194 194 195 195 195 196 197 197 197 197 197 197 197 197 197 197 197 197 197 197 197 197 197 197 197 197 197 198 198 198 199 199 199 200 200 200 200 200 200 200 201 202 202 202 202 202 202 202 202 202 202 202 202 202 202 202 202 203 204 204 204 204 204 204 205 205 205 205 205 205 205 205 205 205 205 205 205 206 206 206 206 206 206 206 206 206 206 206 206 206 206 206 206 206 206 206 206 206 206 206 206 206 206 206 206 206 206 206 206 206 206 206 206 206 206 206 206 207 207 207 207 207 207 207 207 208 208 208 208 208 209 209 209 209 209 209 209 209 209 209 209 209 209 209 209 210 210 210 210 210 210 210 210 210 210 210 210 210 210 210 210 211 211 211 211 211 211 211 211 211 211 211 211 211 211 211 211 211 211 211 211 211 211 212 212 212 212 212 212 212 212 212 212 212 212 213 213 213 213 213 213 213 213 214 214 214 214 214 214 215 215 215 215 215 215 215 216 216 216 216 216 216 216 216 216 216 216 216 216 216 216 216 216 216 216 216 216 216 216 216 216 216 216 216 216 216 216 216 216 216 216 216 216 216 216 216 216 216 216 216 216 216 216 216 216 216 216 216 216 216 216 216 216 216 216 216 216 216 216 216 216 216 216 216 216 216 216 216 217 218 218 218 218 218 218 218 218 218 218 218 218 218 218 219 219 219 219 219 219 219 219 219 219 219 219 219 219 219 219 219 219 219 219 219 219 219 219 219 219 219 219 219 219 219 219 219 219 219 219 219 219 219 219 219 219 219 219 219 219 219 219 219 219 219 219 219 219 219 219 219 219 219 219 219 219 220 220 220 220 220 220 220 220 220 220 220 220 220 220 220 220 220 220 220 220 220 220 220 220 220 220 220 220 220 220 220 220 221 221 221 221 221 221 221 221 221 221 221 
	PassiveActor 3:
		MolID 0:
			Count:
				0 39 75 119 148 174 214 247 269 309 341 341 339 339 339 338 338 335 334 334 334 332 332 331 330 329 328 327 325 324 324 324 324 323 321 320 320 319 318 318 318 318 318 318 318 318 317 317 317 316 316 316 316 316 316 316 316 316 316 316 316 316 315 315 314 314 314 314 314 314 313 313 313 313 312 312 312 312 312 312 312 312 312 312 312 312 312 312 312 312 312 312 312 312 312 312 312 312 312 312 312 351 381 420 458 503 538 579 626 661 686 684 682 682 681 679 679 678 678 677 675 672 672 672 671 668 667 666 665 664 664 664 664 664 664 664 664 664 663 663 663 661 661 661 661 661 659 659 659 658 658 658 658 658 658 658 658 658 657 657 657 657 656 655 655 655 654 654 654 654 654 654 654 654 654 654 654 654 654 654 654 654 654 654 654 654 654 654 654 654 654 654 653 653 653 653 653 653 653 653 653 665 675 689 701 715 733 747 761 775 792 791 789 789 789 789 789 788 787 786 786 785 785 785 785 785 784 784 784 784 783 782 782 782 781 781 781 781 780 780 780 780 780 780 779 779 779 778 778 777 777 777 777 777 777 777 777 777 777 777 777 777 777 777 777 777 776 776 776 776 776 776 776 776 776 776 776 776 776 776 776 776 776 776 776 776 775 775 775 774 774 774 774 774 774 774 774 774 774 774 774 813 859 893 927 969 1001 1034 1073 1101 1136 1136 1136 1131 1129 1129 1127 1127 1124 1122 1122 1121 1120 1119 1119 1118 1118 1118 1116 1115 1115 1115 1111 1111 1110 1110 1110 1109 1109 1109 1108 1107 1107 1104 1104 1104 1104 1104 1104 1104 1104 1104 1104 1104 1104 1104 1104 1104 1104 1104 1104 1104 1104 1103 1103 1102 1101 1101 1101 1101 1101 1101 1101 1100 1100 1100 1099 1099 1099 1098 1098 1098 1098 1098 1098 1098 1098 1098 1098 1098 1098 1098 1098 1098 1097 1097 1097 1097 1096 1095 1095 1095 1095 1095 1094 1094 1093 1093 1093 1093 1093 1092 1092 1092 1092 1092 1092 1091 1091 1091 1091 1091 1090 1089 1088 1088 1088 1088 1088 1088 1088 1088 1088 1088 1088 1088 1088 1088 1088 1088 1087 1087 1087 1087 1087 1087 1087 1087 1087 1087 1087 1086 1086 1086 1086 1086 1086 1086 1086 1086 1086 1086 1085 1085 1084 1084 1084 1084 1084 1084 1084 1084 1083 1083 1083 1083 1083 1083 1083 1083 1083 1083 1083 1083 1083 1083 1083 1082 1082 1082 1082 1081 1081 1081 1081 1081 1081 1081 1081 1081 1081 1113 1146 1181 1212 1244 1277 1313 1344 1378 1413 1413 1412 1412 1410 1407 1407 1407 1407 1406 1405 1403 1403 1403 1401 1401 1400 1399 1399 1399 1399 1399 1397 1395 1395 1395 1395 1395 1395 1393 1393 1392 1392 1392 1392 1391 1391 1391 1391 1391 1390 1390 1390 1390 1390 1390 1390 1388 1388 1388 1388 1388 1388 1388 1385 1385 1385 1385 1385 1384 1384 1383 1383 1383 1383 1382 1382 1382 1382 1382 1382 1382 1382 1382 1382 1382 1382 1382 1382 1382 1382 1382 1382 1382 1381 1381 1381 1380 1379 1379 1379 1379 1379 1379 1379 1379 1379 1379 1379 1379 1379 1379 1379 1379 1379 1379 1379 1379 1379 1378 1378 1378 1377 1377 1377 1376 1376 1376 1376 1376 1376 1376 1375 1374 1374 1374 1374 1374 1374 1374 1374 1374 1374 1374 1374 1374 1374 1374 1374 1373 1372 1372 1372 1372 1372 1372 1371 1371 1371 1371 1371 1371 1371 1371 1371 1371 1371 1371 1371 1370 1370 1370 1370 1370 1370 1370 1370 1370 1370 1370 1370 1370 1370 1370 1370 1370 1370 1370 1370 1370 1370 1370 1370 1370 1370 1370 1370 1370 1370 1370 1370 1370 1370 1370 1370 1370 1370 1370 1370 1369 1369 1369 1369 1369 1369 1369 1369 1368 1368 1368 1368 1368 1367 1367 1367 1367 1367 1367 1367 1367 1367 1367 1367 1367 1367 1367 1367 1366 1366 1366 1366 1366 1366 1366 1366 1366 1366 1366 1366 1366 1366 1366 1366 1365 1365 1365 1365 1365 1365 1365 1365 1365 1365 1365 1365 1365 1365 1365 1365 1365 1365 1365 1365 1365 1365 1364 1364 1364 1364 1364 1364 1364 1364 1364 1364 1364 1364 1363 1363 1363 1363 1363 1363 1363 1363 1362 1362 1362 1362 1362 1362 1361 1361 1361 1361 1361 1361 1361 1360 1360 1360 1360 1360 1360 1360 1360 1360 1360 1360 1360 1360 1360 1360 1360 1360 1360 1360 1360 1360 1360 1360 1360 1360 1360 1360 1360 1360 1360 1360 1360 1360 1360 1360 1360 1360 1360 1360 1360 1360 1360 1360 1360 1360 1360 1360 1360 1360 1360 1360 1360 1360 1360 1360 1360 1360 1360 1360 1360 1360 1360 1360 1360 1360 1360 1360 1360 1360 1360 1360 1360 1359 1358 1358 1358 1358 1358 1358 1358 1358 1358 1358 1358 1358 1358 1358 1357 1357 1357 1357 1357 1357 1357 1357 1357 1357 1357 1357 1357 1357 1357 1357 1357 1357 1357 1357 1357 1357 1357 1357 1357 1357 1357 1357 1357 1357 1357 1357 1357 1357 1357 1357 1357 1357 1357 1357 1357 1357 1357 1357 1357 1357 1357 1357 1357 1357 1357 1357 1357 1357 1357 1357 1357 1357 1357 1357 1357 1357 1356 1356 1356 1356 1356 1356 1356 1356 1356 1356 1356 1356 1356 1356 1356 1356 1356 1356 1356 1356 1356 1356 1356 1356 1356 1356 1356 1356 1356 1356 1356 1356 1355 1355 1355 1355 1355 1355 1355 1355 1355 1355 1355 

